data_and_outputs/predictor_data/021/bioclim_12.asc
NCOLS 1199 
NROWS 625 
XLLCORNER -17.966918 
YLLCORNER -10.0196949358429 
CELLSIZE 0.0416666688395203 
NODATA_value -9999 
[rows 72 to 107 of 625, columns 729 to 809 of 1199]
350 352 353 355 357 359 359 359 357 357 355 353 356 355 354 354 353 353 352 352 351 352 353 352 352 352 352 351 351 351 350 349 349 349 347 347 346 345 344 345 344 342 340 340 340 339 338 338 337 338 338 340 342 342 345 347 353 356 360 365 368 371 371 371 371 370 369 368 369 369 370 371 370 372 374 377 378 381 383 385 385
357 361 363 363 364 366 366 365 366 366 365 365 363 362 362 362 362 362 361 360 361 360 360 358 360 359 359 359 360 360 357 359 358 357 356 355 354 352 352 351 350 348 347 346 345 347 346 345 344 344 345 347 349 349 352 355 358 364 370 374 378 381 382 381 379 377 375 373 373 374 373 374 377 377 379 380 384 387 389 390 389
369 370 373 372 373 373 374 374 374 373 373 372 374 373 372 371 371 371 371 370 370 370 371 369 368 367 369 368 367 367 366 365 364 363 362 361 361 359 358 357 358 357 356 355 353 352 351 350 350 353 352 352 353 354 358 361 365 372 377 383 389 392 394 391 388 383 381 378 378 378 378 381 381 383 382 384 387 388 390 391 391
379 379 380 380 382 382 381 382 383 382 382 381 380 379 380 381 381 379 379 378 379 378 378 377 377 376 374 375 376 375 373 372 373 372 370 369 368 367 368 365 364 364 362 361 360 359 361 360 359 359 358 358 360 360 363 367 373 378 383 391 399 406 406 402 395 388 384 382 382 382 383 382 384 384 387 387 390 394 394 395 395
388 389 390 389 390 392 392 391 390 389 389 391 390 388 388 387 387 388 388 387 385 387 387 386 385 386 385 384 382 382 381 380 381 380 377 378 378 377 375 374 371 370 368 370 368 367 367 365 364 365 363 364 365 367 369 372 375 383 390 400 410 419 421 412 402 391 386 385 385 385 385 388 389 391 390 393 393 396 397 398 400
396 396 399 399 399 398 398 398 400 399 397 396 397 397 398 398 396 396 395 395 395 394 394 394 394 392 392 393 394 393 390 389 389 388 386 385 383 382 380 381 382 381 377 376 375 374 373 372 371 370 371 370 370 371 373 375 379 388 396 404 415 425 426 417 404 395 390 391 390 390 391 391 393 393 395 396 397 399 400 400 402
407 408 408 407 409 409 409 408 407 407 409 409 407 407 405 405 406 405 404 403 402 404 403 404 403 404 402 401 400 400 400 399 397 396 394 394 394 393 390 389 387 386 385 383 384 382 380 379 377 378 377 376 376 376 376 380 382 387 395 407 416 423 422 417 410 401 396 395 395 395 394 397 397 397 398 399 400 402 402 404 406
420 419 419 418 419 418 418 419 419 418 417 417 416 418 417 416 415 415 415 415 414 413 412 413 412 411 413 411 410 408 407 407 406 405 404 402 402 401 399 398 396 395 395 393 391 391 389 389 387 385 382 383 382 381 382 380 383 391 399 407 413 418 420 417 412 408 403 398 397 398 400 399 400 401 402 403 402 405 406 407 408
429 429 428 428 429 429 427 426 425 426 426 426 424 424 423 425 425 425 424 424 423 423 422 421 421 420 419 418 418 417 417 417 415 414 414 413 411 408 407 407 406 404 402 401 398 398 397 395 393 393 392 390 387 388 386 386 388 394 401 409 414 417 419 417 412 410 407 406 403 403 403 404 405 403 404 405 407 407 409 410 410
437 437 436 436 439 437 437 436 436 436 435 436 435 435 434 434 434 433 433 432 432 433 432 431 429 430 429 428 428 426 426 426 425 423 421 420 418 419 418 416 414 412 411 411 410 407 404 402 401 400 399 398 397 394 395 394 394 398 404 409 415 416 417 416 416 411 410 410 408 407 407 406 406 409 407 409 409 412 411 414 412
447 446 447 446 446 446 446 445 444 444 445 445 444 445 444 443 443 442 443 442 440 439 441 440 440 441 440 439 438 437 435 433 433 432 431 430 429 426 425 424 423 421 419 417 416 415 415 413 411 407 406 405 404 404 402 402 403 405 409 413 414 418 418 418 416 416 414 410 411 410 410 411 411 411 413 413 413 412 415 415 417
459 458 457 457 456 456 455 454 455 455 455 454 453 452 453 452 453 451 451 451 451 450 451 451 450 449 448 447 448 446 445 443 443 442 442 440 439 438 434 434 433 432 430 426 427 425 422 421 418 418 416 414 413 411 409 409 412 412 415 416 418 419 420 419 418 419 416 417 414 414 414 414 416 414 415 416 416 417 418 417 418
470 470 469 468 466 466 466 464 464 462 464 464 463 463 463 462 462 462 462 462 463 463 460 459 460 459 459 457 455 455 456 456 453 452 451 449 447 446 446 443 442 438 438 437 435 433 431 430 428 426 424 423 421 419 417 418 420 418 421 420 422 421 421 422 422 420 419 420 419 419 418 419 419 421 418 420 420 421 420 423 423
481 480 479 478 478 477 477 476 475 475 475 475 475 473 473 472 472 473 472 472 470 470 470 470 469 470 467 468 466 466 466 464 463 461 460 460 459 456 454 452 449 450 448 446 444 442 442 439 436 434 435 430 430 428 428 427 427 427 427 425 424 425 424 424 422 422 422 423 424 421 423 420 423 423 424 422 423 423 425 423 426
490 488 489 485 485 486 485 485 483 483 483 482 482 483 483 483 482 481 481 480 480 479 480 478 477 478 479 478 476 474 473 473 472 472 470 468 468 467 463 463 462 459 457 455 455 451 450 448 446 443 443 442 439 438 438 437 435 434 433 433 431 431 429 428 426 425 426 425 426 424 425 426 425 426 427 427 428 426 425 428 427
497 497 497 496 494 493 492 494 494 493 492 492 492 490 491 491 492 490 491 490 489 489 489 490 488 486 487 488 486 484 483 484 483 481 480 479 476 475 475 473 470 469 469 465 462 461 460 457 455 454 453 449 450 448 446 444 442 443 441 439 435 434 433 430 430 428 428 428 429 429 429 431 429 429 431 430 429 430 430 430 431
509 506 506 505 504 503 503 503 502 502 501 501 501 501 500 500 500 498 499 500 499 501 497 499 497 497 496 496 495 496 494 493 491 490 489 489 488 486 484 481 479 479 476 475 472 470 471 467 466 464 460 460 458 458 454 454 452 451 448 446 442 438 436 433 434 434 432 433 434 436 437 435 435 433 435 433 434 434 432 433 436
518 518 517 516 516 514 513 511 511 511 512 512 512 512 509 508 509 509 508 510 511 509 509 510 508 507 507 508 507 505 505 502 501 502 501 499 498 497 493 492 491 487 486 486 484 482 480 476 475 474 472 471 468 467 466 464 462 460 457 454 450 445 441 438 437 437 437 438 439 439 440 440 441 439 439 439 439 440 437 436 438
530 528 527 526 526 526 524 523 523 522 520 521 521 520 520 519 520 521 520 519 519 519 518 518 519 520 517 519 517 515 514 514 513 512 511 509 508 507 504 502 500 498 497 495 493 491 489 488 487 483 482 480 479 478 478 474 474 472 467 464 460 452 446 443 443 444 444 445 447 446 445 446 446 444 442 445 444 443 441 441 442
539 538 538 536 536 534 534 534 532 532 532 531 531 531 530 530 529 531 530 529 527 528 528 530 530 529 528 527 527 527 524 524 523 523 521 521 519 517 514 513 510 509 507 505 503 500 500 498 497 494 492 490 489 488 486 485 484 481 479 476 471 465 457 453 453 453 452 451 452 452 452 451 451 451 448 448 447 447 446 444 445
548 548 545 545 543 543 542 543 543 541 540 540 540 540 540 540 540 539 538 538 538 539 539 538 540 537 537 539 538 537 535 534 533 532 533 531 528 527 524 523 522 519 517 516 514 511 511 508 506 504 503 501 500 498 496 495 495 492 491 488 486 480 473 467 466 464 463 461 459 458 459 457 456 456 455 455 454 454 451 451 449
557 557 557 556 555 552 552 552 552 551 549 549 549 549 550 549 549 549 548 548 548 550 550 549 550 548 550 549 549 548 545 546 545 544 543 542 539 539 537 533 533 530 528 528 526 523 520 518 515 515 514 512 511 510 507 507 505 505 503 504 504 500 492 483 480 476 473 469 469 467 465 465 463 462 461 461 457 457 457 457 454
568 568 566 566 566 565 564 564 562 561 562 559 558 558 558 560 560 559 559 560 560 561 559 559 563 561 560 561 559 560 558 556 557 555 554 553 552 550 547 544 543 542 540 537 536 533 531 530 527 525 524 521 520 519 517 517 516 517 517 516 518 521 513 501 493 489 485 480 479 477 472 471 471 469 469 468 465 464 463 463 462
578 576 576 575 575 575 574 573 572 571 572 572 569 570 570 569 569 569 569 570 569 571 570 570 573 573 571 573 572 570 569 568 569 567 565 563 562 559 558 557 553 551 550 546 545 543 542 540 538 535 534 532 531 529 530 529 528 528 526 528 530 529 524 513 507 499 494 492 487 485 482 480 477 475 473 474 472 471 469 468 468
588 586 585 585 582 581 581 580 581 581 582 582 582 580 580 580 582 581 578 580 580 582 582 584 582 582 583 582 581 582 582 580 579 576 575 574 573 572 568 567 563 561 559 559 557 553 552 550 549 544 544 544 542 540 539 537 537 538 538 537 536 536 529 523 516 512 504 500 497 492 490 487 485 483 480 479 478 478 476 476 475
595 595 593 593 593 591 590 589 589 590 592 591 591 591 590 590 590 590 589 589 590 591 591 593 595 595 594 593 594 593 592 590 589 589 586 585 582 581 578 576 576 573 569 568 566 563 561 560 558 556 554 553 551 549 549 548 546 546 544 545 544 541 537 531 526 520 513 509 504 502 496 495 492 491 490 486 485 486 484 484 484
604 604 602 602 601 600 600 600 600 600 600 600 600 600 600 599 599 600 601 601 600 601 602 604 604 606 603 606 605 603 603 603 602 602 599 596 595 593 590 588 586 583 581 579 577 575 573 572 570 567 563 563 561 561 557 556 556 555 554 552 551 548 544 539 532 526 521 515 510 507 505 502 499 498 498 495 494 493 493 492 492
615 615 613 611 611 612 612 610 610 610 611 611 612 612 612 612 610 612 612 612 615 614 615 615 616 618 617 617 616 617 617 616 615 613 612 611 608 604 602 600 596 596 591 591 588 587 583 582 578 577 574 573 571 570 566 565 564 563 562 559 557 553 550 546 540 535 528 525 520 516 514 510 508 505 504 504 501 502 502 500 501
625 622 624 623 622 622 623 621 620 620 621 622 622 622 622 623 624 623 624 624 626 626 626 628 628 627 629 630 629 630 628 628 627 624 623 621 620 617 613 612 608 607 602 601 598 595 592 589 587 585 583 581 578 577 576 577 574 573 570 567 564 561 557 552 548 543 536 530 527 524 522 519 517 514 512 511 509 510 510 509 510
634 632 633 633 631 630 631 631 631 630 631 632 632 633 633 634 634 634 635 633 634 637 637 639 640 642 640 642 642 641 641 639 638 636 633 632 630 628 626 622 617 617 613 610 608 605 602 599 597 595 595 590 589 587 587 583 582 580 576 575 574 569 565 558 553 547 543 537 533 530 526 525 522 522 520 521 518 517 518 519 520
644 643 641 642 643 640 640 640 640 638 640 641 642 642 642 643 643 644 645 647 646 648 648 650 651 652 652 654 653 654 652 653 650 649 646 643 640 638 635 632 628 626 623 619 619 615 612 609 607 605 601 599 598 596 594 592 590 587 587 582 579 576 572 567 562 557 548 544 541 538 535 533 531 529 529 528 528 526 527 528 530
652 652 650 650 651 650 650 650 650 650 652 650 651 651 652 653 654 657 656 657 656 660 662 660 662 664 665 664 667 667 665 664 661 659 656 655 654 649 646 643 639 638 634 630 628 625 621 618 617 615 612 611 607 604 602 600 598 596 595 590 588 582 580 575 569 564 558 552 548 546 545 543 540 539 536 536 534 535 536 537 539
663 663 664 660 660 661 661 659 659 660 661 662 662 662 663 664 666 666 667 668 669 670 673 676 675 676 678 679 678 680 679 678 677 674 671 668 664 660 657 655 650 649 644 641 638 636 630 629 627 623 621 620 616 613 611 609 606 604 600 598 595 592 588 583 579 574 567 563 558 555 554 552 550 548 546 544 544 545 546 547 549
673 672 670 670 669 669 669 669 669 669 671 673 673 673 675 675 677 676 676 678 682 681 685 687 687 688 690 690 692 690 690 689 687 684 683 678 674 670 667 664 660 658 653 650 647 645 640 638 635 632 629 627 623 623 621 617 615 612 611 609 605 603 598 595 588 586 580 576 573 568 565 561 560 557 555 554 552 552 554 554 557
682 680 680 680 678 677 677 678 678 681 681 681 680 680 682 683 685 687 688 688 690 693 696 698 699 700 702 704 703 705 705 703 701 696 694 688 685 682 679 673 670 668 664 660 657 654 650 647 645 641 639 635 633 630 629 625 625 622 619 616 613 610 605 603 600 597 593 590 586 581 576 572 568 565 562 562 560 559 560 563 566
689 689 690 688 689 689 688 688 688 688 689 689 690 691 694 694 695 696 697 699 702 704 704 707 709 712 712 715 715 716 717 714 711 707 704 699 694 691 687 683 679 674 673 668 665 661 660 656 655 649 647 644 640 639 636 633 631 630 626 623 620 619 615 612 610 607 606 602 599 593 588 582 577 571 570 566 565 567 570 572 574
