data_and_outputs/predictor_data/021/bioclim_17.asc
NCOLS 1199 
NROWS 625 
XLLCORNER -17.966918 
YLLCORNER -10.0196949358429 
CELLSIZE 0.0416666688395203 
NODATA_value -9999 
[rows 240 to 279 of 625, columns 900 to 989 of 1199]
12 13 13 13 13 13 13 13 13 13 14 14 14 14 14 14 14 15 14 14 14 14 14 14 14 15 15 16 16 16 16 16 17 18 17 18 18 18 19 19 19 18 18 18 18 18 17 17 16 16 15 15 15 14 14 14 13 13 13 13 12 12 12 12 12 12 12 12 12 12 12 12 12 12 13 13 12 13 13 13 13 14 14 14 14 14 14 14 14 14
13 14 14 14 14 14 14 14 15 14 14 15 15 15 15 15 15 15 15 15 15 15 15 15 15 15 15 17 17 17 17 17 17 18 18 18 19 19 19 19 19 19 19 19 18 18 17 17 16 16 16 15 15 15 14 14 14 14 14 13 13 13 13 12 12 12 12 12 12 12 12 13 13 13 13 13 13 13 13 13 13 14 14 15 15 15 14 15 15 15
14 15 15 15 14 14 14 15 16 15 15 15 15 15 15 15 15 16 16 15 16 16 16 15 15 15 15 17 17 17 17 17 17 18 18 19 19 19 20 20 20 19 19 19 19 18 18 17 17 17 16 16 16 15 15 15 15 14 14 14 14 13 13 13 13 13 13 13 13 13 13 13 13 13 13 13 14 14 13 14 14 14 15 15 15 15 15 15 15 15
15 15 15 15 15 15 15 15 15 15 15 15 15 15 15 15 16 16 16 16 16 16 16 16 16 15 15 16 16 17 17 17 18 19 19 19 20 20 20 20 20 19 19 19 19 19 18 18 17 17 17 16 16 15 15 15 15 14 14 14 14 14 14 14 13 13 13 13 13 13 13 13 13 14 14 14 14 14 14 14 14 15 15 15 16 16 15 16 16 16
15 15 15 15 15 16 16 15 16 16 16 16 16 16 16 17 17 17 17 17 16 16 16 17 17 16 16 16 17 17 18 18 19 19 20 20 20 21 21 20 20 20 20 19 19 19 19 19 18 18 17 17 16 16 16 15 15 15 15 14 14 14 14 14 14 14 14 14 14 14 14 14 14 14 14 15 15 15 15 15 15 15 16 16 16 16 16 16 16 17
16 16 16 16 16 16 16 16 16 16 17 16 17 17 17 18 18 18 18 17 17 17 17 17 17 17 17 17 17 18 19 19 19 20 20 21 21 21 22 21 21 21 21 20 20 20 19 19 19 18 18 17 17 17 17 16 16 16 15 15 15 15 15 15 15 15 14 14 14 14 14 14 14 14 14 15 15 15 15 15 15 15 16 16 17 17 17 17 17 18
17 17 17 17 17 17 17 17 17 17 17 17 17 17 18 18 18 18 18 18 18 18 18 18 18 18 17 18 18 19 19 20 20 20 21 21 22 22 22 22 21 22 22 21 20 20 20 20 19 19 18 18 18 17 17 17 17 16 16 16 15 15 15 16 15 15 15 15 15 15 15 15 15 15 15 16 16 15 16 16 16 16 17 17 17 18 18 18 18 18
17 18 18 18 18 18 18 18 18 17 18 18 18 18 19 19 19 19 19 19 19 19 18 18 18 19 18 19 19 20 20 21 21 21 22 22 23 23 22 22 22 22 22 22 21 21 20 20 20 19 19 18 18 18 18 17 17 17 17 16 16 16 16 16 16 16 16 16 15 15 15 15 15 16 16 17 16 15 16 17 17 17 17 17 18 18 19 19 19 19
18 18 18 19 19 19 19 18 18 18 19 19 19 19 19 19 20 20 20 20 20 20 20 20 19 19 19 20 20 20 20 21 21 22 22 23 23 23 23 23 23 23 22 22 22 21 21 21 20 20 19 19 18 18 18 18 18 17 17 17 16 16 16 16 16 16 16 16 16 16 16 16 16 16 17 17 17 16 16 17 17 17 17 18 19 19 19 19 19 19
19 19 19 20 20 20 20 19 19 19 20 19 20 20 20 20 20 20 20 21 21 21 21 21 20 20 20 20 21 21 21 22 22 23 23 23 24 24 24 24 24 24 23 22 22 22 21 21 21 20 20 19 19 19 19 18 18 17 17 17 16 16 17 17 17 17 17 17 17 17 17 17 17 17 18 18 17 16 17 18 18 18 18 18 19 19 20 20 20 20
20 20 21 20 20 21 21 20 20 20 20 20 20 20 21 21 21 21 21 22 22 21 21 22 22 22 21 22 23 23 23 23 24 24 24 24 24 24 25 25 24 24 24 23 23 23 22 22 22 21 20 20 20 19 19 19 19 18 17 17 17 17 17 17 17 17 17 17 17 17 17 17 17 17 19 18 17 17 18 19 20 20 20 20 20 21 21 21 22 22
21 21 21 20 20 21 22 21 21 21 21 21 21 21 21 22 22 22 22 23 22 22 22 23 23 23 22 23 23 23 24 24 25 26 26 25 26 26 26 26 25 25 25 24 24 23 23 23 22 22 21 21 20 20 19 19 19 18 18 18 18 17 17 18 18 18 18 18 18 18 18 18 18 19 19 19 19 19 19 20 21 21 21 21 21 22 21 22 23 23
21 21 21 21 21 21 22 22 22 22 22 22 22 22 22 22 23 23 23 24 23 23 23 23 23 23 23 23 24 24 25 26 26 26 26 26 26 26 26 26 26 26 25 25 24 24 24 23 23 22 22 22 21 20 20 19 19 19 19 19 18 18 18 18 18 19 19 19 19 19 19 19 19 18 19 20 19 19 20 21 21 21 21 21 22 22 22 23 24 24
21 22 22 22 21 22 22 22 22 22 22 22 22 23 23 23 23 23 24 24 24 24 24 24 24 24 24 24 25 25 26 27 27 27 27 27 27 27 27 27 27 27 26 26 25 25 24 23 23 23 22 22 21 21 20 19 19 19 19 19 19 18 18 18 19 19 19 20 19 19 19 19 19 19 20 20 20 20 20 20 21 21 21 22 22 23 23 24 24 24
22 22 22 22 22 23 23 23 23 23 23 23 23 23 23 24 24 25 25 25 25 25 25 25 25 24 25 25 25 26 26 27 27 28 28 28 28 28 28 28 28 27 27 26 26 25 25 24 24 23 22 22 22 21 20 20 19 20 20 20 20 19 19 19 19 19 20 20 19 19 19 19 19 20 20 20 20 20 20 20 21 22 22 23 23 23 24 24 25 25
23 22 22 23 23 23 23 23 23 23 23 24 24 24 24 24 25 25 25 25 25 25 25 26 26 25 25 25 26 26 27 27 28 28 29 29 29 29 29 29 28 28 28 27 27 26 25 25 24 24 23 22 22 21 21 20 20 20 20 20 20 20 20 20 20 20 20 20 20 20 19 20 20 20 20 20 21 21 21 21 22 22 23 23 24 24 25 25 26 26
23 23 23 24 24 23 24 24 24 24 24 24 24 25 25 25 25 25 26 26 26 26 26 26 26 26 25 25 26 27 27 28 28 29 29 29 29 29 30 30 30 29 28 28 27 27 25 25 24 24 23 22 22 22 21 21 20 20 20 20 20 21 21 20 20 21 21 20 20 20 20 20 20 20 21 21 21 21 21 22 22 23 24 24 24 25 26 26 27 27
24 24 24 24 24 24 24 25 25 24 25 25 25 25 26 25 25 26 26 26 26 26 26 26 27 27 26 26 26 27 28 29 29 29 29 30 30 30 31 31 30 30 29 28 28 27 26 25 25 24 24 23 23 22 22 21 21 21 21 21 21 21 21 21 21 21 20 21 21 21 21 21 21 21 21 21 21 22 22 22 23 24 24 25 25 26 27 27 27 28
24 24 24 25 24 25 25 25 25 25 25 26 26 26 26 26 26 26 26 26 26 27 27 27 27 27 27 27 27 28 28 29 29 29 30 30 30 31 32 32 31 30 30 29 28 27 27 26 26 25 25 24 23 22 22 22 21 21 21 22 21 21 21 22 22 22 21 21 21 21 21 21 21 21 21 21 22 22 22 23 23 24 25 26 26 27 28 28 29 29
24 24 25 25 25 25 26 26 26 26 26 26 26 26 26 26 26 26 26 27 27 27 27 27 27 27 27 28 28 28 29 30 30 30 31 31 31 32 32 33 32 32 30 29 29 28 27 26 26 26 25 24 23 23 22 22 22 22 22 22 22 22 23 22 23 22 22 22 22 22 22 22 22 22 22 22 23 23 23 24 24 25 25 26 27 27 28 29 30 31
25 25 25 26 26 26 26 26 26 26 27 27 27 27 27 27 27 27 27 27 27 27 27 27 28 28 28 29 29 29 30 30 30 31 31 31 31 31 32 34 33 31 30 29 29 28 28 27 26 26 25 25 24 23 23 23 23 23 22 23 24 24 24 24 23 22 22 22 22 22 22 22 22 22 22 23 23 24 24 24 25 25 26 27 28 28 29 30 31 32
25 25 26 26 26 26 26 27 27 27 27 27 27 27 27 27 27 27 27 28 28 28 28 28 28 29 29 29 30 30 30 31 31 31 31 31 31 30 31 32 31 30 30 30 29 29 29 28 28 27 26 25 25 24 23 24 24 24 24 24 24 24 24 25 24 23 23 23 23 23 23 23 23 23 23 23 24 24 24 25 25 26 27 28 29 29 30 31 32 33
26 26 27 27 26 26 27 27 27 28 28 28 28 28 28 28 28 29 28 28 28 28 28 28 29 29 29 29 30 30 31 31 32 32 31 31 31 30 30 29 29 29 29 30 30 30 30 29 29 28 27 27 25 24 24 24 24 25 25 25 26 26 26 26 25 24 24 23 23 23 23 23 23 23 23 24 24 24 25 25 26 27 27 28 29 30 32 33 33 35
27 27 28 28 28 28 27 28 28 28 28 28 29 29 29 29 29 29 29 29 29 29 29 29 30 30 30 30 30 31 32 32 32 32 32 31 31 30 29 28 28 29 30 30 31 31 31 31 30 30 29 28 27 26 26 26 26 26 26 26 27 28 28 27 25 25 24 24 24 24 24 24 24 24 24 24 24 25 26 26 27 27 28 29 31 31 33 34 35 36
28 28 28 28 29 29 28 29 29 29 29 29 29 29 30 30 30 30 30 30 30 30 30 30 30 31 31 31 31 32 33 33 32 32 32 32 31 30 29 28 28 29 30 30 31 32 32 32 32 31 31 30 29 28 28 28 28 28 28 28 29 30 29 28 26 26 25 25 25 25 24 24 24 24 24 24 25 25 26 27 27 28 29 30 32 32 34 35 36 38
29 29 29 29 29 29 29 29 29 29 29 29 30 30 31 31 31 31 31 31 31 31 31 30 31 31 31 32 32 33 33 33 33 33 33 32 31 30 29 30 30 30 31 31 32 33 34 34 34 33 33 32 32 31 31 31 31 31 30 30 31 31 31 29 27 26 27 26 25 25 25 25 25 25 25 25 25 26 26 27 27 28 30 31 32 33 35 36 38 39
30 29 30 30 30 30 30 30 30 30 30 30 30 30 31 31 32 32 32 31 32 32 32 31 31 31 32 33 33 33 33 34 34 34 33 33 33 31 31 31 31 31 32 33 34 35 35 36 36 35 35 35 35 34 34 34 35 34 33 33 32 32 31 30 28 27 27 27 26 26 26 25 25 25 25 25 25 26 27 27 28 29 30 32 33 34 36 38 39 41
31 31 31 31 31 31 31 31 31 31 31 31 31 31 31 31 32 32 32 32 32 32 32 32 33 33 33 34 34 34 33 34 34 34 34 33 33 32 33 32 32 33 33 34 36 37 37 37 38 38 38 38 38 37 37 38 38 37 36 35 34 33 31 30 29 28 28 27 27 27 26 26 25 25 25 26 26 26 27 28 28 30 31 32 34 36 37 39 41 43
31 31 32 31 31 32 31 32 32 32 31 31 31 31 31 31 32 32 32 32 33 33 33 33 33 34 34 34 34 34 35 35 35 35 34 34 33 33 33 34 34 34 35 36 38 39 40 40 41 41 41 41 41 41 41 42 41 41 39 37 35 34 32 31 30 29 29 29 28 28 27 27 26 26 26 26 26 26 27 28 29 30 32 33 35 37 38 41 42 44
31 32 32 32 32 32 32 32 32 32 32 32 32 32 32 32 32 32 32 32 32 34 34 34 35 35 35 35 35 36 35 36 36 36 35 34 34 34 35 36 36 36 36 37 39 40 41 42 44 44 45 45 45 45 46 46 46 45 43 40 37 36 34 32 31 30 30 29 29 28 28 27 27 26 27 26 26 26 27 28 29 31 32 34 36 38 40 42 44 46
31 31 32 32 32 32 32 33 33 33 33 33 32 32 32 32 32 32 32 32 33 33 34 35 35 36 36 36 36 36 35 36 37 37 37 35 35 36 36 36 37 37 38 39 40 42 43 45 47 47 48 49 49 50 51 51 50 48 45 43 40 38 35 33 32 31 31 30 30 29 29 28 28 27 27 27 26 26 27 28 29 31 33 35 37 39 41 43 45 47
32 32 32 32 33 33 33 33 33 33 34 33 33 33 32 32 32 32 32 32 33 33 35 35 36 36 36 37 36 36 36 37 37 36 37 36 36 36 37 38 38 39 39 40 42 43 45 48 49 50 51 53 53 54 56 55 53 51 48 47 43 39 37 35 33 32 32 31 31 30 30 29 29 28 27 27 27 26 27 28 30 32 34 36 38 40 42 44 47 49
32 32 33 34 33 33 34 34 34 34 33 33 33 33 33 33 33 33 33 33 33 34 35 36 36 36 37 37 37 36 36 37 37 37 37 37 37 38 38 39 40 40 41 42 43 45 47 50 52 53 55 56 58 57 57 56 55 54 52 51 46 41 38 36 34 33 33 32 32 31 31 30 30 29 29 28 28 27 28 29 32 33 35 37 39 41 43 46 48 51
34 33 33 35 34 34 34 34 34 34 34 34 34 34 34 34 34 34 34 34 34 34 34 36 36 37 37 37 37 37 36 37 37 37 38 38 38 39 40 41 42 42 42 44 46 48 51 53 54 56 57 59 62 65 64 62 59 60 59 55 49 43 40 37 35 34 33 33 32 32 32 31 31 30 30 30 29 29 30 31 33 34 36 38 40 42 45 47 49 52
35 35 35 35 35 35 34 35 34 34 34 34 34 35 35 34 34 34 34 34 34 35 35 35 35 37 37 38 37 37 37 38 39 38 38 39 39 40 41 42 43 43 44 46 48 50 52 55 55 57 59 62 67 70 72 71 63 65 64 58 51 44 41 39 37 35 35 34 34 33 33 32 32 32 31 31 31 31 32 33 34 36 38 40 41 43 46 48 50 53
35 35 36 36 36 35 35 34 35 35 35 35 35 35 35 35 35 35 35 35 35 35 35 35 35 37 37 37 37 38 38 38 39 39 39 40 40 41 42 43 44 46 46 49 51 53 55 56 57 59 60 63 68 73 72 66 65 61 60 57 51 47 44 41 38 37 36 36 36 35 34 33 33 33 33 32 32 33 34 35 36 37 39 41 43 45 47 49 51 53
35 36 36 37 37 36 35 35 36 36 36 35 35 36 35 35 35 35 35 35 35 35 35 35 36 37 37 37 38 38 38 38 39 39 40 40 41 42 43 45 46 48 48 50 53 55 57 59 59 59 61 66 69 72 69 67 65 63 59 56 53 49 46 43 41 39 38 37 37 36 36 35 35 34 34 34 34 35 35 36 37 39 41 42 44 46 48 50 52 54
36 36 36 36 37 37 36 36 37 37 36 35 36 36 35 35 35 35 35 35 35 36 36 36 37 37 37 37 38 38 39 39 40 40 41 41 42 43 44 48 48 50 50 52 54 57 59 59 60 62 63 70 69 75 76 70 70 71 65 59 56 51 48 46 44 42 40 40 39 38 38 37 37 36 36 35 36 37 37 38 39 41 43 44 46 48 49 51 53 55
36 37 36 37 37 38 37 36 36 36 35 36 36 37 37 36 36 36 36 36 36 37 37 37 37 37 38 38 39 39 39 40 40 41 42 42 43 45 47 49 50 52 51 53 55 58 60 61 63 64 65 72 69 73 76 75 72 71 66 60 57 53 50 49 47 44 43 42 41 41 40 39 39 38 38 39 39 39 40 41 42 43 44 46 48 50 51 53 55 57
36 36 36 36 36 37 36 36 35 35 35 36 36 37 37 37 37 37 37 37 37 37 38 38 39 39 39 40 40 40 43 43 43 43 43 45 45 46 47 49 53 53 53 54 57 60 62 63 64 65 66 71 69 69 71 73 71 67 67 63 59 55 54 51 49 47 46 45 44 43 42 42 41 40 41 42 42 42 43 44 45 46 47 48 50 51 53 55 57 59
