data_and_outputs/predictor_data/021/bioclim_12.asc
NCOLS 1199 
NROWS 625 
XLLCORNER -17.966918 
YLLCORNER -10.0196949358429 
CELLSIZE 0.0416666688395203 
NODATA_value -9999 
[rows 432 to 467 of 625, columns 1053 to 1133 of 1199]
1718 1731 1744 1757 1773 1790 1790 1805 1820 1833 1845 1858 1867 1887 1903 1877 1874 1874 1881 1884 1889 1887 1877 1867 1863 1886 1872 1880 1901 1891 1835 1863 1851 1836 1844 1855 1860 1857 1833 1812 1807 1800 1781 1760 1723 1697 1707 1719 1696 1670 1661 1629 1596 1548 1542 1607 1634 1640 1574 1576 1490 1374 1594 1579 1670 1663 1660 1646 1741 1719 1759 1590 -9999 -9999 -9999 -9999 -9999 -9999 -9999 -9999 -9999
1716 1727 1741 1759 1779 1796 1794 1804 1820 1835 1847 1857 1870 1885 1897 1884 1901 1925 1914 1898 1897 1918 1906 1877 1867 1869 1899 1883 1893 1917 1870 1883 1893 1878 1858 1838 1838 1847 1831 1821 1811 1794 1767 1765 1737 1708 1700 1695 1718 1684 1660 1631 1604 1570 1565 1558 1603 1639 1564 1560 1553 1464 1462 1668 1612 1460 1652 1644 1714 1696 1679 1573 -9999 -9999 -9999 -9999 -9999 -9999 -9999 -9999 -9999
1709 1723 1738 1757 1774 1792 1799 1814 1823 1837 1851 1866 1873 1892 1893 1888 1942 1938 1918 1904 1898 1909 1928 1882 1877 1869 1891 1871 1857 1858 1896 1870 1878 1875 1873 1874 1854 1843 1824 1806 1802 1788 1756 1741 1726 1703 1702 1667 1711 1687 1670 1648 1621 1599 1587 1546 1548 1536 1517 1516 1568 1566 1353 1508 1404 1465 1573 1633 1676 1683 1647 1583 -9999 -9999 -9999 -9999 -9999 -9999 -9999 -9999 -9999
1705 1717 1735 1755 1773 1786 1802 1821 1831 1841 1856 1868 1880 1888 1895 1898 1912 1922 1906 1914 1903 1898 1893 1888 1884 1874 1873 1880 1859 1851 1913 1902 1892 1883 1886 1889 1876 1869 1835 1791 1788 1769 1756 1719 1697 1679 1624 1661 1697 1682 1673 1652 1637 1633 1600 1558 1534 1535 1528 1540 1619 1623 1451 1512 1454 1533 1630 1680 1691 1674 1593 1563 -9999 -9999 -9999 -9999 -9999 -9999 -9999 -9999 1154
1694 1710 1731 1751 1770 1788 1809 1822 1839 1856 1869 1875 1889 1896 1904 1907 1915 1916 1910 1914 1903 1901 1897 1896 1891 1879 1878 1874 1864 1858 1897 1871 1892 1887 1869 1868 1876 1869 1851 1797 1773 1761 1746 1691 1660 1636 1612 1629 1680 1675 1673 1661 1636 1632 1600 1553 1549 1539 1579 1629 1633 1673 1610 1618 1565 1617 1658 1779 1699 1624 1551 -9999 -9999 -9999 -9999 -9999 -9999 -9999 -9999 -9999 1176
1691 1704 1720 1741 1762 1780 1807 1827 1843 1865 1878 1885 1893 1911 1913 1919 1919 1917 1917 1913 1911 1907 1904 1903 1894 1891 1884 1876 1868 1860 1863 1851 1835 1832 1809 1809 1849 1867 1847 1823 1778 1758 1746 1677 1638 1625 1647 1650 1686 1673 1674 1684 1648 1627 1619 1595 1532 1530 1553 1555 1596 1599 1635 1637 1624 1620 1707 1774 1664 1563 1499 -9999 -9999 -9999 -9999 -9999 -9999 -9999 -9999 1250 1219
1683 1698 1714 1741 1759 1780 1803 1826 1847 1865 1880 1896 1906 1915 1918 1926 1924 1920 1922 1923 1917 1914 1912 1912 1909 1902 1892 1882 1874 1867 1858 1848 1837 1825 1814 1829 1843 1839 1823 1811 1790 1749 1721 1670 1626 1637 1624 1698 1702 1679 1664 1680 1674 1672 1593 1560 1538 1530 1535 1546 1545 1584 1589 1620 1644 1658 1841 1736 1643 1524 1440 1386 -9999 -9999 -9999 -9999 -9999 -9999 1215 1299 1315
1669 1685 1705 1727 1750 1777 1798 1824 1848 1869 1893 1910 1920 1923 1925 1924 1926 1926 1926 1921 1924 1926 1928 1931 1928 1921 1901 1888 1882 1874 1868 1857 1844 1831 1819 1802 1786 1807 1786 1771 1787 1755 1686 1650 1626 1613 1689 1669 1654 1634 1614 1642 1632 1682 1626 1570 1543 1562 1557 1573 1542 1549 1591 1627 1647 1708 1736 1689 1618 1488 1461 1402 -9999 -9999 -9999 -9999 -9999 1212 1229 1287 1418
1659 1674 1693 1714 1737 1759 1792 1822 1850 1881 1903 1920 1931 1932 1931 1933 1937 1929 1927 1924 1932 1929 1928 1931 1932 1943 1908 1903 1895 1880 1898 1880 1857 1842 1824 1808 1789 1771 1751 1750 1764 1723 1674 1651 1645 1685 1669 1601 1598 1586 1662 1647 1646 1689 1685 1614 1558 1568 1579 1569 1557 1571 1597 1593 1614 1671 1693 1694 1584 1464 1482 -9999 -9999 -9999 -9999 -9999 1220 1252 1316 1335 1492
1645 1660 1679 1700 1722 1753 1789 1838 1863 1883 1909 1934 1942 1941 1939 1932 1928 1924 1924 1922 1921 1924 1935 1925 1932 1936 1915 1907 1920 1914 1898 1897 1892 1861 1833 1814 1800 1780 1767 1747 1729 1701 1675 1661 1647 1656 1613 1598 1599 1547 1644 1654 1662 1661 1681 1678 1592 1576 1568 1563 1571 1575 1570 1577 1624 1669 1720 1688 1540 1426 1426 -9999 -9999 -9999 1327 1245 1279 1344 1411 1470 1539
1629 1645 1662 1686 1709 1739 1776 1810 1844 1875 1913 1946 1951 1951 1943 1936 1928 1924 1923 1923 1932 1933 1930 1948 1934 1937 1925 1911 1914 1925 1896 1912 1910 1896 1852 1827 1805 1784 1765 1743 1720 1701 1684 1713 1674 1618 1614 1608 1553 1570 1627 1636 1647 1636 1620 1651 1592 1500 1498 1564 1559 1572 1569 1583 1668 1704 1771 1682 1563 1389 1332 -9999 -9999 1303 1397 1371 1397 1414 1370 1466 1580
1611 1625 1646 1671 1696 1722 1757 1787 1827 1866 1901 1928 1933 1947 1944 1928 1924 1929 1924 1927 1928 1938 1941 1954 1931 1934 1931 1922 1914 1924 1928 1932 1918 1888 1876 1838 1814 1790 1765 1747 1726 1706 1706 1725 1693 1624 1604 1594 1562 1543 1538 1582 1595 1571 1563 1584 1545 1471 1482 1605 1623 1622 1645 1629 1731 1772 1764 1710 1576 1394 1322 1319 1373 1428 1416 1409 1472 1519 1425 1580 1701
1596 1608 1626 1652 1681 1708 1745 1778 1809 1846 1881 1905 1919 1935 1929 1936 1921 1917 1920 1922 1924 1933 1951 1938 1926 1922 1940 1924 1913 1908 1906 1905 1907 1880 1872 1867 1844 1801 1773 1751 1726 1704 1693 1680 1643 1612 1591 1566 1575 1588 1580 1597 1570 1547 1536 1522 1478 1480 1480 1568 1582 1533 1529 1628 1748 1779 1756 1689 1563 1467 1328 1333 1457 1523 1454 1459 1508 1521 1558 1593 1641
1577 1585 1603 1631 1662 1693 1731 1766 1806 1823 1856 1877 1898 1917 1924 1936 1916 1898 1903 1908 1910 1916 1920 1924 1922 1916 1929 1924 1911 1907 1905 1899 1896 1879 1871 1866 1858 1832 1811 1771 1733 1702 1724 1677 1634 1611 1586 1561 1583 1653 1582 1626 1588 1568 1526 1491 1480 1524 1544 1558 1526 1525 1579 1641 1722 1789 1747 1632 1583 1592 1374 1351 1510 1548 1384 1378 1488 1503 1539 1524 1622
1557 1564 1582 1610 1650 1684 1718 1746 1802 1811 1839 1856 1873 1890 1901 1907 1908 1890 1890 1889 1889 1912 1901 1906 1902 1901 1905 1916 1908 1904 1898 1896 1889 1887 1878 1868 1846 1832 1815 1786 1745 1713 1743 1686 1637 1609 1589 1567 1534 1543 1584 1623 1617 1580 1534 1527 1506 1517 1528 1541 1525 1599 1613 1668 1654 1713 1614 1559 1592 1632 1472 1367 1474 1495 1235 1343 1367 1459 1464 1513 1640
1543 1547 1563 1593 1626 1662 1696 1728 1761 1786 1812 1838 1845 1865 1876 1878 1889 1889 1892 1942 1901 1882 1887 1888 1889 1892 1894 1896 1897 1899 1901 1899 1901 1893 1880 1863 1838 1801 1782 1772 1755 1714 1711 1665 1646 1632 1616 1559 1530 1521 1565 1570 1569 1547 1524 1541 1502 1500 1546 1502 1506 1600 1640 1693 1571 1562 1486 1531 1626 1644 1400 1360 1428 1317 1097 1214 1281 1336 1435 1507 1612
1535 1544 1559 1580 1610 1649 1677 1708 1741 1760 1779 1800 1814 1828 1846 1878 1883 1923 1915 1921 1882 1877 1874 1884 1891 1890 1885 1887 1889 1898 1899 1897 1898 1891 1877 1855 1830 1797 1769 1749 1732 1706 1681 1653 1628 1611 1593 1561 1546 1531 1550 1585 1535 1533 1538 1522 1515 1526 1479 1459 1540 1577 1570 1573 1474 1516 1485 1581 1614 1546 1400 1363 1410 1268 1030 1183 1372 1393 1484 1507 1593
1532 1539 1555 1580 1602 1629 1662 1690 1722 1740 1754 1772 1791 1815 1828 1842 1879 1927 1931 1895 1912 1881 1868 1893 1912 1889 1880 1883 1887 1897 1888 1881 1884 1880 1864 1842 1815 1795 1769 1735 1715 1705 1704 1657 1640 1618 1595 1573 1552 1536 1536 1550 1581 1566 1562 1558 1577 1555 1505 1503 1515 1492 1494 1440 1432 1497 1505 1581 1581 1599 1399 1405 1288 1136 987 1086 1232 1349 1395 1480 1560
1522 1534 1548 1570 1592 1617 1642 1671 1694 1714 1733 1757 1776 1790 1805 1828 1843 1910 1918 1907 1893 1885 1863 1877 1884 1879 1875 1881 1870 1875 1875 1871 1869 1864 1847 1824 1803 1784 1757 1729 1704 1691 1683 1659 1628 1599 1578 1552 1527 1529 1513 1487 1523 1515 1565 1574 1546 1519 1468 1408 1453 1444 1458 1430 1444 1462 1495 1577 1626 1641 1457 1387 1307 1144 959 1046 1107 1343 1237 1362 1494
1519 1532 1545 1559 1584 1603 1626 1651 1671 1699 1716 1728 1749 1777 1806 1828 1818 1861 1875 1896 1866 1844 1852 1850 1853 1858 1872 1874 1873 1868 1865 1856 1852 1847 1839 1819 1790 1764 1736 1714 1695 1676 1665 1642 1632 1615 1590 1561 1515 1499 1481 1459 1509 1533 1580 1566 1496 1461 1424 1342 1343 1395 1349 1418 1475 1482 1511 1670 1717 1604 1538 1460 1334 1020 946 1000 1058 1154 1267 1428 1498
1512 1535 1547 1555 1570 1588 1614 1634 1657 1681 1694 1708 1729 1759 1782 1784 1795 1801 1811 1830 1842 1825 1827 1830 1834 1841 1852 1869 1865 1856 1845 1840 1838 1829 1828 1799 1780 1776 1730 1718 1689 1663 1665 1619 1603 1594 1571 1548 1497 1487 1468 1468 1497 1561 1503 1451 1458 1414 1349 1333 1292 1286 1306 1331 1351 1411 1500 1619 1690 1612 1593 1577 1208 992 953 926 957 1054 1274 1277 1327
1506 1526 1542 1554 1566 1584 1601 1624 1638 1658 1675 1693 1714 1732 1754 1766 1776 1782 1787 1790 1801 1808 1809 1822 1827 1838 1833 1836 1829 1827 1823 1824 1824 1814 1816 1786 1778 1752 1716 1696 1676 1669 1653 1617 1590 1566 1535 1520 1508 1509 1494 1475 1507 1513 1512 1435 1417 1368 1369 1331 1349 1342 1286 1268 1298 1361 1580 1653 1671 1741 1644 1448 1119 1021 959 932 931 983 1133 1248 1366
1503 1520 1536 1552 1565 1578 1592 1610 1630 1643 1662 1678 1693 1712 1731 1741 1751 1760 1762 1776 1782 1803 1816 1824 1805 1809 1817 1802 1799 1797 1802 1801 1797 1800 1790 1777 1760 1734 1703 1691 1671 1679 1660 1617 1605 1583 1547 1520 1509 1527 1521 1507 1473 1452 1438 1424 1407 1421 1460 1346 1423 1357 1271 1305 1385 1480 1617 1756 1838 1895 1829 1713 1330 1082 978 955 936 962 1102 1191 1247
1498 1514 1532 1550 1562 1572 1580 1599 1621 1639 1653 1665 1676 1695 1714 1718 1726 1738 1743 1760 1765 1786 1806 1789 1775 1784 1780 1782 1778 1779 1778 1779 1783 1780 1771 1772 1748 1719 1702 1693 1693 1710 1660 1602 1589 1559 1536 1513 1530 1544 1544 1535 1507 1485 1466 1434 1439 1407 1434 1389 1362 1333 1346 1515 1495 1617 1744 1808 1959 1931 1893 1762 1389 1089 1068 987 942 934 984 980 1133
1492 1509 1522 1544 1556 1564 1573 1587 1606 1623 1640 1655 1667 1673 1688 1699 1703 1714 1727 1736 1743 1758 1763 1757 1755 1760 1762 1758 1765 1773 1762 1756 1755 1755 1754 1764 1735 1706 1688 1683 1715 1676 1631 1602 1597 1570 1530 1527 1534 1549 1568 1547 1492 1489 1491 1455 1452 1413 1411 1451 1369 1340 1533 1494 1596 1709 1830 1850 1943 1953 1889 1820 1479 1189 1232 1045 989 945 926 932 1065
1486 1503 1518 1538 1550 1557 1563 1577 1596 1610 1625 1634 1651 1656 1671 1677 1687 1697 1705 1711 1721 1731 1730 1733 1739 1743 1748 1743 1747 1763 1752 1748 1733 1729 1726 1729 1723 1703 1718 1714 1699 1658 1629 1608 1586 1571 1523 1561 1560 1565 1566 1533 1505 1479 1482 1422 1423 1428 1421 1448 1401 1364 1540 1641 1681 1766 1804 1836 1887 1932 1899 1889 1639 1381 1379 1149 1054 960 928 917 975
1482 1496 1514 1529 1542 1548 1556 1569 1586 1600 1615 1625 1635 1641 1649 1659 1670 1679 1686 1692 1700 1705 1709 1717 1723 1728 1729 1725 1725 1723 1732 1725 1717 1709 1707 1711 1713 1720 1717 1696 1667 1653 1598 1596 1581 1547 1549 1570 1569 1555 1560 1552 1515 1498 1428 1389 1429 1431 1471 1460 1432 1445 1622 1782 1763 1799 1813 1817 1898 1917 1890 1921 1773 1524 1436 1231 1046 975 960 917 967
1480 1491 1504 1514 1529 1540 1548 1560 1572 1590 1606 1613 1625 1629 1636 1647 1657 1665 1673 1678 1681 1690 1698 1707 1723 1717 1712 1719 1708 1701 1706 1701 1701 1691 1695 1699 1713 1706 1703 1683 1649 1612 1581 1559 1551 1549 1562 1558 1540 1546 1556 1518 1514 1446 1365 1434 1461 1462 1497 1501 1512 1641 1651 1677 1742 1807 1794 1766 1970 1926 1885 1904 1866 1633 1569 1276 1066 1019 936 913 942
1474 1486 1493 1506 1521 1532 1540 1550 1560 1573 1590 1599 1610 1623 1627 1636 1644 1646 1655 1661 1671 1678 1682 1695 1732 1717 1698 1703 1683 1679 1680 1686 1694 1686 1688 1698 1686 1699 1688 1657 1623 1595 1575 1569 1575 1562 1531 1539 1526 1544 1528 1507 1476 1399 1347 1427 1469 1498 1471 1452 1552 1619 1678 1661 1660 1727 1705 1779 1938 1926 1877 1930 1922 1733 1587 1434 1187 1003 923 904 933
1474 1487 1491 1503 1523 1527 1530 1542 1553 1564 1577 1587 1595 1608 1618 1622 1629 1631 1644 1648 1662 1666 1668 1675 1708 1701 1677 1675 1666 1663 1667 1670 1664 1658 1668 1703 1685 1669 1665 1651 1610 1571 1570 1596 1621 1551 1547 1550 1561 1546 1465 1456 1414 1332 1325 1377 1430 1468 1441 1443 1632 1690 1757 1743 1726 1655 1655 1829 1950 1922 1877 1912 1939 1758 1715 1596 1198 1006 921 900 917
1476 1487 1495 1507 1535 1529 1523 1532 1544 1556 1568 1576 1583 1594 1607 1617 1617 1622 1644 1642 1645 1663 1704 1657 1673 1678 1661 1654 1649 1644 1643 1638 1637 1638 1655 1674 1660 1665 1654 1629 1594 1584 1607 1621 1581 1550 1573 1576 1527 1446 1424 1400 1330 1322 1346 1377 1417 1435 1413 1496 1611 1708 1697 1755 1787 1755 1633 1755 1913 1923 1852 1908 1913 1863 1725 1595 1278 1021 907 889 900
1470 1482 1494 1498 1505 1510 1519 1529 1538 1552 1568 1571 1581 1591 1594 1604 1615 1621 1632 1643 1640 1644 1686 1661 1648 1656 1647 1637 1634 1625 1625 1632 1625 1639 1658 1650 1651 1649 1633 1612 1617 1615 1609 1590 1561 1553 1556 1475 1421 1418 1373 1335 1317 1313 1338 1369 1364 1390 1419 1546 1601 1627 1643 1678 1706 1768 1732 1686 1715 1808 1854 1961 1933 1892 1772 1621 1389 1089 898 880 875
1465 1476 1489 1499 1500 1507 1515 1526 1536 1542 1568 1563 1569 1580 1583 1592 1615 1623 1633 1651 1648 1648 1641 1657 1670 1641 1628 1618 1611 1613 1620 1619 1614 1624 1647 1642 1641 1641 1626 1623 1625 1626 1609 1591 1576 1534 1448 1431 1444 1419 1344 1328 1321 1335 1348 1339 1402 1527 1461 1570 1606 1599 1610 1638 1651 1676 1749 1752 1692 1839 1838 1895 1954 1930 1817 1761 1459 1141 892 879 867
1458 1470 1476 1487 1492 1497 1512 1540 1537 1545 1552 1552 1558 1577 1590 1595 1647 1637 1639 1675 1684 1648 1624 1622 1622 1611 1609 1603 1593 1599 1606 1609 1608 1609 1614 1633 1640 1630 1617 1618 1628 1625 1552 1539 1567 1492 1437 1461 1452 1362 1338 1329 1332 1365 1407 1376 1443 1526 1554 1539 1534 1571 1617 1583 1677 1640 1690 1737 1776 1769 1846 1864 1905 1936 1847 1719 1344 1003 882 871 873
1453 1460 1470 1476 1486 1494 1496 1512 1522 1541 1542 1541 1547 1570 1580 1587 1610 1602 1662 1683 1694 1665 1615 1617 1606 1587 1585 1589 1583 1582 1585 1586 1592 1589 1589 1621 1633 1626 1610 1606 1615 1574 1517 1509 1529 1459 1459 1489 1389 1364 1336 1342 1370 1368 1392 1408 1447 1452 1500 1523 1529 1531 1453 1446 1592 1610 1721 1792 1814 1796 1845 1868 1889 1923 1899 1707 1324 921 866 857 858
1447 1457 1463 1473 1483 1490 1493 1505 1509 1503 1512 1524 1531 1533 1541 1562 1565 1579 1609 1658 1687 1674 1650 1646 1604 1577 1572 1573 1567 1561 1559 1559 1569 1576 1581 1602 1635 1616 1585 1548 1514 1496 1490 1511 1458 1456 1485 1417 1358 1345 1341 1366 1367 1365 1412 1473 1536 1520 1399 1403 1415 1424 1467 1538 1626 1655 1706 1803 1796 1778 1862 1889 1908 1920 1895 1653 1407 903 867 861 861
