data_and_outputs/predictor_data/021/bioclim_01.asc
NCOLS 1199 
NROWS 625 
XLLCORNER -17.966918 
YLLCORNER -10.0196949358429 
CELLSIZE 0.0416666688395203 
NODATA_value -9999 
[rows 532 to 569 of 625, columns 935 to 1019 of 1199]
217 218 218 217 216 216 216 214 215 216 216 215 216 218 219 218 216 216 215 215 214 214 215 216 218 218 219 218 219 217 215 215 217 219 221 220 218 217 215 215 214 214 214 214 213 213 214 216 216 216 218 221 223 223 222 224 223 221 219 222 224 225 228 230 229 229 229 230 229 226 221 217 216 217 215 213 214 214 214 216 216 213 212 211 213
217 215 217 216 217 217 217 216 214 216 215 216 217 218 219 218 218 217 216 214 213 213 213 215 216 218 216 216 218 216 214 215 215 217 219 220 219 219 217 217 216 215 214 213 212 212 213 214 214 216 218 220 223 222 220 221 223 218 218 221 223 226 228 229 228 228 229 230 229 223 216 213 214 215 214 215 214 214 216 217 215 213 212 212 213
215 216 217 218 218 218 217 216 216 216 215 216 217 217 219 217 216 217 216 216 214 214 215 216 217 216 215 217 218 216 214 213 215 215 218 219 217 218 217 215 214 214 212 213 212 211 212 213 214 216 215 217 220 219 220 218 220 218 220 221 224 228 229 225 224 226 228 229 228 224 216 213 214 214 215 217 215 215 215 217 216 215 214 213 213
215 214 216 217 219 219 217 218 217 218 215 215 216 217 218 217 216 214 215 216 215 213 215 217 216 214 215 217 215 215 214 213 214 215 216 218 216 215 213 212 213 213 212 211 211 211 211 212 214 215 214 216 216 216 218 216 218 219 221 223 225 228 228 223 220 223 226 228 227 224 219 212 215 217 216 217 216 217 217 218 217 216 214 212 211
214 215 215 217 218 220 218 218 219 217 217 214 217 217 218 217 216 215 213 215 214 213 215 216 215 213 214 217 214 213 213 211 212 213 216 217 214 212 212 211 211 212 212 211 209 210 212 213 214 213 213 216 215 215 217 217 220 222 222 223 224 227 225 222 220 223 224 228 225 224 220 216 217 218 218 218 217 219 218 218 216 215 214 213 211
216 216 215 218 219 220 219 219 218 218 217 214 215 217 217 217 216 215 214 213 212 213 215 214 213 213 214 215 213 212 211 211 212 213 215 215 214 212 211 210 209 211 211 211 210 209 211 212 212 212 213 216 215 214 214 215 217 221 224 225 224 227 224 222 220 221 222 225 227 225 225 223 224 223 222 218 218 221 217 216 215 215 214 215 212
218 218 216 217 218 220 220 219 218 217 215 214 215 216 218 217 216 215 213 212 213 214 214 213 211 211 213 215 212 211 211 213 214 215 214 212 212 213 212 210 210 210 210 210 209 209 211 211 210 211 213 215 213 212 213 216 217 221 223 224 226 225 223 221 218 220 223 226 226 227 226 225 225 224 219 220 220 221 218 219 216 215 216 214 212
219 220 218 218 219 220 218 217 217 217 215 214 215 217 218 216 216 215 215 213 213 214 213 212 210 212 212 214 212 210 212 213 212 214 214 212 211 211 210 208 209 209 209 208 208 208 210 209 209 209 212 215 213 211 213 213 216 219 221 224 225 223 221 220 217 222 224 225 222 226 225 224 224 223 220 222 222 221 219 220 218 218 214 213 212
220 221 220 219 219 221 219 218 218 218 216 216 215 216 217 216 215 215 213 213 214 212 212 212 211 210 212 213 212 210 210 211 211 213 213 211 209 209 209 207 209 208 207 208 206 208 208 207 208 211 212 214 212 210 211 212 216 219 221 222 223 222 218 216 220 222 224 223 219 222 225 224 222 221 221 221 222 221 220 220 219 215 216 215 214
221 222 221 221 221 219 218 218 219 218 217 216 215 216 217 216 215 214 212 213 212 211 212 210 210 211 211 213 211 209 210 210 211 212 213 210 209 207 207 207 208 207 206 207 205 206 206 208 209 211 212 213 212 210 212 214 216 217 220 220 219 218 217 216 219 222 224 223 218 218 222 224 221 221 221 220 222 222 220 220 219 218 218 215 213
224 224 222 220 219 218 221 219 219 217 216 216 215 216 216 216 215 213 211 213 212 212 210 208 209 210 211 212 211 210 209 210 210 210 210 211 209 208 207 206 207 207 206 205 204 205 205 207 208 210 211 211 212 210 212 213 215 217 219 218 218 217 217 218 219 221 223 222 219 218 221 223 223 222 220 219 221 222 220 220 220 220 218 214 211
223 224 221 219 219 220 219 218 217 216 215 214 214 214 214 215 213 211 211 212 211 210 209 208 209 210 211 212 211 210 209 208 209 209 208 209 208 207 206 205 205 205 205 205 204 203 204 204 206 208 209 210 211 208 209 210 214 217 217 216 215 215 218 220 221 220 222 219 218 218 219 220 222 222 223 222 222 220 219 221 220 219 218 214 211
221 224 224 223 221 220 219 218 216 217 217 216 216 215 214 213 214 213 211 210 212 210 210 209 210 211 211 211 211 209 209 208 207 207 208 210 208 207 207 206 205 205 204 204 204 203 203 204 205 208 207 207 209 208 209 211 213 214 216 214 213 213 216 218 218 220 220 218 218 215 218 219 218 219 220 222 223 220 221 220 219 219 217 213 215
221 221 223 221 222 220 219 218 218 219 218 218 217 215 215 214 212 213 212 210 210 211 210 209 210 210 211 210 210 209 209 208 206 206 207 209 208 208 206 205 205 205 204 204 204 203 203 204 205 207 207 205 207 207 210 211 211 213 214 213 212 213 215 216 218 219 221 219 217 215 215 217 217 218 219 220 221 221 220 218 217 217 217 213 217
220 221 222 219 220 222 221 220 220 219 218 217 216 215 214 214 214 212 213 212 209 209 210 208 209 211 211 209 210 209 208 208 206 207 207 207 208 208 207 207 206 206 206 205 204 203 202 205 206 207 206 206 206 206 208 209 211 212 212 212 211 213 214 215 217 218 217 217 217 215 213 216 217 218 220 221 222 222 221 219 216 217 218 218 218
219 222 222 219 218 219 222 222 221 218 216 216 215 213 212 213 213 213 211 212 211 210 209 208 209 210 210 208 209 208 207 207 206 206 206 207 207 208 207 206 206 203 201 201 202 203 202 204 206 206 205 206 205 203 206 210 210 210 212 211 210 209 212 213 214 217 217 217 216 216 215 215 218 219 220 222 221 219 220 220 217 217 217 217 219
219 221 222 219 218 216 218 220 222 220 218 217 214 213 213 211 211 213 210 212 211 210 208 207 208 209 209 208 209 209 208 207 206 205 206 206 207 207 208 206 205 204 201 200 200 201 202 203 204 204 204 206 204 204 206 209 209 209 210 209 209 209 210 212 214 216 216 216 216 216 215 215 216 218 219 221 221 217 218 220 219 219 218 219 218
218 222 221 218 217 216 218 218 219 220 221 218 215 216 215 213 212 211 210 211 211 211 209 207 208 208 207 208 208 208 208 207 205 205 205 205 206 206 208 205 204 204 203 202 201 201 202 204 202 203 204 205 204 204 206 207 206 206 208 206 207 208 210 211 213 212 213 215 216 216 215 215 214 215 217 219 218 217 216 218 220 219 217 217 218
217 220 221 219 218 216 217 216 217 217 219 219 218 216 214 213 211 209 209 209 209 209 208 206 207 207 207 208 208 207 208 207 206 206 206 206 206 207 207 205 204 203 202 202 202 201 203 203 202 203 205 204 203 204 206 206 206 204 204 204 206 208 210 210 211 209 212 212 214 214 214 215 216 215 215 218 218 216 215 217 217 218 220 219 217
218 218 220 222 219 216 215 215 215 216 217 216 219 216 213 211 210 209 209 208 207 207 206 207 208 209 208 207 207 206 206 206 206 206 207 207 207 206 206 206 204 203 202 201 202 202 203 203 201 203 204 203 203 204 207 206 205 204 203 204 207 209 209 210 210 209 210 210 211 213 214 216 216 217 218 219 218 218 216 215 214 216 218 216 216
217 217 218 219 222 219 217 216 215 215 214 214 217 216 212 210 210 211 209 208 208 210 210 210 209 210 209 207 206 205 205 205 206 207 207 208 208 205 205 205 204 203 202 201 201 202 201 201 202 204 204 203 204 205 207 205 205 204 202 204 206 207 210 210 209 210 210 210 211 212 214 214 215 216 217 219 217 218 216 215 215 215 216 214 215
218 215 216 219 219 220 218 217 215 213 212 213 214 216 215 212 213 213 211 210 212 212 211 211 210 210 208 207 207 206 207 206 206 207 207 207 208 206 205 205 204 203 201 201 202 202 201 201 203 204 203 203 204 205 206 205 205 204 202 204 207 209 210 209 209 210 210 210 212 213 214 215 215 215 217 218 217 218 217 216 214 214 213 213 212
216 215 216 218 219 219 217 216 215 214 212 211 212 214 215 215 215 215 213 213 214 213 213 212 212 211 210 210 209 208 207 206 204 205 206 206 208 209 207 205 204 202 202 203 202 202 201 202 203 202 202 203 204 206 205 205 205 203 203 205 207 208 210 209 209 210 210 210 210 211 213 214 215 217 217 217 217 217 215 216 216 214 210 210 209
217 214 215 216 219 219 218 217 215 213 213 211 212 213 211 213 214 215 214 213 211 209 210 211 210 210 209 209 210 209 208 207 206 206 206 207 207 208 208 207 206 205 205 204 202 201 201 202 203 201 202 203 204 206 205 203 203 205 206 207 207 209 210 209 209 209 210 210 210 210 211 212 214 216 216 216 217 216 215 214 214 214 212 209 205
215 214 214 216 219 217 219 217 215 213 211 211 212 213 211 211 214 213 212 212 210 209 209 210 209 208 208 207 209 210 208 208 206 205 205 206 206 208 207 207 207 206 205 203 201 202 200 202 202 201 201 203 204 206 205 204 204 205 207 208 209 209 210 209 209 209 210 211 211 211 211 212 214 213 215 216 217 216 214 214 213 214 212 209 204
217 214 215 217 218 216 216 218 215 214 214 212 211 211 210 211 213 214 212 211 212 211 208 207 207 208 208 209 209 209 206 207 206 205 205 206 207 207 206 207 208 206 205 204 202 201 201 202 203 202 201 202 204 206 204 204 204 206 207 208 208 209 210 209 209 209 209 210 211 212 212 213 213 212 214 215 215 214 213 213 212 211 212 208 205
216 214 214 215 219 216 216 218 216 215 214 212 211 211 210 211 213 214 214 212 210 212 209 207 207 207 208 208 209 209 208 206 205 204 206 206 206 207 204 206 208 206 205 204 203 200 200 201 202 202 201 203 204 206 205 204 204 204 206 207 207 208 210 210 209 209 208 208 210 212 213 213 212 211 212 213 212 212 211 210 209 209 209 209 206
215 214 213 215 218 215 216 218 215 215 213 212 210 212 209 211 212 212 214 213 210 211 210 208 207 206 206 207 208 207 208 208 206 204 205 204 205 207 206 206 207 207 205 204 202 202 201 201 202 201 202 203 204 206 205 204 204 203 205 206 207 208 208 209 210 208 208 208 210 211 212 213 212 211 212 211 210 210 209 207 207 207 207 207 205
214 211 214 216 218 214 215 218 216 214 213 212 210 212 210 210 210 211 213 213 211 211 210 208 207 206 204 205 206 206 206 208 206 205 204 205 206 206 206 206 208 206 204 203 203 201 201 201 200 200 201 203 204 206 205 205 204 203 203 204 205 207 208 206 210 209 208 207 208 210 211 212 211 210 210 208 207 209 209 206 206 204 204 203 203
213 214 216 217 218 214 215 218 215 214 213 212 211 210 211 209 209 211 212 213 213 211 211 209 208 207 204 205 206 205 207 208 207 206 205 205 206 206 206 206 207 207 205 202 202 202 200 200 200 200 202 203 204 206 206 205 205 202 202 203 206 207 207 208 209 207 208 205 206 209 211 211 210 209 208 207 207 208 208 206 204 204 202 201 202
212 214 213 216 218 214 215 218 215 215 214 212 211 209 211 209 209 210 210 212 213 211 210 209 208 207 205 204 205 205 207 208 206 205 205 205 205 206 206 206 207 207 206 204 202 201 200 200 200 200 201 203 205 205 205 204 204 202 202 204 206 207 206 208 209 207 207 206 202 204 206 210 210 208 206 207 206 207 207 205 205 202 199 200 202
211 209 212 215 218 215 214 218 217 215 215 211 210 209 210 210 207 209 211 212 213 211 209 209 206 206 204 204 204 204 206 208 206 205 204 203 204 206 205 206 207 207 207 206 205 201 200 200 200 201 202 203 204 206 206 204 203 202 202 204 206 205 206 207 207 206 206 205 204 205 207 209 208 207 206 205 205 206 206 206 205 203 201 200 203
209 212 214 216 218 216 214 216 218 216 214 209 208 207 208 209 207 209 210 211 213 211 210 209 208 206 204 204 204 205 207 207 206 204 203 202 205 204 204 205 208 206 207 206 206 204 202 200 200 201 203 204 205 205 205 203 202 202 203 204 206 205 206 207 206 205 205 205 207 208 209 209 208 207 204 204 204 205 206 204 204 203 202 200 202
212 214 216 217 218 215 213 214 216 216 212 210 208 206 205 208 208 210 211 211 213 210 208 208 209 207 205 205 203 205 206 207 206 205 203 203 205 203 203 207 208 207 206 206 205 205 203 202 201 200 202 204 205 206 205 203 201 202 204 205 205 204 206 207 205 205 205 206 207 208 209 208 207 206 203 203 204 204 205 203 203 202 200 201 202
211 214 216 218 217 215 212 213 214 217 215 211 209 205 205 207 207 208 209 211 213 211 208 207 209 208 206 205 204 204 206 207 206 205 203 205 205 205 206 208 208 207 206 205 205 205 204 202 201 201 203 204 204 204 204 204 202 202 204 204 204 204 206 206 205 204 205 206 206 207 208 207 206 205 203 203 203 204 204 202 201 201 200 200 201
212 215 217 217 215 213 212 214 215 217 215 210 207 205 205 207 206 208 210 211 212 210 207 207 209 208 206 205 204 204 205 207 205 204 204 204 205 206 209 209 208 207 205 204 204 204 202 202 201 201 203 204 203 204 204 203 202 202 203 204 203 204 205 206 204 204 203 205 205 206 208 206 205 203 203 203 203 204 204 202 203 202 201 200 201
213 215 217 216 215 212 211 212 215 217 214 211 210 208 207 208 209 210 210 212 211 210 208 207 208 208 207 205 203 204 205 206 204 203 203 204 206 208 208 206 207 206 204 203 202 202 200 200 200 200 202 203 203 205 203 202 201 201 203 203 202 203 204 205 203 203 203 203 205 206 207 205 204 202 202 203 203 204 204 203 203 201 201 200 200
212 214 216 214 213 210 211 214 216 217 215 212 211 211 209 207 209 210 212 213 211 209 207 207 207 207 206 204 203 203 204 206 205 203 203 204 205 207 208 206 205 206 203 202 200 200 200 199 199 201 203 202 204 205 203 202 201 201 203 202 202 202 204 204 203 203 202 200 200 205 207 203 202 201 202 202 201 203 204 203 203 203 202 200 201
