data_and_outputs/predictor_data/021/bioclim_16.asc
NCOLS 1199 
NROWS 625 
XLLCORNER -17.966918 
YLLCORNER -10.0196949358429 
CELLSIZE 0.0416666688395203 
NODATA_value -9999 
[rows 532 to 569 of 625, columns 1020 to 1104 of 1199]
569 564 554 550 543 542 534 525 527 525 525 522 525 513 512 516 518 525 507 503 498 496 498 499 496 493 492 496 492 491 481 476 480 482 487 490 492 497 502 505 503 500 499 497 491 487 485 482 483 483 482 482 482 484 484 484 484 485 489 491 492 494 495 497 500 503 505 507 509 513 515 519 519 519 526 523 522 529 532 538 544 542 547 548 551
567 562 557 554 553 542 534 530 527 525 525 528 529 524 515 513 515 517 510 504 498 504 508 514 508 502 499 497 490 485 480 481 493 493 496 496 499 503 506 505 502 501 500 497 492 490 488 485 484 485 485 485 487 487 486 488 488 488 490 493 495 497 498 500 503 505 507 509 512 516 522 523 525 524 533 530 528 528 535 541 549 549 552 553 555
572 566 562 558 548 538 538 533 534 531 527 525 523 522 515 509 511 508 503 502 506 513 515 526 528 515 498 495 488 482 485 487 493 496 498 502 503 510 508 503 500 499 496 495 493 491 489 489 488 488 488 489 488 487 490 491 491 492 495 496 499 500 502 504 505 509 515 514 519 516 522 529 529 529 536 538 533 529 534 540 548 549 549 551 556
574 567 561 552 544 542 540 537 535 536 532 529 519 514 513 513 511 515 509 507 509 517 529 526 536 522 497 488 489 491 493 493 496 503 504 501 507 510 514 508 505 496 493 493 492 491 490 491 491 490 489 488 488 490 492 491 491 500 503 497 499 501 503 504 506 510 515 522 521 519 521 525 530 533 537 537 534 534 533 540 545 544 548 552 552
571 562 556 554 544 542 539 539 539 531 525 520 522 516 514 517 516 514 514 513 517 521 527 522 529 537 514 492 491 493 499 495 498 506 506 505 507 513 512 506 503 506 499 494 492 492 490 489 489 489 488 489 489 490 491 492 491 491 494 497 499 501 502 505 507 509 514 522 524 521 522 529 532 538 538 539 537 535 533 537 539 538 544 548 546
570 561 561 559 547 542 543 539 534 534 531 527 526 525 520 516 524 527 525 526 526 524 527 528 530 552 536 506 495 495 501 504 505 510 510 515 514 520 518 513 509 500 497 494 492 492 492 492 492 492 491 490 492 493 494 493 494 494 496 500 501 502 504 507 509 513 515 520 526 525 523 528 533 539 538 544 543 539 540 537 540 542 547 547 550
571 566 566 558 551 550 547 546 540 539 537 536 538 530 524 525 523 533 536 531 527 529 531 539 533 541 550 526 501 501 506 519 520 520 514 520 523 523 517 510 505 504 498 496 494 493 493 494 494 494 494 495 495 497 497 497 498 497 500 506 507 507 507 511 513 518 520 525 533 531 531 530 532 537 540 544 547 546 545 539 544 548 550 550 549
575 570 568 563 559 553 553 552 543 544 545 541 537 532 530 533 537 528 538 531 529 532 536 545 544 538 557 540 506 509 516 526 531 524 527 526 531 519 509 505 503 503 501 498 496 496 496 496 497 497 497 499 498 498 498 498 499 500 501 504 509 510 510 512 515 520 525 529 535 538 535 539 538 538 542 546 551 549 544 545 545 545 545 547 550
568 568 567 564 562 558 552 552 549 547 542 542 546 538 537 533 541 536 529 531 537 547 546 544 550 541 554 549 515 515 525 526 535 530 530 534 521 511 504 502 501 499 498 496 500 498 498 496 496 498 497 496 494 497 499 500 500 501 503 506 507 509 511 512 517 521 526 532 540 541 538 544 541 543 546 545 549 547 549 546 551 548 547 548 554
570 561 559 553 556 558 553 553 552 549 549 546 551 545 542 540 542 542 536 530 528 543 559 544 547 546 552 558 522 519 536 528 535 541 538 536 516 509 509 503 506 505 501 497 497 498 498 497 495 496 494 494 496 498 498 499 501 502 501 505 507 509 511 514 516 520 527 532 538 542 541 544 548 544 549 550 551 551 552 548 555 551 549 548 555
564 555 544 542 541 551 551 550 551 551 555 551 547 548 544 549 549 543 536 532 528 537 558 561 561 554 554 568 537 532 539 538 543 544 542 537 529 524 513 507 506 506 501 498 495 495 496 496 495 494 492 495 497 497 499 500 503 502 504 506 508 510 511 517 518 521 526 529 536 541 542 544 547 549 547 546 548 553 555 554 554 555 550 547 551
561 544 536 535 539 534 544 550 548 548 549 547 542 542 535 543 539 538 534 536 535 534 543 549 565 557 563 563 548 534 548 550 550 552 549 544 533 527 519 508 502 501 497 496 496 496 493 494 494 496 494 499 498 498 503 502 504 505 504 508 510 511 513 519 520 523 526 533 535 536 539 544 543 546 541 545 552 551 553 559 557 554 552 551 548
559 541 535 531 528 526 538 538 548 550 556 557 554 542 536 538 539 545 547 545 545 535 537 544 556 556 559 564 558 541 549 559 557 555 552 546 542 534 525 510 507 507 503 500 503 500 497 493 493 493 495 501 502 500 507 505 504 504 506 509 509 512 514 520 522 524 527 529 535 538 541 539 543 540 543 549 550 549 553 553 556 555 559 555 554
546 538 534 529 525 526 528 539 549 551 560 556 553 546 541 544 541 551 552 555 543 541 537 545 551 548 552 560 564 550 561 562 555 550 545 541 539 531 525 513 506 503 499 496 497 496 493 490 490 490 498 499 503 500 502 502 505 504 505 508 510 512 515 522 522 525 527 528 534 535 537 537 542 538 545 547 547 548 552 549 551 552 553 554 558
541 533 533 532 531 530 533 539 554 557 556 554 552 543 549 552 549 552 559 554 552 540 546 544 552 556 567 576 573 572 569 564 559 550 556 547 541 528 522 517 505 501 498 496 495 492 492 490 493 493 495 500 504 501 501 503 507 505 505 508 511 514 516 522 524 523 525 529 532 537 534 538 539 539 541 546 546 546 550 549 548 549 551 555 554
538 536 534 534 534 534 542 559 561 557 552 552 550 552 556 561 561 561 560 554 551 552 546 553 553 563 572 594 583 577 573 565 562 566 564 551 545 538 519 511 505 508 502 500 496 494 493 492 494 495 497 508 509 501 500 503 506 505 505 507 510 513 517 519 522 523 526 528 530 536 534 536 537 541 544 544 546 550 553 549 547 551 554 550 547
546 541 539 538 535 539 550 553 562 560 562 558 561 555 560 568 570 561 557 554 559 564 557 550 559 561 567 578 580 575 578 573 572 573 574 568 559 528 514 514 522 521 504 497 494 493 494 496 498 496 497 511 511 502 500 504 508 508 506 506 510 512 515 517 521 523 527 529 533 534 536 542 545 544 549 549 550 552 554 552 548 547 548 545 543
540 539 538 542 545 541 539 554 568 569 565 568 569 562 571 571 564 565 569 564 572 570 577 566 554 563 562 577 580 582 593 586 578 576 582 577 560 535 514 512 512 517 501 500 496 493 500 506 499 496 498 505 505 500 501 503 508 505 505 507 512 514 516 516 519 523 527 531 534 538 541 546 546 549 551 555 554 556 557 555 550 544 543 542 543
555 540 540 542 539 536 542 570 577 572 575 581 572 574 576 571 576 576 576 573 583 586 588 578 562 558 561 570 570 584 591 590 586 582 584 576 562 539 513 517 512 504 513 503 496 494 499 508 501 497 499 501 501 499 503 505 505 507 504 507 512 513 516 519 523 525 526 527 531 536 543 546 542 546 548 550 551 552 552 551 549 541 540 543 546
563 559 543 542 540 544 555 579 580 585 582 582 584 584 577 575 585 591 579 586 594 593 591 586 577 564 572 567 577 578 587 598 593 586 587 578 556 527 529 529 515 506 510 504 497 494 496 505 499 498 499 507 504 505 503 505 507 507 504 507 511 514 517 523 532 533 534 532 535 535 536 540 540 544 546 547 547 551 553 548 542 540 541 543 547
570 572 554 551 556 556 565 585 587 588 594 591 593 591 585 589 594 605 601 590 584 597 601 594 582 575 570 574 580 584 600 610 601 594 592 586 566 538 543 532 520 508 508 499 496 493 498 502 501 503 502 504 504 520 510 506 507 509 506 507 510 513 520 530 535 539 538 539 543 541 539 539 541 541 542 546 547 553 554 547 542 541 542 544 545
582 578 566 564 562 577 584 596 594 596 603 602 600 600 599 604 607 613 606 602 591 607 604 604 603 591 571 579 583 586 601 604 603 592 588 584 572 555 541 522 515 513 508 501 497 496 501 502 503 507 506 506 515 521 512 507 506 506 506 508 512 515 521 531 536 542 541 547 548 548 544 543 544 544 544 544 546 551 549 544 542 543 544 547 547
594 582 586 583 575 580 583 597 607 603 608 607 610 614 610 615 616 610 605 600 606 606 603 613 606 585 586 583 585 593 613 600 599 589 582 582 575 548 531 524 520 518 506 501 497 497 498 501 502 507 510 517 521 514 505 505 506 506 505 508 510 516 522 528 534 541 543 548 553 553 545 547 547 549 550 546 546 547 546 543 544 546 545 546 550
614 595 601 593 588 587 587 597 606 614 615 617 617 614 617 606 610 615 612 600 607 609 595 605 603 594 599 588 590 589 608 599 596 588 582 583 577 566 540 531 529 513 506 499 495 498 502 500 506 510 515 522 524 514 503 501 501 502 505 506 510 514 520 523 530 537 541 545 551 549 545 550 549 553 554 546 544 545 547 544 544 546 547 548 548
615 607 607 604 598 593 601 601 608 616 618 623 620 611 614 616 607 612 614 605 601 607 604 614 625 619 611 601 594 593 613 599 593 588 586 586 581 570 557 531 518 511 506 502 498 498 502 505 508 518 517 517 518 508 501 502 504 502 504 505 509 515 519 526 531 540 543 547 548 548 553 554 554 557 554 550 546 545 545 547 545 546 545 546 545
616 619 616 616 609 603 607 617 620 623 617 624 623 615 611 615 613 608 610 604 617 628 619 626 636 639 625 611 597 604 606 602 593 595 592 596 590 586 563 551 514 509 505 500 497 498 500 505 514 514 511 512 509 504 507 520 507 502 503 503 510 516 526 532 534 543 547 555 553 552 557 558 560 557 558 554 548 546 545 546 545 544 545 545 545
616 620 628 626 619 612 617 627 625 618 620 623 620 615 611 616 619 624 616 628 640 637 635 646 652 658 637 620 607 604 605 598 595 598 601 602 587 574 551 537 516 507 504 501 500 500 499 503 507 506 511 513 507 507 512 505 501 501 500 504 510 517 526 534 537 544 548 557 556 553 561 561 561 561 560 556 552 548 544 545 545 548 549 551 550
624 617 641 642 634 629 631 635 630 619 619 620 621 626 625 631 632 629 621 631 642 649 650 657 670 668 649 634 616 603 602 589 591 599 604 594 575 551 545 546 525 519 512 503 501 503 505 503 510 512 511 517 510 499 497 495 497 499 498 501 509 515 526 530 539 543 547 552 557 557 562 564 565 564 567 562 554 548 545 543 543 543 544 547 552
628 620 634 646 644 644 638 637 632 623 628 635 635 641 638 628 626 623 633 635 648 661 666 670 681 661 659 645 625 613 601 583 572 578 607 597 562 546 536 533 520 530 522 502 504 502 507 508 510 509 503 508 504 500 497 496 498 495 495 501 507 515 519 525 535 538 545 552 559 556 562 562 566 565 562 557 552 547 545 545 543 542 540 545 548
632 622 632 639 646 645 645 647 641 641 642 645 648 642 639 635 625 640 638 644 663 668 674 673 681 663 653 653 633 619 601 588 569 568 596 583 548 542 536 522 516 512 507 501 503 504 508 506 507 502 505 516 511 496 491 491 491 491 492 498 506 513 518 524 530 535 544 556 560 554 559 560 563 565 562 556 548 547 544 549 547 546 544 540 544
633 627 632 646 655 652 653 651 650 645 648 647 647 646 638 635 632 648 645 653 665 676 684 680 680 675 663 648 629 615 613 599 579 562 562 560 542 536 527 521 517 511 506 509 506 510 504 498 498 493 500 506 506 492 490 487 487 488 492 499 504 510 518 527 528 533 541 548 555 555 552 557 558 561 559 554 550 550 547 551 548 547 549 544 540
640 632 640 644 658 653 652 651 652 646 647 647 653 645 644 641 636 650 656 652 656 671 677 682 684 678 674 639 609 605 612 598 583 576 559 549 544 535 530 527 520 511 515 508 509 520 514 493 489 488 489 495 498 491 491 482 483 484 491 498 502 509 516 523 524 533 539 548 550 551 550 550 554 558 554 549 552 549 548 552 549 549 552 548 543
642 633 646 647 659 659 660 658 660 652 646 644 647 649 652 648 639 652 660 663 658 665 666 668 664 665 660 626 600 597 597 582 576 584 598 569 553 547 540 528 523 519 509 502 508 504 510 491 483 482 481 480 488 477 481 475 477 482 489 492 500 506 515 517 521 530 537 543 546 544 548 548 553 555 551 552 551 548 547 552 551 551 553 549 545
643 635 644 648 657 663 665 662 656 653 655 648 646 651 646 641 643 646 661 657 661 663 658 646 653 659 643 620 596 588 590 587 571 585 588 570 556 557 551 544 533 518 512 508 499 498 493 486 482 476 474 471 471 470 470 469 474 479 484 489 495 506 509 515 518 522 532 538 540 541 544 540 546 547 547 552 551 547 545 550 551 551 552 548 544
646 639 641 648 650 656 667 665 660 661 660 654 645 645 637 642 655 643 659 653 658 657 644 640 650 645 631 613 593 582 583 596 581 575 563 555 554 556 559 556 528 514 509 504 496 495 491 487 476 470 468 468 474 464 463 464 470 477 482 487 490 499 507 511 515 521 527 537 538 536 540 537 538 539 542 547 548 545 546 546 549 556 548 547 542
650 644 642 648 646 650 662 668 667 668 665 659 650 637 642 649 649 649 656 653 646 652 639 638 643 631 631 608 590 578 575 580 571 559 549 546 545 560 561 545 523 516 533 509 498 499 505 480 471 469 472 484 463 461 461 459 465 472 478 485 487 492 498 504 515 518 521 534 534 530 535 533 532 535 536 538 543 543 543 544 553 559 548 544 537
653 648 644 647 651 652 658 672 673 668 662 659 655 652 644 640 643 659 657 649 638 638 633 638 636 625 618 602 589 577 570 582 569 566 559 545 547 558 550 532 519 518 532 511 499 531 510 476 471 473 490 470 459 459 452 455 460 468 478 482 485 486 490 497 507 521 521 533 529 526 531 530 527 530 537 534 539 540 545 545 558 554 541 538 533
656 653 646 643 648 655 661 670 671 669 662 663 659 652 639 648 653 664 656 639 633 632 626 630 629 634 614 600 593 578 567 578 575 578 575 550 538 552 539 525 524 517 515 503 518 524 492 473 476 493 473 460 453 447 447 450 458 464 470 481 482 481 485 493 501 518 520 521 520 522 527 522 522 530 538 532 535 539 549 557 564 566 541 534 535
