data_and_outputs/predictor_data/021/bioclim_01.asc
NCOLS 1199 
NROWS 625 
XLLCORNER -17.966918 
YLLCORNER -10.0196949358429 
CELLSIZE 0.0416666688395203 
NODATA_value -9999 
[rows 570 to 607 of 625, columns 1020 to 1104 of 1199]
200 201 203 202 200 201 200 197 196 198 198 200 202 203 202 201 201 199 200 203 203 205 205 207 206 203 205 208 209 210 211 205 203 201 205 211 209 207 209 209 206 206 206 205 204 197 205 206 202 210 209 208 216 219 221 221 219 217 216 212 217 221 221 217 215 216 215 215 213 214 217 220 219 214 217 217 217 216 209 203 196 199 217 217 219
201 202 202 202 200 198 199 197 196 197 197 199 201 201 201 201 200 198 199 201 202 204 205 207 208 206 208 209 210 210 212 208 207 208 210 212 212 211 211 210 207 204 206 209 203 201 205 207 208 205 202 208 215 218 218 220 221 220 217 211 218 222 221 219 218 218 218 216 212 212 218 218 213 203 213 214 214 215 212 209 196 198 212 216 217
199 202 201 200 199 198 196 196 197 197 199 200 201 201 201 201 199 196 202 204 205 204 204 205 208 210 211 210 211 211 212 212 211 211 212 213 211 211 211 211 208 210 212 210 209 209 211 210 209 210 209 206 210 213 216 218 221 222 220 218 223 223 222 222 220 220 220 213 207 214 215 207 198 202 200 193 210 212 212 207 199 197 206 216 219
201 201 201 200 199 197 196 196 196 198 200 198 200 200 201 201 201 201 204 204 206 208 207 209 209 210 212 212 211 211 213 213 212 212 213 213 209 210 212 213 213 214 213 212 211 211 212 212 210 209 210 209 208 212 217 218 219 220 222 223 223 223 222 222 221 220 217 209 207 214 209 202 201 193 198 204 207 210 210 209 201 205 212 217 218
199 199 199 200 200 198 195 196 197 199 199 196 199 199 200 201 201 202 204 207 206 210 212 212 211 211 211 211 212 213 214 213 211 210 210 213 210 209 209 212 212 215 213 209 204 207 213 210 211 210 209 208 208 211 216 219 220 221 222 223 223 223 222 222 221 219 217 205 209 212 204 206 201 195 200 201 204 206 205 206 197 199 216 216 216
198 198 197 197 199 197 195 195 196 198 199 196 196 198 199 201 201 205 208 209 210 211 211 211 211 213 213 212 211 212 214 211 212 211 212 214 211 208 204 209 211 215 213 211 211 207 212 214 215 214 211 210 213 212 217 220 222 222 222 223 223 223 223 222 220 218 207 202 207 209 207 207 205 204 202 198 195 201 197 200 195 209 215 212 214
196 196 197 195 196 195 195 196 199 199 200 196 197 199 199 199 201 205 206 204 205 209 211 210 211 211 213 214 212 212 213 214 214 213 214 215 212 210 206 208 209 214 216 214 212 210 209 211 213 217 215 215 214 216 219 221 222 222 222 223 223 223 222 219 215 211 196 203 207 205 196 196 198 201 200 190 187 196 194 192 203 213 214 213 212
198 195 197 195 195 195 196 199 198 197 198 196 196 197 199 198 200 203 203 204 205 209 210 206 204 209 213 213 214 214 213 214 215 216 216 217 215 211 210 205 210 211 215 216 214 210 211 213 211 216 217 214 215 219 221 222 222 222 222 222 223 223 219 216 215 203 207 204 200 201 191 187 196 198 191 186 189 191 191 196 208 212 211 213 209
197 195 196 195 195 195 199 196 196 195 198 197 195 197 198 197 198 201 199 201 204 207 209 205 201 210 212 213 214 215 215 216 216 214 216 216 217 216 214 210 213 212 215 217 215 216 217 217 217 217 218 218 219 221 221 222 222 222 222 222 223 222 219 217 213 210 203 200 194 200 194 192 193 186 183 185 186 186 201 206 210 207 210 212 210
196 196 197 195 195 197 198 196 195 196 197 198 196 196 197 197 198 200 197 196 201 205 208 208 204 205 209 211 211 212 214 215 214 213 214 215 216 217 217 216 215 215 216 219 219 219 220 219 219 220 220 221 221 221 221 222 222 222 222 222 222 220 218 216 215 213 198 195 196 197 191 189 187 184 181 182 179 190 197 204 207 204 210 210 208
196 196 197 195 195 195 198 196 196 196 197 196 195 196 196 197 198 198 196 196 200 200 204 205 204 200 203 209 212 214 215 215 215 214 215 216 215 216 216 217 218 218 218 215 215 217 218 220 221 220 221 221 221 221 222 222 222 222 222 222 221 220 219 217 211 208 205 202 192 194 189 189 187 184 181 177 179 188 194 203 204 204 209 210 206
198 196 197 195 196 198 198 196 196 197 197 197 196 195 196 197 197 197 196 196 197 195 197 197 197 199 205 210 211 213 214 215 214 214 215 215 215 215 216 216 214 215 216 214 214 219 220 221 221 221 221 221 221 221 222 222 222 222 221 220 220 219 217 217 210 212 209 204 196 193 193 188 186 182 180 181 185 189 199 204 201 203 209 207 203
197 196 196 196 196 199 197 195 197 197 196 196 196 196 197 196 197 196 196 195 195 195 195 196 197 197 203 198 211 213 214 215 214 214 215 215 214 215 215 215 211 214 217 217 220 221 221 221 221 221 221 221 221 221 221 222 221 221 220 217 216 218 214 209 209 207 188 190 198 193 188 186 187 187 186 182 183 187 196 199 197 201 207 204 200
197 196 195 196 195 198 198 195 197 196 196 195 196 196 196 196 196 197 196 195 196 196 196 197 195 195 198 201 212 213 215 215 214 212 214 215 214 214 215 214 213 215 219 221 221 221 221 221 221 221 221 221 221 221 221 221 221 219 218 215 209 211 217 211 213 197 190 187 187 192 192 190 189 187 186 182 181 183 191 196 195 201 206 202 197
196 196 195 195 197 198 198 196 197 196 196 196 196 196 196 196 197 196 196 195 196 195 196 195 195 198 209 210 214 215 215 214 212 210 213 213 211 214 215 213 210 215 220 221 221 221 221 221 221 221 221 221 221 221 221 221 220 217 211 209 197 206 208 211 209 191 178 177 181 188 191 191 188 184 183 182 181 179 186 190 199 201 201 198 196
196 196 195 196 196 199 196 196 197 196 196 196 196 196 196 197 196 196 196 196 195 197 198 202 205 207 212 214 211 213 214 212 206 211 214 211 210 215 216 213 215 218 221 221 221 221 221 221 221 221 221 221 221 221 221 220 219 217 204 200 204 195 198 207 187 182 183 179 185 185 189 190 185 183 180 178 177 178 182 187 195 192 198 195 187
195 195 195 197 198 197 196 196 197 197 196 196 196 196 197 197 196 197 198 198 200 206 209 208 210 210 208 210 207 212 212 212 210 213 212 207 210 215 217 217 218 220 221 221 221 221 221 221 221 221 221 221 221 221 220 219 215 209 205 203 195 182 205 185 173 177 178 182 182 183 186 187 188 183 182 179 180 181 181 184 188 194 196 195 190
195 196 197 198 196 196 196 197 196 197 196 196 196 197 196 197 197 198 197 198 197 198 199 196 201 205 203 210 212 208 202 208 211 212 210 208 211 215 218 219 220 221 221 221 221 221 221 221 221 221 221 221 221 220 218 214 203 191 202 201 182 199 181 172 173 178 170 178 177 177 181 184 188 186 186 185 184 183 182 181 185 189 191 191 188
196 196 197 197 196 195 196 197 197 197 196 197 197 196 196 197 198 198 197 196 197 197 196 196 197 198 197 208 211 207 202 202 209 208 205 209 213 216 218 219 221 221 221 221 221 221 221 221 221 221 221 221 221 219 213 203 192 194 202 192 195 179 169 173 175 172 173 168 165 174 182 184 187 184 183 183 182 182 180 181 183 188 188 187 190
196 196 198 197 196 196 196 197 197 196 197 197 196 196 196 198 198 197 197 197 197 197 197 197 199 198 200 209 208 205 200 199 204 204 202 204 214 217 218 220 221 221 221 221 221 221 221 221 221 221 221 220 220 219 211 199 194 200 189 184 174 169 171 170 173 175 167 171 174 178 179 185 185 182 180 181 179 179 182 185 184 186 189 190 192
196 197 196 196 197 196 197 196 196 196 196 196 196 196 197 198 198 197 197 198 197 198 200 204 204 198 205 208 205 203 202 199 202 201 201 207 216 217 219 220 221 221 221 221 221 221 221 221 220 220 218 218 217 218 209 198 200 194 179 169 169 168 172 171 174 175 175 178 179 178 182 182 181 179 178 177 179 182 187 186 185 189 191 192 194
196 196 196 196 197 197 196 195 197 196 196 196 196 197 197 197 197 197 198 198 199 204 205 206 206 205 207 207 203 200 199 197 199 196 200 208 216 217 219 221 221 221 221 221 221 221 221 220 219 218 216 216 217 219 209 203 202 177 169 172 168 168 169 175 178 179 180 176 177 178 179 180 179 177 176 178 184 188 189 189 189 191 193 194 195
196 197 196 196 196 196 196 195 196 196 196 196 196 196 197 197 197 197 197 197 198 202 205 207 207 207 207 207 204 199 197 196 198 199 199 207 217 216 220 221 221 221 221 220 221 221 220 220 218 217 215 215 216 218 212 209 184 172 172 170 164 168 174 176 178 179 176 173 174 177 182 181 180 179 178 179 182 186 190 191 191 193 194 196 197
196 197 196 195 195 195 195 195 195 196 195 195 196 199 200 198 197 198 198 199 204 206 207 206 206 204 204 206 206 204 201 200 199 200 200 215 218 220 221 221 221 221 220 220 221 220 220 218 218 216 214 216 218 218 213 200 174 173 173 167 163 170 172 174 177 176 174 175 178 180 180 178 178 178 177 178 181 184 190 192 192 195 197 198 198
196 195 195 195 195 195 194 195 195 195 195 195 198 202 203 200 201 202 204 206 206 207 206 204 204 203 200 203 204 203 202 203 202 205 211 220 221 221 221 221 221 221 221 220 220 220 220 217 216 215 212 213 216 214 206 181 174 173 172 165 161 163 167 173 176 174 176 178 180 179 178 177 177 177 177 180 185 188 191 193 195 196 196 196 196
196 195 195 195 195 196 196 197 197 198 195 198 200 202 204 203 203 205 206 206 205 204 204 199 199 201 200 203 204 204 205 207 207 213 220 221 221 221 221 221 220 220 220 220 220 219 219 217 215 212 206 213 217 212 189 176 177 169 171 166 161 158 170 173 173 172 174 176 178 176 176 176 175 176 181 186 188 190 192 194 195 192 186 187 185
196 195 195 195 196 196 195 195 196 198 199 199 202 203 201 198 200 202 205 204 204 201 201 197 200 202 203 204 205 205 207 210 216 215 220 221 220 221 220 220 220 220 220 220 219 218 218 216 214 210 209 214 216 211 184 178 175 164 168 164 160 164 170 172 171 170 171 174 176 175 175 175 176 183 185 187 189 191 193 192 191 187 182 178 179
196 194 195 195 195 195 195 194 195 198 196 199 202 201 199 199 199 201 204 202 201 197 197 199 202 204 205 206 206 208 207 212 218 219 220 220 220 220 220 220 220 220 220 219 218 218 216 214 212 205 211 215 215 209 180 183 179 163 164 161 156 163 169 167 166 170 171 175 175 175 175 180 184 186 187 188 190 191 192 190 188 182 178 175 179
195 195 195 195 195 194 194 195 195 197 196 199 200 198 197 198 200 203 204 203 200 198 200 203 204 204 204 207 208 208 206 217 220 221 220 220 220 220 220 220 220 220 219 218 218 216 213 212 209 205 212 215 211 201 178 186 170 161 160 159 156 163 162 159 166 173 176 178 178 182 185 188 188 190 192 192 193 192 191 188 182 178 172 174 175
194 195 195 195 195 194 195 195 195 196 196 196 198 197 198 200 201 205 204 204 205 202 202 204 205 206 205 207 208 209 212 220 220 220 220 220 220 220 220 220 219 219 219 218 217 215 210 205 203 204 213 215 208 194 194 187 164 161 160 158 158 162 159 160 167 171 178 180 180 186 194 192 194 193 195 195 193 189 187 183 175 174 173 168 172
194 194 195 195 195 195 195 196 195 195 196 196 196 197 198 199 200 207 208 204 205 207 205 205 208 210 208 210 209 215 219 220 220 220 220 220 220 219 219 219 219 219 218 218 216 214 212 198 199 205 211 214 211 204 194 174 164 161 160 159 160 159 161 162 165 176 181 181 184 193 196 194 196 197 196 194 188 183 182 182 176 173 173 170 174
195 194 195 195 194 194 196 197 197 197 198 196 196 197 198 199 203 208 210 206 207 206 208 205 212 212 210 210 213 218 219 220 220 220 220 220 219 219 219 218 218 218 216 215 211 212 211 198 201 202 205 212 213 207 184 166 165 162 159 160 161 162 166 170 178 182 185 187 194 197 197 197 198 197 195 183 175 174 174 177 174 171 171 168 171
195 195 195 195 195 196 196 196 198 198 199 199 200 201 201 202 204 207 210 210 211 210 211 210 214 213 211 210 215 217 218 219 219 220 219 219 219 219 218 218 217 217 215 210 206 211 209 200 200 199 200 204 213 199 170 166 166 165 162 162 162 167 176 186 190 191 191 195 197 198 198 199 196 187 186 173 171 172 171 170 169 169 169 167 174
194 195 195 195 195 195 195 196 196 196 198 199 199 199 201 202 202 202 204 207 212 212 212 211 212 215 212 210 215 216 215 216 219 219 219 219 219 218 218 218 217 216 214 207 204 209 207 198 198 190 197 198 211 200 185 185 187 174 168 170 172 177 183 188 193 193 193 196 198 200 199 197 183 177 172 169 169 168 166 168 168 167 166 169 171
195 195 195 195 195 195 196 197 196 196 196 197 198 199 201 200 201 201 207 211 211 208 207 204 211 214 215 213 215 212 211 212 217 219 219 219 219 218 217 217 213 214 212 200 198 205 201 197 191 187 192 195 202 210 205 200 194 186 185 179 181 186 188 192 195 194 196 197 200 200 197 186 173 169 164 165 165 165 167 167 167 167 170 169 168
196 195 195 196 196 196 196 196 196 197 197 198 199 200 198 198 200 203 207 211 208 203 206 209 214 215 215 212 210 210 217 218 218 219 219 219 218 216 216 216 211 209 211 199 196 198 197 188 185 189 192 192 197 205 187 178 165 165 172 182 189 189 192 194 197 196 197 199 200 200 187 172 170 165 162 161 163 165 166 166 167 169 172 176 177
195 195 196 196 197 197 197 197 198 199 199 199 200 200 200 200 203 205 209 211 206 207 209 213 215 215 216 211 209 215 215 217 218 218 218 218 215 212 216 213 206 203 206 193 193 194 193 177 180 186 191 199 204 203 186 166 162 168 174 187 192 193 192 195 198 198 199 200 200 200 184 172 169 164 162 162 163 163 162 164 165 168 170 177 180
196 196 196 196 197 198 200 200 201 201 202 202 204 204 205 204 207 210 210 208 206 207 212 214 214 212 214 214 214 215 214 216 217 217 217 215 211 213 212 200 200 197 197 188 193 189 183 175 169 181 194 197 197 203 184 168 177 179 188 192 194 194 194 197 199 200 200 200 201 200 184 171 167 165 165 163 162 161 161 163 164 166 170 174 176
