data_and_outputs/predictor_data/021/bioclim_17.asc
NCOLS 1199 
NROWS 625 
XLLCORNER -17.966918 
YLLCORNER -10.0196949358429 
CELLSIZE 0.0416666688395203 
NODATA_value -9999 
[rows 360 to 399 of 625, columns 900 to 989 of 1199]
161 163 164 165 167 168 169 169 169 168 168 168 168 166 166 165 166 165 165 164 164 164 164 163 163 164 165 166 165 166 166 167 166 167 168 170 171 171 170 171 171 172 172 173 175 176 177 177 178 178 177 178 179 180 181 181 183 183 183 182 182 181 181 181 181 182 182 181 180 179 180 177 176 175 173 173 173 170 168 168 169 168 166 165 165 162 164 163 164 162
164 166 167 168 169 171 171 171 172 171 171 171 171 170 169 169 169 168 167 167 166 167 167 166 166 167 168 169 168 168 170 169 170 170 171 172 173 174 174 175 176 177 176 177 179 181 182 182 182 182 182 182 182 183 184 186 186 187 187 187 188 188 186 185 185 185 185 183 183 184 183 181 179 179 177 177 176 174 172 171 171 173 171 170 169 167 165 165 165 166
168 168 170 171 172 172 173 174 174 174 174 173 174 173 173 171 172 172 171 170 170 170 169 168 169 169 170 171 171 170 172 173 173 173 174 174 175 177 177 178 179 180 180 180 181 183 184 186 186 185 186 186 185 188 188 188 189 190 191 191 192 191 189 188 188 188 187 187 187 186 185 185 183 183 181 181 178 176 176 174 176 175 174 175 173 171 171 167 169 169
170 171 172 173 173 174 175 175 176 176 176 176 175 175 175 174 173 173 173 173 172 171 171 171 170 171 171 172 172 172 173 174 174 174 175 176 177 178 179 180 181 182 183 183 184 185 187 188 188 189 189 189 189 190 191 192 191 192 193 194 194 194 193 190 191 192 191 189 188 187 187 187 185 184 183 183 182 180 178 175 178 177 177 177 175 174 175 171 170 172
173 174 175 176 176 177 177 178 179 178 178 179 179 178 177 176 176 176 176 176 175 174 175 173 174 173 175 175 174 175 177 178 179 177 177 178 179 181 181 182 184 185 185 186 188 189 190 190 192 192 192 192 192 193 194 196 196 196 196 197 197 196 196 193 192 194 194 193 192 190 190 190 190 189 186 188 185 184 182 179 181 181 180 179 180 177 178 176 174 174
177 177 178 179 180 181 180 181 182 182 182 182 182 182 180 181 181 180 179 179 179 178 178 177 177 178 179 178 178 178 180 181 181 182 182 182 184 183 185 186 188 189 190 190 192 193 194 195 195 196 196 197 197 197 197 198 199 200 201 201 201 200 200 199 197 196 196 196 195 195 196 194 193 193 192 191 190 189 185 184 184 183 183 182 182 181 181 179 180 177
180 181 181 182 183 184 184 185 185 185 185 186 185 184 183 184 184 184 183 182 182 182 182 182 181 182 183 183 181 182 183 185 186 186 186 187 187 188 188 190 191 192 193 194 195 196 198 198 198 200 200 200 200 201 202 202 202 203 203 204 205 204 203 202 201 200 199 199 199 199 198 197 196 195 195 194 191 190 190 187 188 189 187 187 186 186 185 185 184 182
183 184 184 185 186 186 187 187 187 187 187 187 187 187 186 186 186 186 186 185 185 185 185 184 184 184 186 186 184 185 186 187 187 188 189 190 191 191 191 192 193 195 195 197 197 199 200 201 201 202 203 203 203 203 205 205 205 206 206 207 207 207 205 204 204 204 202 201 200 201 199 199 198 197 197 196 194 194 192 191 189 192 191 192 191 191 189 189 188 187
185 186 187 187 188 188 189 189 189 190 190 190 190 189 189 189 189 188 188 187 186 188 187 186 186 187 188 187 187 186 187 188 189 190 191 193 194 194 193 195 196 196 197 198 199 200 202 203 204 204 205 204 205 205 206 206 207 207 208 208 209 208 207 206 207 207 205 203 203 203 202 200 200 200 200 198 197 197 196 193 192 195 195 193 193 192 192 191 192 190
188 189 189 191 190 191 191 191 192 192 192 193 193 193 191 191 192 192 190 190 190 190 190 189 190 189 191 190 190 190 191 191 192 192 194 195 197 197 198 199 199 201 202 202 203 204 205 206 207 207 207 207 208 208 209 210 210 211 211 211 212 212 210 210 209 209 209 206 206 205 205 204 205 203 203 203 201 200 199 197 195 195 197 195 194 194 194 195 195 195
192 191 193 194 193 194 194 195 195 196 196 195 196 196 195 195 195 195 194 194 194 194 194 194 194 194 194 194 194 194 196 195 195 196 197 199 200 201 202 203 205 205 206 206 208 208 209 210 210 211 211 212 212 212 212 213 214 214 214 214 215 214 214 215 214 214 212 211 211 209 208 207 207 207 207 207 205 204 202 202 199 198 197 198 201 200 200 197 199 199
195 196 196 197 197 197 198 198 199 199 198 198 199 199 199 199 199 198 198 198 198 198 198 197 197 198 198 198 198 198 198 199 199 199 200 201 204 204 206 206 208 209 210 211 212 214 215 215 215 215 215 216 216 216 217 216 217 217 217 218 218 218 218 218 218 217 215 215 214 213 212 212 210 210 209 209 209 208 208 207 205 202 202 201 201 203 202 202 204 201
197 198 197 199 198 199 200 201 202 201 200 200 201 201 202 202 202 200 200 200 200 200 200 198 199 200 200 200 200 201 201 201 201 201 203 204 206 207 208 208 211 212 213 214 215 217 218 217 218 218 218 218 219 220 219 220 220 219 220 221 221 221 220 220 219 220 219 218 218 217 216 214 214 213 212 212 212 211 211 209 207 206 206 207 204 202 203 205 204 204
198 199 199 200 200 201 201 202 203 202 202 202 203 203 203 203 202 202 201 201 201 201 201 200 201 202 202 203 202 203 203 203 203 203 205 205 208 209 210 211 212 214 214 215 217 218 219 219 220 220 220 221 221 222 222 221 222 222 223 222 222 222 221 220 220 221 220 219 219 220 218 218 216 216 214 214 214 213 213 212 210 211 208 208 209 207 204 205 204 205
200 200 201 201 201 202 203 203 204 204 203 204 204 204 203 204 204 203 203 203 202 203 202 202 203 204 205 204 204 204 204 204 205 206 206 208 209 210 211 212 214 215 216 217 218 219 220 221 221 222 223 223 224 223 224 224 224 224 223 223 223 223 223 222 222 221 221 220 219 220 220 219 218 217 217 216 215 214 214 213 212 211 211 211 211 208 207 206 208 209
202 202 202 203 203 203 204 204 204 204 205 205 205 204 204 204 204 204 204 204 204 204 203 203 204 205 206 207 207 207 206 207 208 208 208 210 211 212 214 215 216 217 218 219 221 221 222 223 223 224 225 225 225 226 225 226 225 224 225 224 224 224 224 224 224 223 224 223 223 223 221 220 219 219 219 218 217 215 214 214 215 214 214 212 214 211 213 210 207 210
203 205 204 205 205 205 206 205 205 205 206 206 207 207 205 205 206 206 206 206 206 206 206 206 205 206 207 208 208 208 209 209 209 210 211 213 214 214 215 217 218 220 220 222 223 224 225 226 226 226 226 227 227 227 226 226 226 226 226 226 226 224 225 226 224 224 225 223 223 223 221 221 221 221 219 220 218 217 216 215 215 217 214 214 215 214 214 213 210 210
205 206 206 206 207 208 208 208 208 208 208 208 208 208 208 208 208 208 208 208 208 207 208 208 208 209 209 210 210 211 212 211 212 213 214 216 216 217 217 218 221 222 223 223 225 226 227 228 228 228 228 228 228 229 229 227 227 228 228 226 227 226 226 225 225 225 225 225 224 223 223 223 223 221 220 220 219 219 216 216 217 216 214 217 215 215 216 215 212 213
208 208 208 208 208 209 209 209 209 210 210 210 210 210 210 210 210 210 211 211 210 210 210 210 211 212 211 212 212 214 214 214 215 215 217 218 219 220 220 220 222 224 224 225 226 228 229 229 229 229 229 230 230 230 230 230 229 229 229 227 228 229 228 228 228 227 227 226 225 224 225 224 223 222 221 221 219 220 217 219 219 218 215 217 217 218 218 217 214 217
209 210 210 211 210 210 211 212 211 211 211 211 212 211 212 211 211 211 212 212 212 212 212 212 212 214 214 215 215 216 216 217 218 219 220 220 222 222 223 223 224 225 226 227 228 229 230 230 230 230 231 231 232 231 231 231 230 229 230 231 230 231 231 230 230 229 228 227 226 226 226 225 225 223 224 221 222 220 218 219 218 218 219 218 219 220 218 219 217 219
211 212 212 213 211 213 213 213 214 214 214 213 214 214 214 214 214 214 214 214 214 214 214 214 215 216 217 218 217 219 220 221 222 222 222 224 225 225 225 226 227 227 228 229 229 230 231 231 232 232 233 233 232 232 232 232 231 232 232 233 233 232 232 232 231 229 229 228 229 228 228 226 226 225 224 221 220 218 217 217 217 220 220 222 221 219 219 221 219 220
213 213 214 213 214 214 214 215 215 215 214 214 215 215 215 215 216 215 215 215 216 216 216 216 217 219 220 220 221 221 223 224 224 224 225 226 227 228 228 228 229 230 230 230 230 231 232 233 233 233 233 232 232 233 233 232 233 234 235 233 233 234 233 232 231 230 230 228 227 226 226 226 225 224 223 221 222 220 219 223 222 219 219 220 219 219 222 222 221 223
214 215 215 215 215 216 216 216 216 216 216 216 216 216 217 217 217 217 217 217 218 218 217 218 219 220 222 223 223 224 224 225 226 226 227 228 230 230 230 231 232 232 232 232 233 234 234 234 234 234 234 234 234 233 234 233 234 234 234 234 233 233 232 231 232 231 232 231 230 230 227 227 226 226 226 226 226 224 223 221 223 223 221 218 219 220 222 221 223 223
216 215 216 216 216 217 217 217 217 217 217 217 217 217 217 218 218 218 218 218 219 219 219 220 221 223 223 225 225 226 227 228 229 229 229 231 232 233 233 233 234 235 235 234 236 237 237 237 236 236 236 236 235 235 235 234 235 234 234 234 234 233 233 233 233 235 234 232 232 232 230 230 230 226 228 228 227 227 226 224 222 225 224 224 220 220 222 224 223 222
217 217 217 217 218 218 218 219 218 218 218 218 218 218 219 219 220 220 220 220 220 220 221 221 223 224 225 227 227 228 230 231 231 232 232 233 235 235 236 235 237 238 237 237 238 239 239 239 239 239 238 238 238 237 236 236 236 235 235 237 236 236 236 236 236 235 233 234 236 235 232 231 231 229 227 227 227 227 227 226 222 223 224 226 222 220 220 221 222 223
219 218 218 219 219 220 219 219 219 219 219 219 219 220 220 221 221 221 222 222 222 223 223 224 224 225 228 230 230 231 232 233 234 234 234 235 238 238 238 239 240 239 239 239 239 240 240 241 241 241 240 240 240 239 239 240 238 238 237 237 238 237 238 239 237 237 235 234 235 235 234 232 233 230 230 228 228 229 228 227 224 223 226 226 225 224 221 221 220 222
220 220 219 219 220 220 221 220 221 220 220 221 221 221 223 222 222 223 222 223 223 224 224 225 226 228 230 231 233 233 234 237 236 237 238 238 239 239 240 240 241 242 241 241 241 242 243 243 242 243 242 242 242 241 240 241 240 239 239 237 238 238 237 238 239 238 236 235 233 236 236 234 233 232 231 229 228 228 229 228 228 223 223 225 225 225 225 223 222 222
220 220 220 221 221 221 221 221 222 221 221 222 223 223 224 224 224 224 225 224 225 225 226 226 228 231 232 234 234 236 237 238 239 239 239 241 241 242 242 241 242 243 243 244 244 244 245 245 244 244 244 243 243 242 242 242 241 240 240 240 238 240 240 239 239 239 238 237 237 236 235 235 234 233 232 229 229 229 230 229 228 227 225 224 224 225 227 227 225 224
221 221 221 222 222 221 222 222 222 222 222 223 224 224 224 224 225 225 226 225 225 227 228 229 230 232 234 235 236 237 239 240 242 241 241 242 243 244 244 244 244 244 244 245 246 246 246 246 247 246 246 246 245 244 244 243 243 243 242 241 240 239 239 239 240 240 239 240 238 236 237 236 235 233 233 232 230 230 230 230 229 229 228 226 226 225 225 224 223 222
223 222 222 223 222 223 223 222 223 223 223 224 224 225 226 225 225 226 227 226 227 229 229 230 232 232 235 237 237 239 240 242 244 244 244 245 244 245 244 245 245 246 247 247 247 248 248 248 248 247 247 246 246 246 245 245 244 243 243 242 241 240 240 240 239 240 240 239 239 238 236 236 236 235 235 233 232 231 231 230 230 230 229 229 227 227 225 223 223 222
224 224 223 224 224 224 224 223 224 224 225 225 225 226 226 226 226 227 227 228 229 230 229 231 233 234 236 237 238 240 242 244 245 245 245 245 246 246 245 246 246 248 247 248 248 249 249 248 248 248 247 247 246 248 247 246 246 244 244 244 243 242 240 239 240 240 239 240 238 238 237 236 236 235 234 233 233 233 231 230 230 228 227 227 226 226 225 225 223 223
225 225 224 225 225 225 225 225 225 225 225 225 225 226 227 226 227 228 228 228 229 229 230 231 233 235 236 238 240 241 243 244 245 246 246 246 247 246 246 246 247 247 247 248 249 249 249 249 249 249 248 248 247 247 247 246 247 245 245 244 244 243 243 241 240 241 240 240 239 239 237 237 234 234 234 233 233 232 231 229 228 227 226 225 225 225 225 225 225 223
227 226 227 226 226 227 226 226 226 226 226 226 227 227 227 227 228 229 229 229 230 231 231 232 233 236 237 239 240 242 244 246 247 247 247 248 248 248 247 247 247 248 248 248 248 249 250 249 250 250 249 249 248 248 248 248 247 246 246 245 245 244 243 243 241 239 240 238 238 238 237 235 235 235 234 234 232 232 230 228 227 226 226 225 225 225 225 224 225 224
228 228 228 228 227 228 227 227 228 227 227 227 228 228 229 229 229 230 230 230 231 232 233 233 234 237 238 240 241 242 244 246 247 248 249 250 250 249 249 249 249 250 249 249 249 249 250 249 249 249 250 249 249 248 248 248 247 245 244 246 245 243 243 244 242 242 241 241 239 238 238 236 235 235 233 232 231 231 231 228 226 226 225 225 225 226 225 225 224 223
229 229 229 229 229 229 229 228 229 229 229 229 229 229 230 230 231 231 232 232 233 234 234 234 236 238 239 241 242 242 244 246 248 248 250 250 252 251 251 250 250 251 250 251 251 251 251 251 250 249 249 249 249 248 249 249 246 246 245 245 244 244 244 244 243 243 242 239 239 238 236 235 235 233 233 231 230 230 229 227 227 226 225 226 226 226 225 225 225 224
229 230 230 230 230 230 230 230 230 230 230 230 230 230 231 231 233 232 233 233 233 234 235 236 237 239 241 243 243 244 245 246 248 249 250 252 253 253 252 252 253 253 253 253 253 254 254 253 251 251 250 249 249 248 248 248 247 247 246 244 244 245 244 244 243 242 241 238 237 236 236 236 234 234 234 231 230 230 229 227 227 225 226 227 227 225 224 224 224 225
230 230 231 230 231 231 231 231 231 231 231 231 231 231 231 232 233 234 234 235 235 236 236 237 238 240 243 244 244 245 246 247 247 249 250 251 253 253 253 254 254 255 255 254 255 257 256 255 253 253 251 250 249 249 248 247 246 246 245 245 246 246 245 245 243 242 239 238 237 238 237 236 235 235 235 231 230 229 228 227 226 227 227 227 227 225 225 225 224 224
233 233 233 232 232 232 233 233 234 233 233 233 233 233 233 233 235 235 235 236 237 238 238 239 239 241 243 245 246 247 247 248 249 249 250 252 254 254 254 256 257 257 256 257 257 258 259 257 256 256 256 254 251 251 250 249 248 246 246 245 245 246 246 246 243 242 240 240 239 239 239 238 238 236 234 232 231 230 228 228 228 228 228 227 227 226 226 226 225 225
235 236 237 235 235 235 235 236 236 236 236 235 235 236 236 236 237 238 239 238 240 240 242 241 243 244 246 248 249 250 251 252 252 251 252 254 256 257 257 258 259 261 260 260 261 262 262 261 260 260 259 258 256 256 254 254 251 250 249 248 248 246 246 246 245 243 242 242 243 242 241 240 239 238 235 234 232 232 231 231 231 231 230 230 230 230 229 228 227 228
238 239 239 240 239 239 239 240 240 239 239 239 239 239 239 239 240 241 241 242 242 244 244 245 247 248 250 251 252 253 254 255 256 255 256 257 259 260 260 261 263 263 263 264 264 266 266 265 265 263 263 262 262 260 259 258 257 254 254 252 252 250 249 248 247 246 245 244 243 243 243 243 241 241 238 236 236 235 233 234 234 234 233 232 233 233 231 230 230 231
