data_and_outputs/predictor_data/021/bioclim_01.asc
NCOLS 1199 
NROWS 625 
XLLCORNER -17.966918 
YLLCORNER -10.0196949358429 
CELLSIZE 0.0416666688395203 
NODATA_value -9999 
[rows 76 to 113 of 625, columns 170 to 254 of 1199]
249 250 252 253 254 254 252 251 250 247 245 248 249 252 254 253 252 252 251 252 252 251 251 250 250 251 251 252 253 253 254 255 254 253 252 252 251 250 250 251 250 248 247 242 240 237 240 243 244 244 244 245 246 246 245 244 243 243 244 243 241 241 241 241 243 243 244 245 245 245 245 245 244 243 244 243 242 244 245 246 246 243 241 242 244
248 251 251 252 253 253 253 252 247 244 245 248 251 252 253 254 253 252 251 252 252 252 251 249 248 249 251 251 252 252 252 253 254 254 254 253 252 250 250 251 250 249 249 248 246 241 238 241 243 242 243 244 244 246 246 245 244 243 244 243 243 243 243 243 243 245 246 244 243 245 245 244 243 243 242 243 245 246 246 247 245 244 242 241 244
248 248 248 251 253 251 250 252 250 248 247 247 249 251 252 253 254 254 253 252 252 252 252 250 248 248 249 251 251 251 252 253 253 254 253 253 251 250 250 250 249 249 248 248 245 245 242 237 241 242 242 243 242 244 246 245 244 243 243 243 243 243 244 244 245 246 245 245 245 246 245 244 243 241 243 244 247 246 246 246 246 245 243 243 244
244 246 250 251 251 252 248 248 248 247 248 246 248 250 253 254 254 253 253 252 252 253 251 250 252 251 250 250 250 251 252 252 252 254 253 252 251 251 250 249 249 248 247 246 247 245 244 242 240 238 238 241 244 246 246 243 241 243 243 243 243 243 244 244 245 246 246 245 244 246 245 245 243 242 244 246 246 245 246 246 245 245 243 244 244
244 248 252 250 248 250 244 242 243 242 244 245 246 249 253 253 252 251 250 250 252 252 252 252 252 251 251 249 250 250 251 252 250 253 253 252 252 252 250 248 248 247 247 246 245 245 244 243 242 238 238 242 245 244 244 245 244 242 239 240 243 243 243 243 243 243 246 245 246 247 246 245 245 245 245 246 246 245 246 246 245 245 244 244 244
248 251 252 250 246 249 246 242 241 241 241 243 246 248 248 251 250 247 248 249 251 252 252 252 251 250 247 248 248 250 251 250 252 253 253 252 253 251 248 248 247 246 248 248 246 243 241 241 239 239 243 245 243 244 243 243 241 243 242 241 242 243 242 242 245 246 246 247 250 249 246 245 245 246 247 246 246 245 246 246 246 245 245 244 244
250 251 249 246 244 247 247 245 241 241 241 244 245 246 249 253 251 250 247 247 249 251 252 252 250 249 248 246 248 249 250 249 250 252 252 251 252 251 249 249 248 247 246 247 247 244 243 243 243 245 245 244 241 238 239 244 239 239 243 243 242 241 244 243 244 242 246 250 251 249 247 246 246 246 246 246 245 245 245 246 246 245 245 244 244
251 251 247 246 245 245 246 243 244 243 246 247 247 250 252 252 248 251 249 247 249 249 251 251 250 249 248 246 247 249 249 249 251 249 245 247 252 251 250 250 250 249 247 248 248 243 240 239 236 239 241 242 240 242 242 244 243 239 243 241 240 241 242 241 244 248 250 251 251 250 249 248 247 246 246 246 245 245 246 246 246 246 245 245 245
250 250 245 245 244 245 245 237 244 247 249 250 250 251 252 251 249 251 249 247 246 248 250 249 248 245 243 246 247 249 249 250 251 249 248 250 251 252 251 250 248 248 247 247 246 245 237 241 236 237 237 238 240 239 240 241 241 240 241 238 238 238 239 243 248 250 251 252 251 251 250 249 248 247 246 246 246 246 246 246 245 245 245 245 246
250 250 245 241 243 245 243 241 245 248 248 250 249 251 251 251 249 249 248 247 246 248 249 245 240 241 241 246 247 248 247 243 248 249 251 252 251 251 249 247 247 247 248 248 246 244 239 242 239 236 238 236 237 238 242 240 238 238 244 241 238 241 244 248 247 250 251 252 251 251 250 249 248 247 246 246 246 246 247 246 245 245 246 246 246
248 248 242 235 242 243 243 240 244 247 246 249 251 252 248 247 248 246 241 241 246 248 246 245 236 236 240 242 245 244 244 248 247 250 251 251 250 250 248 246 247 246 247 247 244 243 240 241 238 239 238 236 237 242 243 241 241 243 244 243 239 240 243 246 249 250 252 251 251 250 249 248 248 247 247 247 246 247 246 245 245 246 246 246 246
244 245 244 237 240 241 240 240 234 243 247 250 252 250 249 241 243 239 239 236 245 248 245 239 240 240 237 242 244 245 248 249 248 250 250 250 250 249 249 248 247 247 246 246 245 241 239 240 236 238 236 239 237 241 242 242 244 244 243 242 242 241 245 248 249 250 251 250 250 250 249 248 247 247 247 247 247 247 247 245 245 246 245 245 245
251 244 245 236 234 237 232 234 235 245 244 249 252 250 249 248 244 239 239 236 244 247 244 242 240 241 243 245 245 246 248 247 248 249 248 249 250 250 247 248 248 247 247 246 242 241 237 237 231 235 235 236 234 240 243 242 245 246 246 242 247 248 249 249 249 250 251 250 250 250 249 248 248 247 247 247 247 246 246 246 245 245 245 245 245
244 241 244 242 235 233 233 232 239 247 249 251 251 250 249 247 243 237 239 241 245 246 243 244 244 245 245 245 245 246 242 242 245 247 247 249 249 251 249 249 249 248 248 248 248 241 239 244 234 235 235 235 234 243 244 245 245 246 246 247 248 248 249 249 249 250 250 250 250 249 248 248 248 248 247 247 247 246 246 246 245 244 245 245 245
246 238 242 240 237 236 234 233 239 243 244 245 249 249 246 248 246 241 238 240 238 243 244 244 244 244 244 246 244 242 231 237 247 248 249 250 249 249 249 250 250 249 250 249 249 246 248 248 238 231 233 233 235 244 245 246 245 246 247 247 248 248 248 249 249 250 249 249 249 248 248 247 248 248 247 247 246 246 246 245 245 245 245 246 246
252 244 236 233 237 239 238 239 238 241 242 247 250 251 250 249 243 243 242 243 237 240 244 243 243 243 243 244 241 239 243 246 248 247 249 249 250 248 248 249 248 248 249 249 249 249 249 248 247 241 229 234 241 245 246 246 245 245 247 247 248 248 248 249 249 249 249 248 248 248 247 247 247 247 247 247 245 245 246 246 245 246 246 246 246
253 250 235 233 237 239 240 240 240 241 249 250 251 250 250 250 249 248 246 245 244 243 244 240 238 234 239 243 242 242 246 246 246 245 248 248 248 248 246 248 249 248 248 249 248 249 249 248 248 248 245 244 245 245 246 246 246 246 246 246 247 248 249 249 249 249 248 248 248 248 247 246 246 247 247 246 245 246 246 246 243 246 246 246 246
250 240 233 234 238 238 239 243 249 247 247 250 250 246 247 247 246 246 246 247 246 246 242 236 231 228 238 241 243 240 241 245 244 244 244 246 246 247 246 241 248 247 248 248 248 248 247 248 248 247 247 246 245 245 245 246 246 245 244 246 246 248 249 248 247 248 248 248 248 247 247 246 246 246 246 245 246 246 246 246 246 246 245 245 246
235 239 235 235 237 241 244 246 249 247 248 248 244 237 242 244 244 244 244 245 245 246 244 242 234 241 240 238 241 235 237 241 239 236 237 238 245 247 248 248 247 247 248 248 248 247 247 248 248 247 246 246 246 246 245 246 246 245 244 246 247 248 248 247 247 247 247 247 247 247 246 246 246 246 246 246 246 246 246 246 246 245 245 246 245
237 231 235 235 242 244 245 246 247 236 242 244 246 237 238 242 240 241 236 242 245 245 244 244 241 240 236 236 238 238 242 242 234 241 247 248 248 249 249 248 244 244 247 248 247 247 247 248 247 247 246 246 246 246 245 246 246 245 245 246 247 247 247 247 246 247 247 247 246 246 245 246 246 245 246 246 245 245 245 246 246 245 245 245 245
239 228 224 236 243 245 246 247 246 238 235 240 246 240 230 230 237 235 235 239 243 243 244 241 242 237 232 232 236 236 237 232 229 241 247 248 248 248 247 248 246 245 247 247 247 246 247 247 247 247 246 246 246 245 245 244 244 245 246 246 247 247 246 246 246 246 247 246 246 245 246 246 246 246 246 246 245 245 245 246 246 245 245 245 244
237 225 223 232 237 242 246 246 246 243 236 239 245 238 234 227 232 233 236 241 243 243 241 239 242 241 233 231 234 235 235 229 240 247 248 248 247 247 247 247 247 247 246 246 246 246 246 246 246 246 247 246 246 244 244 244 244 245 245 246 247 247 247 247 246 245 246 246 245 245 245 246 246 246 246 246 246 245 246 245 245 244 244 244 244
234 224 231 237 239 244 241 245 243 241 239 241 242 243 237 234 233 229 237 236 241 241 240 239 239 239 236 234 230 234 238 241 246 247 248 247 247 246 247 247 246 246 246 245 245 245 245 245 245 246 246 245 245 244 244 245 244 245 246 247 246 246 246 247 247 246 245 245 244 244 245 245 244 245 245 245 245 245 246 245 245 245 243 243 244
229 226 235 238 242 245 239 241 241 238 240 239 242 244 235 231 234 237 238 237 237 238 236 235 235 234 228 227 227 230 233 241 246 247 247 247 247 246 246 246 245 245 244 245 243 244 245 245 246 245 245 244 244 245 245 246 245 246 247 247 246 245 245 246 247 246 245 245 244 244 244 244 245 245 245 245 244 245 245 245 244 244 243 242 243
224 226 232 240 243 244 237 237 241 239 238 242 244 243 239 234 238 236 238 237 235 231 232 232 234 230 225 222 225 229 235 244 247 247 246 246 247 246 245 246 245 245 244 243 244 244 245 245 245 244 243 244 244 245 246 246 246 247 247 246 245 245 245 245 246 245 245 245 244 244 244 245 245 245 244 244 243 244 244 245 244 243 243 244 243
222 225 229 242 244 242 236 237 236 234 238 242 240 238 238 240 239 237 237 237 235 232 226 225 228 235 232 235 233 237 234 243 246 246 246 245 246 246 245 245 244 243 241 242 243 243 243 243 243 243 242 244 244 245 246 246 246 246 246 246 245 245 245 245 246 245 245 245 244 244 244 244 244 244 243 244 244 244 245 245 244 243 243 244 244
224 229 235 244 243 231 225 230 232 236 238 241 240 240 241 241 241 239 237 237 235 232 224 226 228 235 231 235 244 244 245 246 246 246 245 245 245 245 245 244 244 239 240 241 243 243 242 242 243 243 242 244 245 246 246 246 245 246 245 245 245 244 245 246 246 245 245 244 244 243 243 243 243 243 244 244 244 244 244 243 244 243 243 243 244
224 240 243 243 243 241 237 227 229 235 239 240 241 241 242 242 240 239 240 240 240 238 230 234 234 235 241 243 244 243 244 245 246 245 245 245 245 243 245 243 242 242 242 241 243 243 243 243 242 243 243 244 245 246 245 244 245 245 244 245 244 244 245 246 246 245 244 244 243 243 242 243 244 244 244 244 244 244 243 243 243 243 243 243 243
237 242 243 242 241 238 228 222 221 228 237 239 241 242 242 242 241 238 240 242 241 241 239 241 241 241 243 244 244 244 244 245 245 244 244 244 244 241 244 244 242 241 242 242 242 243 243 243 243 243 243 244 246 245 244 243 244 245 245 244 244 244 245 246 245 244 244 244 243 242 242 243 243 244 244 243 243 243 243 242 243 243 244 244 243
240 243 241 239 241 237 235 235 233 228 240 240 241 241 241 241 240 240 241 241 241 241 240 240 240 239 240 244 244 244 245 244 243 242 242 243 243 242 242 243 241 241 242 242 242 242 242 244 244 244 244 245 245 244 243 243 244 245 245 244 244 243 244 245 245 244 244 244 243 243 242 243 243 243 243 243 242 242 242 242 242 242 243 243 244
243 243 238 235 239 237 237 239 238 236 240 241 240 240 241 240 241 240 241 241 241 240 239 237 240 236 241 242 235 243 244 243 243 242 240 240 241 241 240 241 241 241 242 243 241 242 242 243 243 244 245 245 244 243 243 243 244 245 244 244 244 244 244 244 245 244 244 243 243 243 242 242 242 242 242 242 241 242 242 243 243 243 243 243 244
242 234 229 232 239 235 235 236 236 241 241 242 241 241 241 241 241 240 240 241 239 238 240 238 238 239 239 241 239 241 242 234 242 242 240 240 240 241 241 242 242 242 242 243 242 242 242 243 243 245 245 243 242 242 242 243 245 243 244 243 243 244 244 245 245 244 244 243 243 242 243 242 242 242 243 243 242 242 243 242 243 243 243 243 244
240 240 227 230 239 238 240 239 237 240 241 241 242 241 241 242 242 240 240 241 240 240 240 239 238 238 237 236 241 240 241 239 241 241 240 241 240 240 240 240 240 241 242 243 243 243 243 244 244 244 243 242 242 242 242 243 244 243 243 242 243 244 244 244 244 244 244 243 243 243 243 242 242 242 242 242 243 242 242 242 242 242 243 243 244
228 240 236 227 237 239 238 239 239 241 241 241 241 240 241 240 240 241 241 241 241 240 240 240 240 240 241 240 241 240 240 240 241 240 240 241 241 241 240 240 241 241 241 242 242 242 243 244 244 243 244 242 242 243 243 244 243 243 242 242 243 244 244 243 243 244 244 243 243 243 242 241 242 243 243 242 243 242 242 242 242 242 242 242 243
232 221 226 222 234 237 238 239 242 241 240 241 241 241 241 241 240 240 239 240 242 240 241 241 241 242 242 240 241 241 241 241 242 241 241 242 240 241 240 240 241 242 242 243 243 244 244 243 243 243 243 242 242 242 244 243 243 242 242 242 243 244 244 243 244 244 243 242 243 243 242 241 242 242 243 243 243 243 243 242 242 241 242 242 243
232 217 222 234 235 237 240 241 242 242 240 241 242 242 242 242 242 241 241 241 242 242 242 239 241 241 240 241 241 242 242 242 242 242 242 242 241 240 240 240 241 242 242 243 243 243 242 242 242 242 242 242 242 243 243 242 242 241 242 242 243 244 244 243 244 244 243 242 242 242 242 241 242 242 242 242 242 242 241 242 241 242 243 243 243
238 231 232 230 225 240 242 239 240 242 242 242 242 240 241 241 240 242 241 241 240 240 240 239 239 239 240 240 240 241 240 241 241 240 241 241 241 241 241 241 242 241 241 241 241 242 241 242 242 242 242 243 242 243 242 242 242 241 242 243 243 243 243 243 244 243 243 242 242 241 241 241 242 242 241 242 241 242 242 241 242 242 241 242 241
240 240 235 233 235 240 242 240 239 241 242 242 242 241 239 239 240 240 240 240 239 239 239 239 238 238 239 239 239 239 240 241 239 239 239 240 240 240 240 240 241 242 240 240 241 241 241 241 241 241 241 242 241 242 241 241 241 242 241 243 243 242 242 243 244 243 242 242 241 241 241 241 241 241 242 242 241 242 243 243 242 242 241 241 241
