data_and_outputs/predictor_data/021/bioclim_17.asc
NCOLS 1199 
NROWS 625 
XLLCORNER -17.966918 
YLLCORNER -10.0196949358429 
CELLSIZE 0.0416666688395203 
NODATA_value -9999 
[rows 320 to 359 of 625, columns 630 to 719 of 1199]
-9999 -9999 -9999 -9999 -9999 -9999 -9999 -9999 -9999 -9999 -9999 -9999 -9999 -9999 -9999 -9999 -9999 -9999 -9999 -9999 -9999 -9999 -9999 -9999 -9999 -9999 -9999 -9999 -9999 -9999 -9999 -9999 -9999 -9999 -9999 -9999 -9999 -9999 111 110 109 107 106 104 103 100 100 98 95 94 94 95 95 93 91 90 90 89 89 88 86 86 85 85 82 81 80 79 79 76 76 74 73 72 71 70 69 68 68 67 65 65 64 64 63 64 63 63 61 61
-9999 -9999 -9999 -9999 -9999 -9999 -9999 -9999 -9999 -9999 -9999 -9999 -9999 -9999 -9999 -9999 -9999 -9999 -9999 -9999 -9999 -9999 -9999 -9999 -9999 -9999 -9999 -9999 -9999 -9999 -9999 -9999 -9999 -9999 -9999 -9999 -9999 115 113 112 111 110 108 106 104 102 100 98 96 95 96 96 96 94 92 92 92 91 90 88 87 86 86 85 83 82 81 80 79 77 75 74 73 72 71 70 69 69 68 67 66 65 65 64 65 64 63 64 63 62
-9999 -9999 -9999 -9999 -9999 -9999 -9999 -9999 -9999 -9999 -9999 -9999 -9999 -9999 -9999 -9999 -9999 -9999 -9999 -9999 -9999 -9999 -9999 -9999 -9999 -9999 -9999 -9999 -9999 -9999 -9999 -9999 -9999 -9999 -9999 -9999 -9999 118 116 115 113 112 110 107 105 101 100 99 97 97 98 99 96 94 94 93 92 92 90 89 89 88 87 86 83 82 81 80 78 77 76 74 73 72 71 70 69 69 68 67 67 66 66 65 65 64 64 64 64 63
-9999 -9999 -9999 -9999 -9999 -9999 -9999 -9999 -9999 -9999 -9999 -9999 -9999 -9999 -9999 -9999 -9999 -9999 -9999 -9999 -9999 -9999 -9999 -9999 -9999 -9999 -9999 -9999 -9999 -9999 -9999 -9999 -9999 -9999 -9999 -9999 -9999 121 118 116 115 114 112 109 107 104 103 100 98 100 100 98 96 96 94 94 93 93 92 91 90 89 87 86 85 83 82 81 79 77 75 74 73 72 71 71 70 70 70 69 68 68 66 67 65 66 65 64 65 64
-9999 -9999 -9999 -9999 -9999 -9999 -9999 -9999 -9999 -9999 -9999 -9999 -9999 -9999 -9999 -9999 -9999 -9999 -9999 -9999 -9999 -9999 -9999 -9999 -9999 -9999 -9999 -9999 -9999 -9999 -9999 -9999 -9999 -9999 -9999 -9999 -9999 124 121 119 117 116 113 110 108 106 104 101 101 102 99 98 97 96 96 95 95 94 93 92 91 90 88 87 86 84 82 81 79 77 76 74 73 73 72 73 71 70 71 70 68 68 67 67 67 66 65 65 65 65
-9999 -9999 -9999 -9999 -9999 -9999 -9999 -9999 -9999 -9999 -9999 -9999 -9999 -9999 -9999 -9999 -9999 -9999 -9999 -9999 -9999 -9999 -9999 -9999 -9999 -9999 -9999 -9999 -9999 -9999 -9999 -9999 -9999 -9999 -9999 -9999 -9999 128 124 121 119 116 114 112 109 106 102 103 102 101 99 99 98 98 97 97 96 95 95 93 92 91 90 88 86 85 83 81 79 78 76 74 73 73 72 71 73 72 70 70 69 68 67 67 67 67 67 66 65 65
-9999 -9999 -9999 -9999 -9999 -9999 -9999 -9999 -9999 -9999 -9999 -9999 -9999 -9999 -9999 -9999 -9999 -9999 -9999 -9999 -9999 -9999 -9999 -9999 -9999 -9999 -9999 -9999 -9999 -9999 -9999 -9999 -9999 -9999 -9999 -9999 -9999 132 128 125 122 118 115 113 110 105 104 104 104 102 101 100 100 99 99 99 98 97 97 95 94 93 91 90 88 87 85 82 80 79 77 75 74 73 73 73 72 71 72 70 69 68 68 68 68 68 67 67 66 66
-9999 -9999 -9999 -9999 -9999 -9999 -9999 -9999 -9999 -9999 -9999 -9999 -9999 -9999 -9999 -9999 -9999 -9999 -9999 -9999 -9999 -9999 -9999 -9999 -9999 -9999 -9999 -9999 -9999 -9999 -9999 -9999 -9999 -9999 -9999 -9999 -9999 135 131 128 125 120 117 114 110 107 105 105 105 103 103 102 102 102 101 101 100 100 99 97 96 94 94 91 90 88 86 84 82 79 78 76 74 74 73 73 72 72 71 71 71 69 69 69 69 69 68 68 67 68
-9999 -9999 -9999 -9999 -9999 -9999 -9999 -9999 -9999 -9999 -9999 -9999 -9999 -9999 -9999 -9999 -9999 -9999 -9999 -9999 -9999 -9999 -9999 -9999 -9999 -9999 -9999 -9999 -9999 -9999 -9999 -9999 -9999 -9999 -9999 -9999 145 139 133 130 126 122 119 116 113 109 106 106 105 105 104 104 104 104 104 103 103 102 101 100 99 97 95 93 92 90 88 86 83 81 79 77 76 76 74 74 73 72 72 72 71 71 70 70 70 70 70 69 69 69
-9999 -9999 -9999 -9999 -9999 -9999 -9999 -9999 -9999 -9999 -9999 -9999 -9999 -9999 -9999 -9999 -9999 -9999 -9999 -9999 -9999 -9999 -9999 -9999 -9999 -9999 -9999 -9999 -9999 -9999 -9999 -9999 -9999 -9999 -9999 -9999 145 141 135 130 126 122 119 116 114 110 107 106 106 105 106 106 106 106 105 105 104 104 103 102 100 99 97 95 94 92 89 87 84 83 80 79 77 76 75 74 73 73 72 71 72 71 71 71 71 70 70 70 70 69
-9999 -9999 -9999 -9999 -9999 -9999 -9999 -9999 -9999 -9999 -9999 -9999 -9999 -9999 -9999 -9999 -9999 -9999 -9999 -9999 -9999 -9999 -9999 -9999 -9999 -9999 -9999 -9999 -9999 -9999 -9999 -9999 -9999 -9999 -9999 -9999 142 139 135 130 126 121 117 116 112 108 108 108 107 107 108 109 108 108 108 108 107 107 105 104 103 101 99 98 96 93 91 89 87 84 83 81 79 78 76 75 74 74 73 73 72 72 72 72 72 72 71 71 71 71
-9999 -9999 -9999 -9999 -9999 -9999 -9999 -9999 -9999 -9999 -9999 -9999 -9999 -9999 -9999 -9999 -9999 -9999 -9999 -9999 -9999 -9999 -9999 -9999 -9999 -9999 -9999 -9999 -9999 -9999 -9999 -9999 -9999 -9999 -9999 -9999 141 138 134 129 124 121 118 114 111 109 108 109 108 108 111 111 111 111 111 111 110 109 108 107 106 104 102 100 98 97 94 92 90 87 85 84 82 80 78 78 76 76 74 75 74 74 74 73 73 73 73 72 73 73
-9999 -9999 -9999 -9999 -9999 -9999 -9999 -9999 -9999 -9999 -9999 -9999 -9999 -9999 -9999 -9999 -9999 -9999 -9999 -9999 -9999 -9999 -9999 -9999 -9999 -9999 -9999 -9999 -9999 -9999 -9999 -9999 -9999 -9999 -9999 -9999 139 135 131 128 124 120 117 114 111 109 109 109 110 113 114 114 114 113 113 113 113 113 111 111 109 108 107 104 102 100 98 95 92 90 88 86 84 82 81 79 78 77 76 76 76 75 75 75 75 75 74 74 73 74
-9999 -9999 -9999 -9999 -9999 -9999 -9999 -9999 -9999 -9999 -9999 -9999 -9999 -9999 -9999 -9999 -9999 -9999 -9999 -9999 -9999 -9999 -9999 -9999 -9999 -9999 -9999 -9999 -9999 -9999 -9999 -9999 -9999 -9999 -9999 -9999 137 133 129 126 121 118 115 113 110 110 110 110 115 115 115 115 115 114 114 115 116 116 116 114 112 111 110 107 106 103 100 97 95 94 91 89 86 84 82 80 80 79 78 78 78 77 77 76 76 76 76 75 76 75
-9999 -9999 -9999 -9999 -9999 -9999 -9999 -9999 -9999 -9999 -9999 -9999 -9999 -9999 -9999 -9999 -9999 -9999 -9999 -9999 -9999 -9999 -9999 -9999 -9999 -9999 -9999 -9999 -9999 -9999 -9999 -9999 -9999 -9999 -9999 -9999 134 131 127 124 118 115 113 110 109 109 110 114 121 117 117 116 115 116 118 118 118 118 119 118 117 115 113 111 108 106 103 101 98 96 94 91 89 86 85 83 81 80 80 80 79 79 78 78 78 78 77 77 77 77
-9999 -9999 -9999 -9999 -9999 -9999 -9999 -9999 -9999 -9999 -9999 -9999 -9999 -9999 -9999 -9999 -9999 -9999 -9999 -9999 -9999 -9999 -9999 -9999 -9999 -9999 -9999 -9999 -9999 -9999 -9999 -9999 -9999 -9999 -9999 -9999 133 129 126 122 118 114 111 109 109 111 116 115 118 120 119 117 118 120 122 121 124 122 123 123 120 119 117 114 112 110 107 104 102 99 97 94 91 89 87 85 83 82 82 82 81 80 80 80 79 80 79 79 78 78
-9999 -9999 -9999 -9999 -9999 -9999 -9999 -9999 -9999 -9999 -9999 -9999 -9999 -9999 -9999 -9999 -9999 -9999 -9999 -9999 -9999 -9999 -9999 -9999 -9999 -9999 -9999 -9999 -9999 -9999 -9999 -9999 -9999 -9999 -9999 -9999 134 128 123 119 112 111 110 109 111 114 116 119 122 120 119 119 122 124 125 126 125 126 128 127 124 123 121 118 117 114 111 108 106 102 100 98 95 93 90 89 86 85 85 84 83 83 82 82 82 81 81 81 80 81
-9999 -9999 -9999 -9999 -9999 -9999 -9999 -9999 -9999 -9999 -9999 -9999 -9999 -9999 -9999 -9999 -9999 -9999 -9999 -9999 -9999 -9999 -9999 -9999 -9999 -9999 -9999 -9999 -9999 -9999 -9999 -9999 -9999 -9999 -9999 -9999 135 128 122 117 110 110 110 109 114 117 121 118 118 119 121 124 129 128 129 129 131 135 130 127 125 125 126 123 121 118 115 113 109 107 104 101 98 96 94 93 90 89 87 87 86 85 85 84 84 84 84 83 83 83
-9999 -9999 -9999 -9999 -9999 -9999 -9999 -9999 -9999 -9999 -9999 -9999 -9999 -9999 -9999 -9999 -9999 -9999 -9999 -9999 -9999 -9999 -9999 -9999 -9999 -9999 -9999 -9999 -9999 -9999 -9999 -9999 -9999 -9999 -9999 -9999 137 130 124 110 106 107 108 113 125 118 118 117 120 121 126 130 130 131 132 133 139 140 132 131 129 128 128 127 125 123 120 116 113 111 107 104 102 99 97 96 93 91 91 89 89 88 87 86 86 86 86 85 85 84
-9999 -9999 -9999 -9999 -9999 -9999 -9999 -9999 -9999 -9999 -9999 -9999 -9999 -9999 -9999 -9999 -9999 -9999 -9999 -9999 -9999 -9999 -9999 -9999 -9999 -9999 -9999 -9999 -9999 -9999 -9999 -9999 -9999 -9999 -9999 -9999 139 130 123 105 105 107 110 118 119 116 116 119 121 133 133 132 136 136 137 137 137 137 136 135 133 131 132 132 130 129 124 120 117 114 111 108 105 103 101 99 97 95 93 92 91 90 89 89 88 88 87 87 87 86
-9999 -9999 -9999 -9999 -9999 -9999 -9999 -9999 -9999 -9999 -9999 -9999 -9999 -9999 -9999 -9999 -9999 -9999 -9999 -9999 -9999 -9999 -9999 -9999 -9999 -9999 -9999 -9999 -9999 -9999 -9999 -9999 -9999 -9999 -9999 143 138 132 115 107 108 110 112 121 117 117 119 122 132 149 138 139 144 143 142 143 143 142 141 141 141 139 138 138 135 134 130 125 122 118 115 112 109 106 104 102 100 98 96 95 93 93 91 91 90 90 89 89 89 88
-9999 -9999 -9999 -9999 -9999 -9999 -9999 -9999 -9999 -9999 -9999 -9999 -9999 -9999 -9999 -9999 -9999 -9999 -9999 -9999 -9999 -9999 -9999 -9999 -9999 -9999 -9999 -9999 -9999 -9999 -9999 -9999 -9999 -9999 -9999 147 140 133 120 114 112 120 121 118 120 122 124 131 160 160 149 151 148 150 154 151 152 150 149 147 150 150 147 144 143 138 137 131 127 123 119 116 113 110 107 106 104 101 100 98 97 96 94 94 93 93 92 91 91 91
-9999 -9999 -9999 -9999 -9999 -9999 -9999 -9999 -9999 -9999 -9999 -9999 -9999 -9999 -9999 -9999 -9999 -9999 -9999 -9999 -9999 -9999 -9999 -9999 -9999 -9999 -9999 -9999 -9999 -9999 -9999 -9999 -9999 -9999 157 151 145 139 124 118 120 126 123 124 126 127 132 151 178 178 173 175 156 160 160 160 163 163 159 155 157 156 153 151 147 143 140 136 131 127 123 120 117 115 111 109 108 105 103 101 100 98 97 97 96 95 95 95 93 93
-9999 -9999 -9999 -9999 -9999 -9999 -9999 -9999 -9999 -9999 -9999 -9999 -9999 -9999 -9999 -9999 -9999 -9999 -9999 -9999 -9999 -9999 -9999 -9999 -9999 -9999 -9999 -9999 -9999 -9999 -9999 -9999 -9999 -9999 160 156 149 143 128 126 127 128 129 131 133 135 163 170 183 188 187 173 169 181 174 170 178 174 170 166 164 161 158 156 153 148 144 140 136 132 128 124 121 118 115 113 111 108 106 104 102 102 100 99 99 98 97 97 96 95
-9999 -9999 -9999 -9999 -9999 -9999 -9999 -9999 -9999 -9999 -9999 -9999 -9999 -9999 -9999 -9999 -9999 -9999 -9999 -9999 -9999 -9999 -9999 -9999 -9999 -9999 -9999 -9999 -9999 -9999 -9999 -9999 -9999 170 166 161 156 146 138 139 136 136 137 138 143 164 175 192 189 191 188 189 190 192 182 187 187 183 182 177 174 169 165 161 157 152 148 144 139 136 132 129 124 121 118 116 114 111 109 107 105 105 103 102 100 101 100 99 99 97
-9999 -9999 -9999 -9999 -9999 -9999 -9999 -9999 -9999 -9999 -9999 -9999 -9999 -9999 -9999 -9999 -9999 -9999 -9999 -9999 -9999 -9999 -9999 -9999 -9999 -9999 -9999 -9999 -9999 -9999 -9999 -9999 -9999 178 174 168 165 155 149 147 148 145 145 149 184 191 197 203 203 204 199 200 202 202 199 200 197 195 191 187 182 177 172 167 162 158 152 148 144 140 136 132 128 125 122 119 117 114 112 110 109 108 106 104 103 104 102 102 101 101
-9999 -9999 -9999 -9999 -9999 -9999 -9999 -9999 -9999 -9999 -9999 -9999 -9999 -9999 -9999 -9999 -9999 -9999 -9999 -9999 -9999 -9999 -9999 -9999 -9999 -9999 -9999 -9999 -9999 -9999 -9999 -9999 -9999 180 180 179 174 166 159 157 156 155 157 186 187 201 207 211 208 204 201 199 198 200 197 196 192 190 189 186 183 182 178 173 168 162 158 153 148 144 140 136 132 129 126 124 121 118 115 114 113 111 110 108 106 106 105 104 104 103
-9999 -9999 -9999 -9999 -9999 -9999 -9999 -9999 -9999 -9999 -9999 -9999 -9999 -9999 -9999 -9999 -9999 -9999 -9999 -9999 -9999 -9999 -9999 -9999 -9999 -9999 -9999 -9999 -9999 -9999 -9999 168 169 170 170 176 176 176 171 168 167 173 176 178 185 199 202 198 202 197 193 194 193 194 193 191 188 185 182 181 178 176 175 172 171 168 163 157 152 148 144 140 136 132 129 127 124 121 119 117 116 113 112 110 109 109 107 107 106 106
-9999 -9999 -9999 -9999 -9999 -9999 -9999 -9999 -9999 -9999 -9999 -9999 -9999 -9999 -9999 -9999 -9999 -9999 -9999 -9999 -9999 -9999 -9999 -9999 -9999 -9999 -9999 -9999 -9999 -9999 159 161 163 164 163 167 169 178 182 179 184 195 198 194 190 185 193 191 196 190 188 191 190 191 189 187 184 181 178 176 174 171 170 166 165 164 164 161 155 151 147 143 139 136 132 130 127 124 122 119 118 116 114 113 111 111 110 108 107 107
-9999 -9999 -9999 -9999 -9999 -9999 -9999 -9999 -9999 -9999 -9999 -9999 -9999 -9999 -9999 -9999 -9999 -9999 -9999 -9999 -9999 -9999 -9999 -9999 -9999 -9999 -9999 -9999 -9999 -9999 153 155 157 157 156 160 164 171 172 187 189 190 194 190 187 177 179 178 180 179 182 185 184 187 185 182 180 176 172 171 168 166 163 161 160 158 159 157 157 155 150 146 142 138 136 132 129 127 124 122 120 118 116 115 114 113 111 111 110 110
-9999 -9999 -9999 -9999 -9999 -9999 -9999 -9999 -9999 -9999 -9999 -9999 -9999 -9999 -9999 -9999 -9999 -9999 -9999 -9999 -9999 -9999 -9999 -9999 -9999 -9999 -9999 -9999 -9999 144 145 146 148 150 152 154 160 163 171 176 182 181 180 181 179 176 168 171 171 172 174 178 182 181 181 176 173 170 166 163 161 159 156 156 154 153 152 152 152 150 150 149 146 143 139 136 133 130 128 125 123 122 120 119 117 116 115 113 113 112
-9999 -9999 -9999 -9999 -9999 -9999 -9999 -9999 -9999 -9999 -9999 -9999 -9999 -9999 -9999 -9999 -9999 -9999 -9999 -9999 -9999 -9999 -9999 -9999 -9999 -9999 -9999 -9999 136 138 139 140 142 143 147 148 149 167 166 169 173 169 167 170 169 166 165 162 162 167 169 173 175 175 174 170 167 162 160 157 155 153 151 149 149 148 146 145 145 144 144 144 145 145 143 140 138 135 132 129 127 125 123 122 121 119 117 116 114 114
-9999 -9999 -9999 -9999 -9999 -9999 -9999 -9999 -9999 -9999 -9999 -9999 -9999 -9999 -9999 -9999 -9999 -9999 -9999 -9999 -9999 -9999 -9999 -9999 -9999 -9999 -9999 -9999 129 130 130 131 133 139 140 139 145 153 158 163 162 161 161 158 157 157 158 154 153 163 164 164 165 166 164 162 159 156 153 151 149 146 145 142 142 141 140 140 140 140 139 139 139 140 140 141 140 137 136 133 131 129 126 125 123 123 119 117 116 116
-9999 -9999 -9999 -9999 -9999 -9999 -9999 -9999 -9999 -9999 -9999 -9999 -9999 -9999 -9999 -9999 -9999 -9999 -9999 -9999 -9999 -9999 -9999 -9999 -9999 -9999 -9999 -9999 122 123 123 125 127 133 131 128 143 141 147 152 150 154 154 151 149 148 147 148 152 160 158 156 155 156 153 154 152 149 146 144 143 140 138 137 135 134 135 134 134 134 133 134 134 134 135 134 135 136 137 136 133 131 129 127 125 125 122 119 118 117
-9999 -9999 -9999 -9999 -9999 -9999 -9999 -9999 -9999 -9999 -9999 -9999 -9999 -9999 -9999 -9999 -9999 -9999 -9999 -9999 -9999 -9999 -9999 -9999 -9999 -9999 -9999 114 115 116 116 117 120 126 121 121 125 129 133 138 138 141 143 141 140 139 143 141 146 152 149 147 145 147 145 145 144 142 139 137 135 134 132 131 131 129 128 129 128 128 129 128 128 129 128 127 131 130 130 129 130 129 131 129 128 125 123 122 121 119
-9999 -9999 -9999 -9999 -9999 -9999 -9999 -9999 -9999 -9999 -9999 -9999 -9999 -9999 -9999 -9999 -9999 -9999 -9999 -9999 -9999 -9999 -9999 -9999 -9999 -9999 -9999 109 109 109 110 111 113 115 111 113 114 117 123 123 130 132 135 135 132 133 132 135 137 140 140 138 139 138 136 135 136 133 132 131 129 127 126 125 123 120 123 124 121 120 122 122 123 122 121 120 124 122 121 122 122 122 125 127 125 124 125 125 123 123
-9999 -9999 -9999 -9999 -9999 -9999 -9999 -9999 -9999 -9999 -9999 -9999 -9999 -9999 -9999 -9999 -9999 -9999 -9999 -9999 -9999 -9999 -9999 -9999 -9999 -9999 -9999 102 103 103 104 104 106 105 104 106 107 108 111 116 121 123 126 127 125 125 128 129 131 131 131 130 130 130 128 128 129 126 124 122 122 121 120 118 114 112 116 118 116 114 116 118 118 115 114 116 115 115 115 115 116 117 118 119 119 120 119 122 121 124
-9999 -9999 -9999 -9999 -9999 -9999 -9999 -9999 -9999 -9999 -9999 -9999 -9999 -9999 -9999 -9999 -9999 -9999 -9999 -9999 -9999 -9999 -9999 -9999 -9999 -9999 -9999 97 97 96 97 98 99 99 99 99 100 100 102 106 107 111 118 118 118 120 125 123 123 123 122 122 123 122 121 122 122 119 116 114 113 114 113 112 109 106 111 111 110 110 109 109 111 109 109 109 109 109 111 110 111 111 112 113 114 114 115 116 117 118
-9999 -9999 -9999 -9999 -9999 -9999 -9999 -9999 -9999 -9999 -9999 -9999 -9999 -9999 -9999 -9999 -9999 -9999 -9999 -9999 -9999 -9999 -9999 -9999 -9999 -9999 -9999 -9999 -9999 -9999 -9999 92 92 91 92 94 94 95 95 98 100 106 113 107 112 118 118 118 117 117 115 116 116 116 115 113 111 111 109 108 107 104 104 105 102 103 103 106 104 103 102 102 104 104 104 103 104 105 105 106 106 105 107 107 109 108 109 110 111 112
-9999 -9999 -9999 -9999 -9999 -9999 -9999 -9999 -9999 -9999 -9999 -9999 -9999 -9999 -9999 -9999 -9999 -9999 -9999 -9999 -9999 -9999 -9999 -9999 -9999 -9999 -9999 -9999 -9999 -9999 -9999 87 87 87 87 88 88 89 89 92 96 95 99 99 105 113 112 112 111 110 110 110 110 110 109 105 104 103 102 101 99 96 96 96 96 97 97 98 97 99 98 98 98 99 100 99 99 99 100 100 100 101 101 102 102 104 104 105 107 107
