data_and_outputs/predictor_data/021/bioclim_01.asc
NCOLS 1199 
NROWS 625 
XLLCORNER -17.966918 
YLLCORNER -10.0196949358429 
CELLSIZE 0.0416666688395203 
NODATA_value -9999 
[rows 266 to 303 of 625, columns 1105 to 1189 of 1199]
218 219 220 220 219 218 219 218 218 219 218 217 218 218 217 217 218 219 218 217 216 216 217 218 218 218 218 217 217 217 216 215 217 216 215 215 216 218 219 218 218 219 219 221 221 213 217 217 220 221 222 223 223 223 224 226 227 228 228 228 227 227 226 228 230 232 233 234 234 234 233 233 236 236 238 239 238 240 240 241 242 243 243 244 244
219 220 219 219 219 217 218 218 217 218 218 217 218 218 217 216 217 217 218 217 217 216 216 217 218 217 217 216 216 216 216 215 216 216 214 214 215 217 218 219 218 218 219 220 221 219 219 218 219 220 221 221 221 222 224 226 226 228 227 227 227 226 226 226 230 231 232 233 234 233 233 231 235 236 237 237 238 240 241 241 242 243 243 244 244
219 219 218 219 219 217 217 217 217 217 218 217 217 217 217 216 217 216 217 217 217 216 216 216 218 217 216 216 216 214 214 214 214 215 215 214 215 216 217 218 218 218 218 219 220 221 219 217 217 218 220 220 222 223 224 225 225 227 227 226 226 226 225 226 228 230 231 232 233 233 232 232 234 236 237 236 238 239 240 241 240 242 242 242 243
218 218 217 218 218 217 216 216 216 217 218 217 216 217 217 215 215 215 217 217 216 215 215 216 217 217 217 216 215 214 212 212 213 214 214 213 215 215 216 217 218 217 216 218 219 219 218 217 217 217 219 220 221 222 223 223 225 226 227 227 226 225 225 225 226 229 230 231 233 233 232 229 233 235 235 237 238 239 240 240 240 241 241 242 244
217 218 216 217 218 217 216 215 216 216 217 217 217 216 216 216 215 215 216 216 216 215 215 216 216 217 216 214 214 212 212 212 212 213 213 213 214 214 215 215 217 217 216 217 218 219 218 216 216 216 217 219 220 221 222 224 225 226 226 227 226 226 225 225 225 227 228 231 232 232 230 227 234 234 232 236 237 239 240 239 239 240 242 243 243
216 217 216 216 217 217 215 215 215 216 216 216 216 216 215 215 215 215 216 215 215 214 215 215 216 216 215 213 213 213 213 212 212 211 212 212 212 212 214 214 216 216 215 215 216 216 216 216 216 217 218 219 219 221 222 223 224 225 226 225 226 226 225 225 225 225 226 229 230 231 227 227 232 231 233 236 238 239 238 239 239 240 241 242 243
216 216 215 216 217 217 216 215 215 215 215 216 216 216 216 215 214 214 215 216 215 214 214 214 215 216 215 215 214 214 213 212 211 209 209 209 211 210 212 213 213 214 214 214 215 215 215 216 216 217 218 219 220 220 221 222 223 224 224 224 225 225 225 225 224 224 225 226 229 230 227 228 228 229 233 236 238 238 237 237 239 240 241 243 243
215 215 216 216 217 216 216 215 214 214 215 215 215 215 215 215 214 214 215 215 215 214 214 214 215 215 215 214 214 214 213 213 211 209 208 208 208 208 209 211 211 212 212 212 214 214 214 215 217 217 218 219 220 221 222 222 223 223 223 223 224 224 224 223 223 224 224 224 228 229 227 227 228 229 233 236 237 237 236 236 238 241 242 243 242
214 215 216 216 216 215 215 214 214 214 214 215 215 214 215 215 214 213 213 214 215 213 213 213 214 215 214 214 213 213 213 212 211 210 209 209 208 207 208 209 209 209 210 211 213 213 214 215 216 217 218 218 219 220 221 222 222 223 223 222 223 223 224 224 224 224 224 224 225 226 226 227 229 230 233 235 235 237 237 238 239 241 242 241 241
214 215 215 216 216 216 215 214 213 213 213 214 214 214 214 213 212 211 213 214 214 213 212 213 214 215 214 214 214 213 213 212 210 210 209 209 209 209 209 207 207 208 209 211 212 213 214 215 216 217 218 219 220 220 220 220 221 222 222 221 221 222 223 223 224 223 224 224 224 224 225 227 228 230 232 234 230 236 236 238 240 241 242 240 240
215 215 214 215 214 215 215 214 214 214 212 214 214 213 212 211 211 211 212 213 213 212 212 213 214 214 214 214 213 213 213 212 210 210 210 210 210 210 210 209 208 209 210 211 212 213 214 216 216 217 218 219 219 220 219 220 221 222 222 222 221 220 221 222 222 223 223 224 224 223 224 226 228 229 231 233 233 235 235 238 239 240 241 239 237
213 213 214 214 214 215 214 214 214 214 213 212 213 213 212 212 211 210 210 211 211 211 211 212 213 214 214 214 213 213 212 211 211 211 211 211 210 210 210 209 210 210 211 211 212 213 214 215 216 217 218 218 218 219 219 220 220 221 221 221 221 221 221 221 222 222 222 223 224 223 224 224 227 229 231 231 232 234 236 237 238 240 241 238 236
212 212 213 214 215 215 214 213 212 212 212 212 212 212 212 212 211 211 211 212 212 212 211 211 212 212 213 213 213 213 212 212 212 211 211 211 210 210 210 210 210 210 211 212 213 214 215 215 216 216 217 217 218 218 218 219 219 220 221 222 222 222 222 222 222 222 222 223 223 223 223 223 225 227 229 230 232 233 236 238 239 241 241 238 237
213 212 213 214 214 213 214 213 212 212 210 211 211 212 212 213 212 212 212 212 213 213 212 211 212 212 213 212 211 212 212 212 212 212 212 212 211 211 211 211 210 210 211 212 213 213 214 215 215 216 216 217 218 218 218 218 218 219 220 221 221 222 222 222 222 222 222 222 222 223 223 223 224 225 226 228 233 234 235 237 238 240 241 238 237
213 213 213 213 212 212 212 212 212 210 210 211 212 211 212 213 213 213 213 213 213 213 213 213 213 212 212 212 212 213 213 212 212 211 211 211 211 211 210 211 210 210 211 211 212 213 214 215 216 216 216 217 218 217 217 217 218 219 219 220 220 220 221 222 222 222 222 222 222 222 222 222 223 224 226 229 231 234 235 237 238 240 240 239 237
213 213 213 213 212 212 211 211 211 211 211 212 212 212 212 213 213 213 213 214 214 214 214 214 213 213 212 212 213 213 213 212 211 211 210 210 211 211 210 211 212 211 211 211 210 212 213 214 216 215 216 217 217 217 217 217 218 219 219 219 220 220 220 221 221 221 221 221 220 220 221 222 223 224 225 227 228 233 235 237 239 239 241 239 237
213 213 213 213 212 212 211 211 211 211 212 213 213 213 213 214 213 214 214 214 214 214 214 214 214 213 212 212 213 213 213 213 212 212 212 212 212 212 211 212 212 212 212 211 211 212 213 214 215 215 216 216 217 216 216 216 218 218 218 219 219 219 220 220 221 221 220 221 221 221 222 223 223 224 225 227 229 232 235 237 238 238 241 239 238
213 213 213 213 212 212 213 212 212 212 213 213 213 214 214 215 215 214 214 214 213 214 213 214 214 214 213 213 213 214 213 213 213 213 212 213 213 212 212 213 212 213 212 211 211 212 213 214 215 215 215 216 216 216 215 216 217 217 218 218 218 219 219 219 220 220 220 221 221 221 222 223 224 225 226 228 231 234 235 236 237 238 240 240 238
213 213 213 213 213 213 213 213 213 212 213 213 214 214 215 215 214 214 213 213 213 213 213 213 213 214 213 214 214 213 214 214 213 212 213 214 213 212 213 213 213 212 212 212 211 211 212 213 214 214 215 216 216 215 215 216 216 217 217 217 217 217 218 218 219 219 220 221 221 221 221 222 224 225 227 227 230 234 235 236 235 236 239 241 238
213 213 213 214 214 214 213 213 213 213 214 214 215 215 215 214 214 214 214 213 212 213 213 213 214 214 214 215 214 215 214 213 213 214 214 214 213 213 214 214 213 213 212 212 212 212 213 213 213 214 214 215 216 215 215 216 215 216 216 216 216 216 216 217 218 219 219 220 220 221 221 222 223 224 224 226 230 233 234 234 234 233 237 240 239
213 213 214 214 214 214 213 213 214 214 214 215 215 216 215 215 215 215 214 214 213 214 214 214 214 214 214 215 215 215 214 214 214 214 215 214 213 214 214 213 213 213 213 212 212 213 213 213 212 212 214 215 215 215 214 215 215 215 216 215 215 214 215 216 217 218 218 219 219 219 220 221 222 223 223 225 229 233 233 233 232 227 229 238 240
214 214 214 214 214 214 213 214 215 215 215 215 216 216 216 216 216 215 215 214 214 215 215 215 215 214 214 215 216 215 215 215 215 215 215 214 214 214 214 213 213 213 213 212 213 214 213 213 213 213 214 214 214 215 214 215 215 215 215 215 214 214 214 216 216 217 218 218 219 219 220 220 221 222 223 225 228 230 230 232 232 224 224 230 239
214 215 215 214 214 214 214 215 215 215 216 216 216 216 216 216 216 216 216 215 215 216 215 216 215 215 215 216 216 215 216 216 216 216 216 215 215 215 214 213 213 212 212 213 214 214 214 214 214 213 213 214 213 214 214 214 214 215 215 214 214 214 215 215 216 217 218 218 218 219 220 221 222 222 223 224 225 226 228 231 231 224 221 223 232
215 216 215 215 215 215 215 215 216 216 217 217 216 216 216 216 216 216 215 215 216 216 216 216 216 216 216 217 216 216 216 217 216 216 215 216 215 214 214 214 213 214 214 214 214 214 214 214 214 213 212 213 212 213 213 214 214 215 215 214 214 215 215 215 216 216 216 215 218 219 220 221 222 222 223 224 223 224 227 232 229 223 220 222 225
216 216 215 215 216 216 216 216 217 217 217 217 217 216 216 216 216 216 216 216 217 217 216 217 217 217 217 217 217 217 217 216 216 215 215 215 214 214 214 214 214 214 215 215 215 214 214 214 213 213 212 212 212 212 213 214 214 214 214 214 214 215 215 215 216 216 215 215 217 219 220 221 221 221 222 222 222 225 228 231 230 223 220 222 221
216 216 215 216 216 216 217 217 217 217 217 217 217 216 216 216 216 217 217 217 217 217 217 218 218 218 217 218 217 216 216 216 216 215 215 215 215 215 215 215 215 215 215 214 214 214 214 214 214 213 213 212 212 212 212 213 213 213 213 213 215 215 215 215 215 216 215 214 216 217 219 219 220 220 220 221 220 227 228 230 230 223 220 223 221
216 216 216 216 217 217 218 217 217 217 216 217 217 216 217 217 217 218 218 218 218 218 218 218 217 217 217 217 217 216 216 215 215 215 216 216 216 216 216 216 216 216 215 215 215 214 214 214 213 213 213 213 213 213 213 212 212 212 211 212 215 213 214 214 214 215 212 214 216 217 218 218 219 219 220 222 224 225 226 226 229 225 225 224 222
216 217 217 217 218 218 218 217 217 217 217 217 217 217 218 218 218 219 218 218 218 219 218 218 217 217 217 217 216 217 217 216 216 216 216 217 216 216 216 215 215 215 215 215 214 214 214 213 213 213 214 214 214 214 213 213 212 211 210 211 213 210 212 213 212 213 212 214 216 217 217 217 219 221 222 224 223 222 224 223 226 226 224 222 220
217 217 217 217 217 217 218 217 217 217 218 218 218 218 219 219 218 219 219 218 218 218 219 219 218 217 217 217 217 218 217 217 217 217 217 217 216 216 217 216 216 216 216 215 214 215 214 214 214 214 213 212 213 213 213 212 211 210 209 209 211 210 209 212 211 211 212 213 215 216 217 218 219 221 221 221 221 220 222 223 225 224 222 221 221
217 217 218 218 218 217 218 218 219 218 219 219 219 219 220 220 219 219 219 219 218 218 218 219 219 219 219 218 218 218 218 218 218 218 217 217 217 217 216 217 216 216 216 215 215 215 215 215 215 214 213 211 212 212 212 210 210 210 208 208 210 209 208 210 209 210 213 214 215 217 218 219 220 218 218 218 220 219 220 222 223 223 222 222 222
216 217 218 218 218 218 218 219 219 219 219 220 220 219 220 220 220 220 219 219 219 218 218 219 219 219 218 218 217 218 218 218 218 217 216 216 217 217 216 216 216 215 216 216 216 215 214 215 214 214 214 213 213 213 212 210 210 209 207 206 208 208 207 209 208 210 212 213 215 216 217 217 217 217 216 218 219 218 221 221 222 223 224 224 224
216 216 217 218 218 218 219 219 220 220 220 220 221 220 220 220 220 220 219 219 218 218 218 218 218 218 217 217 217 217 217 217 218 217 216 216 216 217 217 216 215 215 216 215 215 214 214 214 214 214 214 213 213 214 213 211 210 207 205 205 207 206 205 207 207 208 210 213 215 216 217 216 215 216 216 218 217 217 221 223 224 225 226 226 227
216 216 216 218 219 220 219 219 219 220 220 221 221 221 221 221 221 221 220 219 220 220 220 220 219 218 217 217 217 217 217 217 217 217 216 216 216 216 217 216 215 215 215 215 215 214 214 214 214 214 214 213 211 212 212 210 208 206 205 205 206 205 205 206 207 206 206 211 213 214 215 215 213 215 216 217 217 221 224 225 226 226 227 228 228
217 217 217 218 218 218 219 219 219 220 220 221 220 221 221 221 221 221 221 221 220 220 219 218 219 219 218 218 217 217 217 217 217 217 217 216 215 216 216 215 215 214 215 215 215 213 213 213 213 214 214 213 212 209 209 207 206 206 207 206 206 205 205 206 206 205 205 210 210 210 212 210 210 214 216 218 219 222 225 227 228 228 228 230 229
217 219 218 218 218 218 218 219 219 219 220 220 220 220 221 221 220 221 221 221 221 220 219 218 217 220 219 218 217 217 217 216 217 217 216 216 216 215 215 215 214 214 214 215 214 213 213 212 212 213 214 210 210 210 208 208 207 207 207 206 205 205 206 206 206 205 205 206 205 206 207 210 213 215 216 217 218 220 223 225 228 230 230 229 229
217 217 218 219 218 218 219 219 219 219 220 220 220 220 220 220 220 220 221 221 221 219 219 219 218 220 219 217 218 217 216 216 216 216 216 216 215 215 215 215 214 213 213 213 213 213 212 211 211 212 213 210 207 208 209 208 207 207 206 205 205 205 206 206 206 205 205 204 203 205 208 212 214 215 216 215 216 218 221 225 228 230 232 231 233
217 217 218 219 219 219 219 219 220 219 220 220 219 219 220 221 220 220 221 220 221 220 218 217 218 217 219 219 219 218 217 216 216 216 216 215 214 214 214 214 213 212 212 212 212 212 212 211 210 211 212 211 207 209 210 209 207 206 206 205 205 206 206 205 205 205 204 203 203 204 210 212 213 213 214 215 217 220 223 227 230 232 233 232 234
217 217 217 219 219 220 219 219 219 220 220 219 218 219 220 220 219 220 220 220 220 219 218 217 216 215 217 219 219 218 217 216 215 215 215 214 213 213 213 213 212 211 211 212 212 212 212 212 211 211 210 210 209 210 210 208 207 206 206 206 206 205 205 204 204 204 203 203 203 205 209 212 212 213 214 216 218 220 224 227 231 232 233 234 234
