data_and_outputs/predictor_data/021/bioclim_17.asc
NCOLS 1199 
NROWS 625 
XLLCORNER -17.966918 
YLLCORNER -10.0196949358429 
CELLSIZE 0.0416666688395203 
NODATA_value -9999 
[rows 160 to 199 of 625, columns 180 to 269 of 1199]
57 58 58 58 58 61 61 61 61 61 64 64 65 66 69 69 69 71 72 73 73 74 74 74 75 73 67 66 66 65 64 61 58 57 54 52 51 53 49 48 45 44 43 39 38 37 35 34 33 32 31 28 28 27 26 26 25 22 22 21 21 21 20 20 20 20 22 22 22 22 22 22 22 22 22 22 22 22 22 22 22 22 22 22 22 22 22 23 21 21
61 61 60 60 63 63 63 63 66 68 68 69 71 71 72 74 76 76 74 76 76 76 76 78 77 75 74 73 71 71 69 67 64 61 56 54 55 57 52 49 46 45 43 42 38 38 37 35 34 33 32 29 29 28 27 26 25 25 23 21 21 21 20 19 20 20 20 22 22 22 22 22 22 22 22 22 22 22 22 22 22 22 22 22 23 23 22 21 21 21
65 62 66 67 65 65 67 67 70 70 70 71 72 74 75 75 76 78 80 81 80 83 83 84 84 81 80 78 74 72 72 68 66 62 59 58 57 58 54 51 48 45 44 43 41 39 38 37 35 33 32 31 31 28 27 27 25 25 24 22 21 21 20 20 20 20 20 22 22 22 22 21 22 22 22 22 22 22 22 22 22 22 22 22 22 22 22 21 21 21
67 67 68 68 68 68 69 71 71 72 72 72 74 74 77 77 78 79 81 81 82 85 88 89 88 83 81 79 77 76 74 71 64 63 61 59 62 58 54 52 50 46 45 43 42 40 38 38 37 34 33 32 31 28 27 26 26 25 24 24 21 21 21 20 20 20 22 22 22 22 22 21 22 22 22 22 22 22 22 22 22 22 22 22 23 23 23 23 21 21
68 68 67 69 70 70 70 71 72 73 73 77 77 80 80 79 80 80 82 83 86 89 91 90 89 84 81 80 79 76 75 69 67 64 61 59 63 58 54 53 50 48 45 44 43 40 39 38 37 36 33 33 31 30 28 27 26 26 24 24 23 21 21 21 22 22 22 22 22 22 22 21 22 22 22 22 22 22 22 22 22 22 22 23 23 23 23 23 21 21
69 72 71 71 72 72 72 73 73 75 78 79 79 82 82 83 84 85 85 88 88 90 94 92 90 88 86 84 80 78 78 75 69 67 64 63 65 59 57 54 51 49 48 47 44 41 39 38 37 36 36 34 31 31 29 29 27 26 25 24 23 23 23 22 22 22 22 21 22 22 22 21 22 22 22 22 22 22 22 22 22 22 22 22 22 22 23 22 21 21
71 71 75 72 73 76 78 79 79 81 81 82 83 85 86 87 88 88 93 92 94 97 97 97 95 93 88 86 85 82 80 78 73 69 66 66 66 60 59 57 54 50 49 47 46 43 40 39 38 37 36 35 34 31 30 29 28 26 25 25 24 24 23 23 22 22 22 22 22 22 22 22 22 22 22 22 22 22 22 22 22 22 22 23 22 22 23 23 22 21
73 75 77 76 75 80 80 80 81 83 86 88 85 85 90 92 92 96 101 101 101 102 100 99 97 95 92 90 89 86 81 80 78 73 67 68 67 63 60 58 55 51 51 48 46 44 43 41 40 39 36 35 34 32 30 30 29 28 28 27 24 24 24 23 23 22 22 22 22 22 22 22 22 22 22 22 21 22 22 22 22 22 22 23 23 23 23 23 23 22
74 75 76 76 76 79 81 82 86 86 88 88 88 91 92 95 97 99 101 105 104 102 102 102 101 96 93 90 89 86 84 80 77 73 70 67 67 64 62 57 55 53 52 50 48 46 43 42 40 39 38 36 34 33 32 29 29 29 28 27 26 24 26 23 23 23 22 22 22 24 22 22 22 22 22 22 22 22 22 22 22 22 22 22 22 22 22 22 22 22
74 76 80 76 76 78 83 86 87 88 89 89 91 93 96 98 100 101 101 101 103 106 106 103 101 98 96 93 91 89 84 81 78 75 71 68 68 65 62 58 56 53 52 51 50 49 47 48 45 41 38 37 34 33 33 31 31 31 29 29 26 26 26 23 23 23 22 22 22 22 22 22 22 22 22 22 22 22 22 22 22 22 22 22 22 22 22 22 22 22
75 79 82 79 78 82 84 85 85 87 89 90 92 94 97 99 101 102 102 106 107 107 107 107 103 100 96 94 92 91 87 83 81 78 73 71 70 69 63 60 58 56 52 53 53 50 48 50 48 44 40 38 36 36 35 34 31 31 30 30 29 27 27 25 25 25 22 22 22 22 22 23 22 22 22 23 23 22 22 22 22 24 24 24 23 22 22 22 22 22
77 81 83 81 82 83 84 86 87 88 91 92 94 98 101 105 107 107 109 110 110 110 110 110 108 105 101 98 97 93 90 85 83 79 75 72 71 70 66 61 59 57 55 54 53 49 49 48 46 44 45 43 39 36 35 34 33 31 30 30 28 27 28 27 25 25 24 24 22 22 23 23 23 23 23 23 23 22 22 23 23 24 24 24 24 23 23 24 24 22
80 80 86 80 83 86 83 86 86 89 93 94 95 100 105 107 108 110 111 112 112 112 112 112 110 106 102 99 97 93 91 86 84 81 77 75 71 71 68 64 59 57 56 53 54 51 52 48 46 44 43 42 39 38 36 34 33 33 31 29 28 27 28 26 25 24 24 24 24 23 23 23 23 23 23 23 23 23 23 23 24 24 24 24 24 24 24 24 24 24
79 80 80 80 83 83 83 85 86 90 92 95 97 102 106 110 110 112 113 114 112 112 111 112 112 107 104 101 98 95 91 88 84 82 77 75 71 70 68 63 61 59 56 54 53 51 49 50 48 44 43 41 39 38 37 34 33 33 30 29 29 28 26 25 25 24 24 24 24 23 23 23 23 23 23 23 23 23 23 23 24 24 24 24 24 24 24 24 24 24
78 80 80 80 81 83 85 85 87 90 93 97 100 104 108 110 112 113 113 114 114 114 112 113 113 108 103 100 98 95 91 87 85 81 79 76 72 71 67 63 61 59 57 55 53 51 50 52 49 46 42 42 40 38 37 36 35 33 31 29 28 28 26 26 25 24 24 24 24 23 23 23 23 23 23 23 23 23 23 23 23 23 23 23 24 24 24 24 24 24
79 79 81 79 84 84 85 86 88 91 95 99 102 107 109 111 113 115 117 117 117 117 116 116 115 111 105 102 100 97 93 89 86 83 80 76 73 71 69 65 62 59 57 56 54 53 53 52 47 45 44 41 41 39 38 38 35 33 32 31 29 28 27 27 25 25 24 24 24 23 24 24 23 23 23 23 23 23 23 23 23 23 25 25 25 25 25 25 25 25
82 82 82 82 83 84 85 86 89 93 98 100 106 109 112 116 117 119 121 123 123 122 121 119 119 113 108 104 102 99 94 92 88 83 81 77 74 73 70 67 63 61 60 58 56 53 51 52 48 46 44 43 41 38 37 36 33 33 33 31 30 28 28 27 26 26 26 26 25 24 23 23 23 23 23 23 23 23 24 24 25 25 25 25 25 25 25 25 25 25
82 81 82 81 83 83 83 86 88 92 96 101 104 109 114 118 120 121 122 125 125 123 122 122 117 113 108 104 102 99 94 92 88 83 80 77 75 75 71 67 65 62 61 59 57 55 52 51 48 47 44 43 42 39 37 35 33 33 32 31 30 29 28 27 26 26 26 25 25 25 25 23 23 23 23 23 23 23 25 25 25 25 25 25 25 25 25 25 25 25
79 80 79 79 80 80 82 85 87 92 96 100 107 110 113 118 121 122 123 123 125 124 123 121 117 114 107 104 101 98 94 90 87 84 79 76 74 75 72 69 67 63 61 61 59 55 52 50 48 46 45 42 42 41 38 37 34 32 33 31 30 29 29 28 28 26 27 25 25 25 24 24 24 24 24 24 24 24 24 24 25 25 25 25 25 26 26 26 25 25
79 80 78 80 81 81 83 81 86 90 97 103 106 109 114 118 120 123 124 126 125 124 122 121 120 114 109 104 101 97 93 90 85 82 80 76 75 76 71 68 67 65 62 60 58 55 53 50 48 46 45 43 41 38 37 35 34 33 33 31 30 29 28 28 27 26 27 25 25 25 24 24 24 24 24 24 24 24 24 24 25 25 25 26 27 27 26 26 26 26
80 80 80 81 82 82 82 82 90 94 101 104 108 112 116 121 124 126 127 127 127 126 125 124 120 116 111 106 102 98 95 90 87 83 79 76 76 75 70 68 67 65 62 61 58 56 53 50 49 47 45 42 41 39 38 36 34 33 32 31 30 29 28 28 26 25 25 25 25 25 24 24 24 24 25 25 25 24 24 25 26 26 26 26 26 26 26 26 26 26
81 81 82 83 83 85 85 91 95 100 103 107 111 116 121 125 129 131 133 133 131 130 128 126 123 118 113 105 103 100 95 90 88 84 82 78 76 75 71 69 66 65 64 62 58 56 54 51 50 49 47 42 41 40 38 36 34 34 33 32 30 29 28 28 27 25 25 25 25 25 24 24 24 25 25 25 25 25 25 26 26 26 26 26 26 26 28 28 28 28
84 84 86 86 88 88 91 95 99 102 107 110 115 120 124 129 132 135 137 137 136 132 130 128 124 120 113 107 105 101 97 92 88 85 82 80 78 76 71 69 68 65 64 62 60 57 55 52 51 52 50 44 41 40 39 37 36 35 33 32 31 29 28 28 27 27 25 25 25 25 24 24 24 26 26 26 26 26 26 26 26 26 26 28 28 28 28 28 28 28
85 86 88 88 90 93 95 98 102 107 111 115 118 122 126 130 134 139 141 140 137 135 131 128 126 120 115 109 106 102 96 92 89 85 82 79 75 74 72 69 66 65 62 62 60 58 55 53 52 53 53 46 43 41 39 38 36 35 34 32 31 30 29 28 27 27 26 25 25 25 24 25 26 26 26 26 26 26 26 26 26 28 28 28 28 28 28 29 28 28
86 89 91 93 93 95 98 103 106 109 112 115 118 123 127 132 135 137 139 139 137 135 133 129 126 121 111 109 107 102 98 92 89 86 83 80 77 74 72 70 67 65 62 60 57 55 53 52 52 53 52 47 43 41 39 39 38 36 35 34 31 31 30 28 27 26 26 26 26 26 26 26 26 26 26 26 26 26 26 26 28 28 28 29 30 30 29 30 30 30
89 93 93 93 95 99 103 105 109 110 113 117 121 126 129 131 134 138 139 138 136 134 131 130 125 122 112 108 107 103 97 93 89 86 83 80 77 75 72 70 68 67 65 60 57 55 53 50 49 48 47 44 43 41 40 39 40 37 35 34 33 31 30 29 28 27 26 26 26 26 26 26 26 26 26 27 27 27 27 27 28 28 30 30 30 30 30 30 30 30
91 93 93 96 99 102 106 106 109 112 116 119 123 126 129 132 135 135 137 137 135 133 131 126 124 121 111 110 108 102 99 93 90 86 83 80 75 73 71 70 69 67 67 64 57 55 53 51 49 48 47 45 43 42 40 39 38 37 36 34 33 32 30 29 29 28 26 26 26 26 26 27 27 27 27 27 27 28 28 28 28 30 30 30 31 31 31 32 32 32
94 96 97 98 101 105 106 108 111 114 117 121 122 127 129 131 132 134 134 134 133 129 129 127 125 116 113 111 108 103 98 93 89 86 83 79 76 74 72 68 67 65 68 67 63 57 53 51 49 48 47 44 43 43 40 39 38 37 35 34 33 33 30 30 29 29 28 30 30 27 26 27 28 28 28 28 28 28 28 28 29 30 30 31 32 32 32 32 32 32
94 96 98 99 103 105 107 109 112 115 116 120 124 126 129 130 130 131 133 132 130 128 128 126 122 115 115 109 106 102 96 92 88 87 84 78 76 74 73 69 69 66 62 63 63 60 55 52 50 48 47 44 43 43 40 39 39 37 35 34 33 34 32 30 29 29 30 30 30 29 28 27 28 28 28 28 29 29 30 29 30 30 31 33 32 32 33 34 34 33
96 97 99 102 105 109 110 112 113 115 118 122 126 127 127 129 130 131 130 128 126 127 128 127 121 119 113 108 104 101 97 92 89 85 82 78 75 73 71 67 65 62 60 63 60 56 55 52 51 48 47 46 44 43 42 41 39 37 36 35 33 33 32 31 31 29 30 30 29 29 28 28 28 29 29 29 30 30 30 30 30 31 32 32 33 33 34 34 35 34
97 103 103 105 108 110 111 113 113 117 119 123 125 128 128 128 127 129 129 126 127 127 126 126 122 117 111 107 103 99 96 92 87 84 81 77 75 73 70 67 63 61 60 60 58 55 53 52 50 48 47 46 44 43 42 41 40 38 37 36 34 33 33 32 31 31 30 30 30 29 29 29 29 30 30 30 30 30 30 30 30 31 32 33 34 34 34 36 35 35
97 103 103 105 109 110 112 112 115 117 119 122 126 127 126 126 125 125 125 124 125 126 126 123 118 114 109 106 101 98 95 91 87 84 81 77 74 71 69 66 63 61 60 58 57 55 53 52 50 48 48 46 45 43 42 41 40 38 37 36 35 35 33 32 31 31 31 31 30 30 30 31 33 31 30 30 30 31 31 31 31 32 33 34 34 34 35 37 36 36
100 103 104 107 110 111 113 114 116 117 120 120 125 124 124 124 123 123 124 126 125 126 122 120 116 111 108 104 100 97 93 89 85 84 80 76 72 70 69 65 63 61 60 60 58 55 54 52 51 50 48 47 46 44 42 41 40 40 38 36 36 35 34 34 33 33 31 32 30 30 30 31 33 33 33 35 31 31 31 31 31 32 33 34 34 35 35 37 38 38
101 105 108 110 111 113 115 115 117 117 120 120 121 121 122 122 122 124 126 124 124 122 119 117 113 110 105 102 99 95 92 88 86 83 80 75 72 70 67 65 63 61 60 60 58 55 54 52 51 50 48 47 46 45 44 43 42 40 39 38 37 36 35 34 34 33 33 32 32 31 31 31 31 33 33 35 31 31 31 31 32 33 33 34 35 35 37 38 39 39
104 108 109 112 114 114 115 116 117 119 119 121 121 121 121 121 122 122 124 123 121 119 116 114 111 108 103 101 98 94 91 88 85 81 79 75 71 69 67 64 62 60 60 60 58 56 54 53 52 51 50 49 48 45 44 44 43 42 41 39 38 37 36 34 34 33 33 33 32 32 31 31 31 31 33 36 33 31 32 32 33 33 34 35 35 37 37 39 39 39
106 109 113 115 115 115 116 116 118 119 118 118 119 119 120 119 121 121 122 120 119 115 114 111 109 106 102 100 96 93 90 86 84 81 78 74 71 69 67 64 62 61 60 58 58 57 54 53 53 51 50 49 48 47 46 44 44 42 41 40 39 39 37 36 34 34 34 33 33 32 31 32 33 33 33 33 33 32 32 33 33 33 35 35 36 37 37 39 39 39
105 108 114 114 115 116 117 118 120 117 117 117 119 119 121 124 122 120 118 116 115 113 111 110 107 104 101 98 95 92 89 86 83 80 77 74 70 68 67 63 62 61 60 58 57 56 56 55 54 51 50 49 48 47 45 45 45 44 42 40 40 39 37 37 36 35 35 34 33 32 33 33 34 35 37 36 33 33 32 33 33 34 35 35 36 37 37 39 40 39
108 112 115 116 116 117 117 119 117 117 117 117 117 121 121 121 120 118 115 114 113 111 109 108 106 102 99 96 94 92 88 85 83 80 77 73 71 68 66 65 61 62 61 58 57 56 56 54 54 53 51 50 48 48 46 46 46 46 44 42 40 39 39 38 36 37 35 34 34 35 38 37 35 37 36 35 35 33 33 34 33 34 35 36 36 37 38 39 40 40
113 115 115 117 118 118 118 118 118 118 118 118 118 118 118 117 116 115 113 112 109 109 108 106 104 101 98 96 93 90 88 84 82 79 77 73 70 67 65 64 62 61 61 59 58 57 56 56 56 54 51 50 49 48 47 46 47 46 45 43 42 41 41 38 39 37 37 37 36 37 42 43 38 38 38 36 40 36 34 35 34 34 35 36 36 37 38 39 39 39
116 116 116 118 119 119 118 118 117 117 116 117 116 116 115 114 113 112 110 108 107 107 106 104 102 100 97 95 92 89 87 84 82 81 77 75 71 68 66 64 63 62 61 61 59 58 58 57 56 54 53 51 49 48 47 48 48 47 48 46 45 45 42 40 40 39 39 38 38 39 41 44 41 40 38 36 38 35 34 34 34 34 35 36 36 37 38 39 38 38
