data_and_outputs/predictor_data/021/bioclim_12.asc
NCOLS 1199 
NROWS 625 
XLLCORNER -17.966918 
YLLCORNER -10.0196949358429 
CELLSIZE 0.0416666688395203 
NODATA_value -9999 
[rows 216 to 251 of 625, columns 405 to 485 of 1199]
1139 1134 1133 1134 1132 1133 1131 1133 1135 1143 1146 1153 1160 1164 1167 1171 1169 1171 1171 1177 1182 1190 1184 1198 1200 1188 1171 1155 1156 1157 1151 1150 1173 1187 1185 1197 1211 1233 1246 1356 1373 1399 1300 1207 1181 1185 1194 1154 1118 1096 1079 1066 1045 1030 1013 994 981 971 957 943 929 925 908 910 928 941 954 964 962 954 943 942 924 928 936 933 931 932 934 934 935
1153 1147 1144 1142 1138 1135 1137 1140 1141 1146 1150 1152 1158 1157 1158 1160 1164 1171 1179 1188 1191 1198 1193 1195 1179 1176 1156 1149 1153 1161 1155 1148 1169 1179 1175 1190 1210 1249 1331 1408 1392 1295 1220 1192 1167 1151 1194 1121 1098 1076 1061 1043 1036 1013 992 975 966 960 950 929 914 914 907 903 911 934 954 957 947 942 949 938 923 913 922 926 928 931 932 935 939
1166 1162 1157 1152 1149 1142 1139 1139 1141 1147 1147 1149 1151 1155 1154 1156 1153 1160 1172 1194 1207 1186 1178 1191 1162 1154 1148 1144 1149 1149 1146 1170 1162 1176 1171 1190 1217 1285 1404 1409 1333 1243 1209 1193 1158 1134 1128 1100 1076 1060 1042 1026 1020 1011 987 963 951 948 935 916 907 900 899 895 902 933 939 941 926 931 942 927 915 907 911 918 925 930 933 937 949
1190 1188 1174 1164 1156 1147 1142 1142 1141 1147 1148 1151 1150 1153 1157 1155 1152 1159 1166 1182 1192 1174 1169 1172 1150 1150 1156 1152 1144 1138 1134 1184 1192 1169 1171 1197 1282 1400 1397 1401 1261 1211 1190 1228 1197 1101 1090 1075 1066 1048 1029 1012 1006 995 976 960 939 930 920 909 900 894 893 892 890 913 935 924 909 928 929 911 903 899 900 910 916 931 939 947 970
1207 1202 1193 1181 1165 1156 1149 1145 1143 1143 1147 1149 1151 1154 1160 1156 1155 1161 1165 1168 1172 1166 1154 1153 1142 1142 1138 1135 1132 1127 1129 1185 1202 1163 1173 1258 1382 1378 1328 1306 1243 1191 1164 1209 1183 1078 1062 1050 1042 1030 1015 997 986 977 961 949 925 915 903 900 896 891 884 883 879 904 920 907 895 921 908 896 895 898 896 900 924 943 960 968 970
1233 1228 1216 1200 1190 1182 1162 1151 1148 1146 1146 1148 1154 1155 1160 1159 1153 1159 1165 1160 1158 1156 1157 1144 1138 1135 1130 1132 1131 1123 1129 1151 1236 1152 1168 1355 1366 1305 1299 1219 1202 1161 1136 1121 1068 1048 1040 1024 1020 1010 1006 993 970 957 950 936 914 898 890 884 881 881 887 884 872 891 904 892 887 902 889 884 890 888 887 895 920 939 960 965 961
1257 1251 1252 1231 1207 1188 1185 1162 1155 1154 1152 1153 1154 1158 1163 1159 1156 1158 1159 1155 1149 1153 1148 1141 1137 1132 1131 1132 1126 1127 1122 1134 1211 1138 1201 1328 1262 1298 1279 1185 1153 1120 1094 1067 1035 1021 1020 1005 998 989 990 989 970 950 930 917 905 885 876 870 865 873 884 880 867 874 888 878 889 891 873 874 879 877 879 893 932 940 954 962 964
1259 1263 1264 1254 1255 1215 1185 1177 1182 1196 1175 1160 1164 1163 1161 1160 1159 1156 1153 1151 1146 1139 1143 1145 1134 1126 1118 1125 1131 1143 1112 1126 1171 1131 1287 1214 1191 1235 1221 1163 1119 1082 1057 1032 1005 999 996 990 985 974 976 980 970 955 932 908 892 875 868 862 859 859 869 866 861 866 874 885 897 879 862 862 862 861 867 899 920 938 951 960 967
1273 1278 1270 1259 1266 1263 1258 1274 1306 1276 1263 1241 1237 1256 1223 1180 1164 1161 1157 1150 1145 1139 1149 1157 1135 1123 1109 1109 1107 1102 1098 1117 1118 1125 1207 1157 1160 1255 1192 1121 1083 1053 1035 1007 988 983 982 972 966 964 972 974 966 958 933 910 888 871 867 860 864 860 855 851 856 864 872 882 888 862 854 853 846 847 858 886 923 938 944 960 972
1289 1288 1276 1267 1252 1248 1306 1311 1319 1315 1301 1281 1280 1280 1267 1230 1173 1163 1159 1153 1144 1138 1134 1129 1121 1108 1100 1096 1090 1088 1087 1086 1099 1163 1133 1116 1142 1199 1117 1083 1052 1030 1011 989 980 973 973 962 955 951 956 961 958 952 932 905 883 871 867 872 866 865 862 846 846 858 873 889 873 851 845 846 833 835 851 887 914 929 940 962 977
1297 1294 1285 1277 1268 1272 1303 1331 1322 1320 1320 1312 1295 1279 1276 1288 1261 1223 1179 1156 1143 1135 1124 1119 1108 1097 1091 1084 1078 1074 1083 1098 1098 1120 1089 1095 1121 1101 1070 1048 1033 1007 987 981 970 964 955 946 943 938 942 946 948 932 916 895 876 868 872 875 867 860 849 837 830 843 858 859 850 845 846 850 828 829 849 885 908 929 944 965 980
1303 1304 1295 1289 1289 1290 1290 1313 1324 1327 1331 1329 1320 1305 1299 1304 1293 1278 1260 1216 1147 1131 1124 1116 1102 1091 1083 1072 1066 1094 1089 1113 1144 1080 1066 1082 1075 1045 1035 1021 1006 992 973 964 957 954 946 933 928 926 926 928 926 916 901 889 873 858 867 868 855 846 844 838 830 834 837 837 834 842 842 838 832 832 858 886 910 931 949 968 985
1311 1309 1304 1309 1301 1303 1327 1336 1321 1319 1338 1339 1331 1326 1314 1306 1294 1288 1276 1246 1214 1158 1122 1107 1095 1083 1074 1063 1055 1077 1105 1115 1079 1042 1060 1046 1025 1017 1013 1001 983 973 956 953 950 951 940 923 921 921 915 910 904 902 886 874 877 854 851 850 830 836 840 856 853 822 819 821 818 822 831 838 839 842 874 896 918 940 957 976 994
1316 1314 1313 1316 1313 1326 1353 1342 1322 1309 1310 1316 1326 1333 1322 1317 1308 1287 1281 1268 1244 1224 1167 1111 1087 1073 1063 1054 1042 1095 1095 1038 1021 1043 1032 1004 999 1008 1001 980 966 956 947 950 946 943 936 927 923 921 907 891 883 877 873 852 865 854 822 818 810 825 828 851 863 845 811 805 803 805 823 836 843 857 886 908 932 949 970 985 1003
1318 1316 1317 1319 1327 1335 1345 1334 1321 1315 1310 1298 1290 1328 1323 1311 1307 1291 1273 1264 1237 1227 1191 1155 1099 1063 1052 1054 1041 1042 1031 1007 1009 1011 999 981 976 969 961 959 949 937 937 935 930 934 935 931 920 906 889 872 860 856 867 847 825 818 793 787 796 808 810 826 836 836 813 794 790 794 815 833 846 871 900 924 947 964 978 997 1012
1314 1320 1320 1328 1333 1332 1330 1326 1319 1313 1305 1298 1288 1281 1315 1308 1295 1287 1275 1251 1237 1223 1197 1158 1089 1050 1062 1063 1016 1025 999 993 994 976 991 959 951 944 939 943 934 919 919 913 917 916 925 913 898 886 871 850 834 835 842 823 800 778 766 761 779 784 796 798 812 824 807 793 785 789 811 834 856 886 913 939 964 977 989 1006 1020
1325 1328 1317 1321 1329 1330 1325 1322 1319 1310 1303 1300 1305 1314 1278 1299 1293 1281 1267 1258 1240 1208 1181 1130 1076 1035 1059 1055 1028 1008 977 978 967 954 972 937 929 925 925 923 913 902 898 900 900 896 906 896 880 868 855 834 815 799 801 784 771 762 748 748 760 766 774 780 792 803 809 800 797 805 820 841 866 894 922 944 967 982 998 1014 1032
1320 1316 1320 1330 1329 1327 1322 1317 1313 1311 1313 1317 1338 1331 1287 1280 1293 1280 1266 1260 1245 1203 1148 1119 1061 1031 1044 1010 1019 981 964 952 943 932 925 917 908 905 908 911 902 889 882 883 883 881 885 875 866 852 839 828 806 776 761 758 749 749 740 732 745 752 759 764 771 795 811 812 813 824 837 857 878 902 928 -9999 -9999 -9999 -9999 -9999 -9999
1314 1315 1321 1324 1329 1328 1321 1315 1316 1317 1320 1333 1343 1328 1298 1294 1273 1274 1261 1244 1230 1204 1146 1091 1040 1041 1038 979 1018 956 945 930 924 917 903 895 888 888 893 893 883 874 864 862 860 863 864 853 849 837 826 806 781 759 740 732 733 729 733 726 733 745 755 762 775 791 807 817 823 -9999 -9999 -9999 -9999 -9999 -9999 -9999 -9999 -9999 -9999 -9999 -9999
1309 1315 1314 1319 1319 1318 1314 1313 1314 1317 1319 1344 1336 1322 1301 1286 1266 1255 1249 1231 1203 1190 1164 1056 1051 1067 1050 1008 932 934 930 908 901 896 888 873 867 868 870 867 858 853 843 841 841 842 842 833 828 820 814 784 758 740 725 715 715 719 722 718 728 741 753 765 -9999 -9999 -9999 -9999 -9999 -9999 -9999 -9999 -9999 -9999 -9999 -9999 -9999 -9999 -9999 -9999 -9999
1302 1306 1315 1316 1311 1311 1308 1306 1309 1313 1314 1337 1327 1314 1286 1264 1249 1241 1221 1226 1197 1141 1065 1025 1041 1082 1012 948 915 909 906 884 877 874 864 851 848 848 847 842 835 834 825 821 819 826 822 818 807 801 800 769 741 723 710 710 712 717 723 720 -9999 -9999 -9999 -9999 -9999 -9999 -9999 -9999 -9999 -9999 -9999 -9999 -9999 -9999 -9999 -9999 -9999 -9999 -9999 -9999 -9999
1299 1305 1309 1307 1305 1307 1300 1305 1309 1311 1337 1329 1318 1306 1274 1246 1224 1208 1180 1186 1189 1109 1035 1036 1037 1046 932 902 891 882 871 862 857 849 842 830 826 823 825 822 812 816 808 803 802 810 803 797 789 780 776 756 735 720 712 711 714 -9999 -9999 -9999 -9999 -9999 -9999 -9999 -9999 -9999 -9999 -9999 -9999 -9999 -9999 -9999 -9999 -9999 -9999 -9999 -9999 -9999 -9999 -9999 -9999
1297 1299 1298 1299 1299 1299 1302 1304 1306 1323 1336 1326 1305 1279 1248 1229 1206 1177 1147 1119 1144 1074 1019 988 1067 946 899 892 876 862 850 841 832 827 824 813 806 803 802 799 793 797 794 785 785 790 785 776 770 766 757 744 729 718 -9999 -9999 -9999 -9999 -9999 -9999 -9999 -9999 -9999 -9999 -9999 -9999 -9999 -9999 -9999 -9999 -9999 -9999 -9999 -9999 -9999 -9999 -9999 -9999 -9999 -9999 -9999
1287 1282 1284 1285 1292 1293 1296 1295 1292 1320 1330 1316 1295 1253 1237 1207 1182 1147 1105 1081 1089 1044 1001 990 1027 909 875 871 853 842 842 822 810 803 798 791 786 782 781 780 776 780 775 771 766 770 766 761 751 749 742 733 725 -9999 -9999 -9999 -9999 -9999 -9999 -9999 -9999 -9999 -9999 -9999 -9999 -9999 -9999 -9999 -9999 -9999 -9999 -9999 -9999 -9999 -9999 -9999 -9999 -9999 -9999 -9999 -9999
1268 1267 1272 1271 1277 1283 1287 1291 1287 1296 1314 1290 1247 1223 1208 1163 1136 1102 1069 1022 1052 1017 973 996 1007 892 855 847 831 822 812 802 789 783 778 775 769 763 762 758 758 757 754 751 749 748 746 742 738 733 730 724 -9999 -9999 -9999 -9999 -9999 -9999 -9999 -9999 -9999 -9999 -9999 -9999 -9999 -9999 -9999 -9999 -9999 -9999 -9999 -9999 -9999 -9999 -9999 -9999 -9999 -9999 -9999 -9999 -9999
1254 1254 1251 1255 1267 1273 1277 1282 1281 1299 1300 1259 1203 1183 1172 1119 1083 1042 1002 989 998 999 942 995 1003 904 831 819 810 801 788 776 769 768 763 761 751 746 743 741 740 737 736 733 732 731 730 728 725 722 719 -9999 -9999 -9999 -9999 -9999 -9999 -9999 -9999 -9999 -9999 -9999 -9999 -9999 -9999 -9999 -9999 -9999 -9999 -9999 -9999 -9999 -9999 -9999 -9999 -9999 -9999 -9999 -9999 -9999 -9999
1244 1240 1237 1249 1265 1274 1271 1271 1269 1263 1265 1202 1164 1143 1098 1057 1019 980 958 955 956 948 964 1010 910 812 793 793 786 776 767 756 753 752 748 747 739 739 735 725 723 723 721 720 718 718 718 717 716 715 713 -9999 -9999 -9999 -9999 -9999 -9999 -9999 -9999 -9999 -9999 -9999 -9999 -9999 -9999 -9999 -9999 -9999 -9999 -9999 -9999 -9999 -9999 -9999 -9999 -9999 -9999 -9999 -9999 -9999 -9999
1245 1242 1245 1257 1262 1270 1274 1263 1251 1237 1206 1162 1147 1149 1099 1045 985 946 931 921 968 935 991 868 791 774 766 780 758 752 743 739 738 734 728 728 723 720 717 712 713 710 709 709 709 710 708 707 707 708 -9999 -9999 -9999 -9999 -9999 -9999 -9999 -9999 -9999 -9999 -9999 -9999 -9999 -9999 -9999 -9999 -9999 -9999 -9999 -9999 -9999 -9999 -9999 -9999 -9999 -9999 -9999 -9999 -9999 -9999 -9999
1252 1251 1251 1262 1261 1268 1264 1251 1232 1202 1168 1139 1122 1099 1054 1005 964 914 895 921 957 945 910 781 757 745 738 734 731 724 719 719 714 711 708 705 701 700 699 699 699 697 698 698 699 700 698 701 700 -9999 -9999 -9999 -9999 -9999 -9999 -9999 -9999 -9999 -9999 -9999 -9999 -9999 -9999 -9999 -9999 -9999 -9999 -9999 -9999 -9999 -9999 -9999 -9999 -9999 -9999 -9999 -9999 -9999 -9999 -9999 -9999
1257 1257 1260 1261 1261 1255 1245 1222 1201 1175 1136 1100 1081 1022 980 953 936 876 861 855 845 917 797 748 732 716 707 703 703 695 694 695 697 690 687 687 686 686 686 686 685 684 688 688 689 691 691 -9999 -9999 -9999 -9999 -9999 -9999 -9999 -9999 -9999 -9999 -9999 -9999 -9999 -9999 -9999 -9999 -9999 -9999 -9999 -9999 -9999 -9999 -9999 -9999 -9999 -9999 -9999 -9999 -9999 -9999 -9999 -9999 -9999 -9999
1253 1239 1253 1262 1243 1226 1207 1185 1168 1135 1101 1062 1025 980 941 901 870 840 835 867 855 788 739 718 704 691 682 674 674 673 670 674 -9999 -9999 -9999 -9999 -9999 -9999 -9999 -9999 -9999 -9999 -9999 -9999 -9999 -9999 -9999 -9999 -9999 -9999 -9999 -9999 -9999 -9999 -9999 -9999 -9999 -9999 -9999 -9999 -9999 -9999 -9999 -9999 -9999 -9999 -9999 -9999 -9999 -9999 -9999 -9999 -9999 -9999 -9999 -9999 -9999 -9999 -9999 -9999 -9999
1231 1214 1230 1233 1206 1192 1175 1150 1134 1099 1058 1017 998 952 912 864 830 803 783 776 795 725 701 688 673 667 659 651 652 654 -9999 -9999 -9999 -9999 -9999 -9999 -9999 -9999 -9999 -9999 -9999 -9999 -9999 -9999 -9999 -9999 -9999 -9999 -9999 -9999 -9999 -9999 -9999 -9999 -9999 -9999 -9999 -9999 -9999 -9999 -9999 -9999 -9999 -9999 -9999 -9999 -9999 -9999 -9999 -9999 -9999 -9999 -9999 -9999 -9999 -9999 -9999 -9999 -9999 -9999 -9999
1192 1179 1199 1185 1156 1151 1146 1118 1101 1064 1015 988 959 932 880 833 796 770 749 737 714 692 675 656 645 639 634 629 -9999 -9999 -9999 -9999 -9999 -9999 -9999 -9999 -9999 -9999 -9999 -9999 -9999 -9999 -9999 -9999 -9999 -9999 -9999 -9999 -9999 -9999 -9999 -9999 -9999 -9999 -9999 -9999 -9999 -9999 -9999 -9999 -9999 -9999 -9999 -9999 -9999 -9999 -9999 -9999 -9999 -9999 -9999 -9999 -9999 -9999 -9999 -9999 -9999 -9999 -9999 -9999 -9999
1166 1143 1143 1138 1125 1133 1106 1081 1062 1026 979 940 927 901 844 806 772 740 719 708 676 673 651 633 620 611 -9999 -9999 -9999 -9999 -9999 -9999 -9999 -9999 -9999 -9999 -9999 -9999 -9999 -9999 -9999 -9999 -9999 -9999 -9999 -9999 -9999 -9999 -9999 -9999 -9999 -9999 -9999 -9999 -9999 -9999 -9999 -9999 -9999 -9999 -9999 -9999 -9999 -9999 -9999 -9999 -9999 -9999 -9999 -9999 -9999 -9999 -9999 -9999 -9999 -9999 -9999 -9999 -9999 -9999 -9999
1128 1112 1101 1091 1097 1090 1082 1042 1017 984 929 902 905 857 810 772 739 712 709 671 650 636 623 614 -9999 -9999 -9999 -9999 -9999 -9999 -9999 -9999 -9999 -9999 -9999 -9999 -9999 -9999 -9999 -9999 -9999 -9999 -9999 -9999 -9999 -9999 -9999 -9999 -9999 -9999 -9999 -9999 -9999 -9999 -9999 -9999 -9999 -9999 -9999 -9999 -9999 -9999 -9999 -9999 -9999 -9999 -9999 -9999 -9999 -9999 -9999 -9999 -9999 -9999 -9999 -9999 -9999 -9999 -9999 -9999 -9999
1105 1084 1063 1063 1062 1061 1046 1019 978 936 885 869 853 819 779 748 716 696 673 647 628 -9999 -9999 -9999 -9999 -9999 -9999 -9999 -9999 -9999 -9999 -9999 -9999 -9999 -9999 -9999 -9999 -9999 -9999 -9999 -9999 -9999 -9999 -9999 -9999 -9999 -9999 -9999 -9999 -9999 -9999 -9999 -9999 -9999 -9999 -9999 -9999 -9999 -9999 -9999 -9999 -9999 -9999 -9999 -9999 -9999 -9999 -9999 -9999 -9999 -9999 -9999 -9999 -9999 -9999 -9999 -9999 -9999 -9999 -9999 -9999
