data_and_outputs/predictor_data/021/bioclim_16.asc
NCOLS 1199 
NROWS 625 
XLLCORNER -17.966918 
YLLCORNER -10.0196949358429 
CELLSIZE 0.0416666688395203 
NODATA_value -9999 
[rows 76 to 113 of 625, columns 680 to 764 of 1199]
389 388 385 385 384 382 381 377 376 374 372 370 366 364 361 359 356 354 353 349 348 346 345 344 342 340 339 340 339 339 338 339 339 339 339 339 339 338 337 335 334 334 330 331 330 329 327 327 328 329 329 330 330 332 333 333 333 333 332 332 333 332 331 331 330 330 331 331 329 329 330 330 329 328 328 327 327 326 326 325 324 323 322 319 320
399 398 397 394 393 392 388 387 385 382 381 376 375 373 370 368 365 364 361 359 357 355 355 353 352 350 349 348 348 347 348 348 347 348 347 347 346 344 344 344 343 340 339 339 339 336 335 336 335 336 336 338 338 339 339 338 338 340 339 339 338 338 337 338 338 337 337 336 336 336 335 335 336 335 333 333 334 333 331 330 329 330 328 326 325
408 407 407 404 402 399 398 395 393 391 388 386 384 381 380 376 374 372 369 369 367 364 362 362 360 359 359 357 358 357 357 356 356 354 354 353 353 353 352 352 349 349 348 347 345 345 344 344 344 344 345 345 344 347 347 346 346 345 345 347 347 346 345 344 344 345 344 343 343 341 343 342 341 341 341 340 339 338 338 338 336 335 334 331 332
419 418 415 414 412 409 407 405 402 401 397 395 392 390 388 386 384 381 379 377 375 373 372 372 369 368 368 367 366 366 363 363 362 363 362 361 362 361 358 358 357 357 356 354 353 352 353 352 352 353 352 352 352 352 352 352 353 352 352 352 352 351 352 351 351 350 350 351 350 349 348 349 349 348 347 348 346 345 344 343 343 342 340 339 337
427 428 425 423 420 418 417 413 412 410 406 404 401 400 398 395 394 390 388 387 385 383 382 379 379 377 377 376 373 373 372 371 371 371 371 370 367 367 367 366 365 363 362 361 362 361 361 360 361 360 360 360 360 360 360 359 359 358 359 359 359 358 358 357 358 357 357 356 357 356 356 355 354 355 354 354 352 352 350 350 349 347 346 346 345
438 437 436 433 430 428 425 423 420 418 415 414 411 409 405 404 402 399 398 396 393 393 391 388 387 386 385 385 383 381 381 381 380 380 377 377 376 375 374 374 372 371 371 370 369 369 369 367 366 366 366 365 365 367 367 367 366 366 366 365 367 366 366 365 364 365 364 364 363 363 363 362 362 360 361 360 359 358 357 357 356 355 352 351 350
449 448 445 443 440 438 434 433 430 428 425 421 420 418 415 413 411 408 407 404 403 402 401 397 397 395 394 392 392 391 390 390 389 387 386 385 384 384 383 380 380 379 378 379 378 376 375 375 374 374 373 374 374 374 373 374 373 373 373 372 372 371 373 372 371 371 370 372 371 369 368 370 369 368 368 367 366 366 364 362 361 362 360 358 357
458 457 455 454 450 447 444 441 440 436 435 431 430 428 424 423 420 418 417 413 412 412 410 407 405 405 402 401 401 400 399 397 396 394 393 394 393 390 390 389 388 388 387 384 384 383 384 383 383 382 382 382 382 381 380 380 379 381 381 380 380 379 378 379 378 378 377 377 378 377 376 375 376 375 374 373 372 372 371 370 368 367 365 366 363
468 468 465 463 459 457 454 451 450 446 444 441 438 437 434 433 429 428 427 423 421 419 418 416 415 414 411 410 409 408 407 405 403 403 402 401 399 398 397 397 396 395 394 393 392 392 392 391 391 390 390 389 389 389 388 388 386 386 386 387 387 386 386 386 386 386 386 384 384 384 384 383 382 382 381 381 380 378 378 377 377 374 373 372 370
477 474 474 472 467 466 462 461 458 455 453 450 447 447 443 442 438 436 435 432 431 429 426 424 423 421 420 418 417 416 414 413 411 411 410 408 407 407 406 405 404 402 401 401 400 400 399 399 398 398 398 397 397 396 395 395 395 394 394 393 393 394 393 392 392 391 393 392 391 390 391 390 390 388 390 388 387 385 385 384 383 382 380 378 377
484 483 482 480 476 474 471 469 467 464 461 458 456 455 451 450 448 445 444 440 438 437 434 433 431 430 427 427 425 424 421 421 419 418 416 416 415 414 414 413 410 408 408 408 408 407 407 406 406 406 405 405 401 401 402 402 402 400 400 399 399 399 400 399 399 398 397 399 397 397 396 398 396 395 394 395 394 392 391 390 389 388 387 385 383
493 490 490 488 484 482 478 477 475 472 470 466 464 463 459 458 457 453 452 448 446 445 443 441 439 438 434 434 433 430 429 427 427 426 423 422 421 420 419 417 417 416 415 415 414 414 411 411 411 410 410 410 409 408 407 406 408 408 406 406 406 406 404 405 405 405 404 405 404 403 403 404 403 402 400 400 400 399 397 396 395 395 393 392 391
500 499 498 496 492 490 487 484 483 479 477 475 472 471 468 465 464 461 460 458 455 453 452 449 448 446 442 441 440 438 437 435 434 434 430 429 428 428 426 425 423 423 422 421 421 418 418 417 417 417 416 416 416 415 413 413 413 413 413 412 412 412 412 411 412 412 410 410 411 410 410 408 409 408 408 406 407 406 404 402 401 400 399 398 397
509 507 507 503 501 500 495 493 492 488 487 483 481 481 476 474 474 469 468 467 463 461 459 458 456 454 451 450 448 446 444 443 442 439 438 438 437 436 432 432 431 430 430 429 427 426 425 425 425 424 424 424 423 422 422 421 420 420 419 420 420 420 420 418 417 419 419 417 417 417 416 416 417 415 414 414 415 413 412 411 409 408 406 405 404
516 515 514 511 509 507 503 502 500 497 496 493 490 488 487 483 482 478 476 475 472 470 468 466 464 462 459 458 456 453 452 451 450 447 446 445 444 442 440 439 439 438 437 435 434 434 433 433 432 432 431 430 430 430 429 428 427 427 427 425 426 426 426 426 424 424 425 425 423 425 425 423 422 423 423 421 422 421 418 418 417 415 413 413 411
521 522 522 518 517 515 512 509 507 505 503 500 498 495 495 491 489 486 484 483 480 478 476 474 472 470 466 465 464 461 459 458 456 455 453 452 451 448 447 446 445 444 443 441 441 440 440 439 439 439 438 438 436 435 435 435 435 433 433 432 432 433 433 431 431 430 432 431 431 429 430 430 429 429 429 428 427 427 426 424 424 422 421 420 419
529 529 528 526 524 521 518 516 515 512 509 509 505 504 502 498 497 495 491 491 489 485 483 482 478 477 474 473 471 468 466 465 464 460 459 459 457 455 454 453 452 451 448 448 447 446 445 445 444 444 444 443 443 442 442 440 441 440 439 439 438 438 438 438 438 438 437 437 437 436 438 436 436 437 435 435 435 434 432 431 430 429 427 428 425
535 535 533 532 531 529 525 525 523 519 518 516 513 511 510 506 505 503 499 498 496 493 491 489 486 484 480 480 479 477 474 472 471 468 467 465 464 463 461 460 458 459 455 454 454 453 453 452 451 450 450 450 450 449 448 447 447 447 446 445 445 445 444 445 444 444 444 444 444 442 444 444 443 443 443 443 442 442 440 438 437 437 436 434 433
542 543 541 540 538 536 534 532 531 529 526 525 522 520 518 516 514 512 509 507 505 503 500 498 494 492 489 487 486 484 481 480 478 475 475 473 472 469 468 466 466 464 463 462 461 461 460 460 459 458 458 457 457 456 456 454 454 454 454 453 452 451 451 450 451 451 451 451 451 451 452 450 450 451 450 449 450 448 447 446 444 446 444 442 441
548 548 548 547 546 544 541 540 538 537 534 531 530 527 525 524 520 519 517 514 513 511 507 506 501 500 498 495 493 492 489 487 486 482 481 479 478 477 475 474 472 470 470 469 468 467 467 466 466 465 464 464 463 462 462 462 460 460 460 459 459 458 458 458 457 457 457 457 458 457 458 458 457 458 458 458 457 456 454 455 454 452 451 450 448
554 553 554 553 552 550 547 546 544 543 540 539 537 535 532 531 529 526 524 521 519 518 514 512 509 506 504 501 500 498 495 493 491 489 488 487 485 483 481 480 479 477 475 475 474 473 472 472 471 471 469 468 468 466 466 466 465 467 466 466 466 466 464 463 463 465 465 463 464 464 465 465 466 465 464 465 464 462 463 461 461 460 457 456 455
558 559 560 559 558 556 553 552 552 550 547 546 543 542 539 538 535 532 531 530 525 523 520 518 515 513 511 508 506 505 501 499 499 495 493 492 491 488 488 487 485 482 483 481 480 479 479 478 475 475 475 473 473 473 472 471 471 470 472 471 471 471 471 470 470 470 470 470 471 470 471 471 472 472 473 471 471 471 470 468 467 466 465 462 461
565 565 566 565 564 564 560 559 557 556 553 551 551 549 547 545 543 540 537 536 533 531 529 526 524 520 517 514 513 511 507 506 504 501 500 498 496 496 494 493 491 489 488 487 486 485 484 482 481 481 481 479 479 479 477 477 477 476 476 477 477 477 477 477 475 475 477 477 478 476 478 478 478 479 480 478 479 479 476 476 475 474 473 471 468
571 572 573 572 571 569 567 565 565 563 563 560 558 556 555 552 550 549 546 544 540 537 536 533 531 527 525 522 520 519 515 514 511 509 508 506 505 502 501 499 499 496 495 493 493 490 489 489 488 487 487 486 486 485 485 485 484 483 483 484 484 485 484 484 484 483 484 484 485 486 485 487 486 487 487 486 487 486 485 485 484 484 481 480 478
577 578 577 578 577 574 573 572 570 570 569 566 565 563 561 559 557 555 552 549 547 545 543 541 538 534 531 528 527 525 521 519 519 515 513 512 511 508 507 505 503 502 500 499 495 495 495 494 494 493 492 493 492 491 491 491 491 489 489 490 491 491 491 491 490 492 491 492 491 493 493 493 493 495 494 495 494 493 494 492 491 490 488 486 485
582 583 583 582 580 580 578 577 576 576 574 571 570 569 568 565 563 561 559 556 554 551 549 547 543 541 537 534 532 530 526 525 524 520 519 517 516 513 511 508 507 507 505 504 502 503 501 500 500 499 498 499 499 496 496 496 496 496 494 496 497 497 496 496 497 497 497 498 497 498 499 499 501 501 502 501 503 502 500 499 499 498 496 493 492
587 586 586 587 585 583 584 582 581 581 580 578 576 574 572 571 568 566 565 561 560 555 554 553 549 546 543 539 537 535 532 531 529 526 525 523 520 518 515 513 512 512 511 511 508 507 507 506 505 505 504 502 503 503 501 501 501 501 500 501 501 502 502 502 502 502 504 504 506 504 507 507 507 507 509 509 509 508 509 507 507 505 504 501 499
591 591 592 592 591 589 589 588 586 586 586 584 581 580 578 577 573 572 571 568 565 562 559 557 555 553 549 545 543 541 538 537 535 532 530 529 525 524 521 519 520 518 517 517 515 512 513 512 511 510 510 508 508 508 507 507 506 506 506 507 507 508 508 509 508 509 511 510 512 511 513 515 514 516 515 517 516 517 516 515 514 512 510 508 507
596 597 598 597 596 596 594 594 591 590 589 588 587 586 584 583 581 579 577 573 571 570 566 561 561 559 556 553 550 547 545 543 541 538 536 532 530 530 529 526 524 524 523 523 522 519 517 517 517 516 516 516 514 514 514 513 513 512 512 513 514 514 514 515 516 517 517 518 518 520 521 522 524 523 524 525 526 525 525 525 523 522 520 516 514
601 602 602 602 599 599 598 597 596 596 595 593 592 591 589 588 585 583 581 579 577 573 571 567 563 561 560 558 555 554 549 547 543 541 538 537 536 536 534 531 530 530 529 527 524 524 523 523 523 522 522 520 520 518 518 518 518 518 518 520 519 520 519 521 521 523 522 524 524 526 526 528 530 529 530 533 532 532 532 531 530 529 526 525 520
605 607 605 604 604 602 602 601 600 599 598 597 596 595 594 592 588 587 586 583 581 577 575 572 570 566 565 560 556 554 551 548 545 543 543 542 540 540 539 537 535 534 534 532 529 528 528 528 527 527 525 525 525 524 523 523 523 523 525 525 525 524 523 525 525 527 527 529 529 531 533 534 535 536 537 539 541 539 540 540 538 537 532 531 526
610 610 610 608 607 607 606 606 605 604 603 601 601 599 598 596 592 592 590 587 585 581 578 578 576 570 566 562 560 555 554 550 548 547 548 547 543 543 545 541 539 538 538 537 534 533 532 531 531 530 530 530 529 529 528 528 528 528 528 529 529 529 530 531 531 533 534 535 535 537 539 539 541 542 544 545 547 547 547 548 546 543 540 537 533
614 614 613 612 611 611 611 610 609 609 608 606 605 604 603 599 598 596 594 592 588 586 584 582 578 572 570 567 562 560 556 553 554 553 551 551 550 547 545 546 545 544 543 542 540 539 537 537 536 536 536 535 535 535 534 533 533 533 534 535 535 534 535 536 536 538 539 541 540 542 545 545 547 548 550 553 554 555 556 555 554 550 547 543 539
616 618 616 615 614 614 613 613 612 612 611 609 607 606 606 603 602 599 598 594 591 589 587 584 578 575 572 568 565 562 560 556 556 558 557 553 556 553 551 550 549 549 549 545 544 544 543 543 542 541 540 541 541 539 539 539 539 538 537 539 539 539 540 541 542 544 544 546 546 548 550 551 553 555 557 558 560 561 561 561 561 556 552 548 545
618 618 619 618 617 614 614 614 614 612 611 610 608 608 607 606 603 601 597 593 594 591 589 586 579 575 572 570 565 563 560 559 561 558 559 557 556 556 553 550 550 549 549 549 547 546 546 545 545 543 543 542 542 542 541 541 541 541 540 540 541 542 543 544 544 547 547 549 549 551 551 554 556 558 558 561 563 564 564 563 561 559 556 551 548
620 619 619 617 615 614 613 613 612 611 610 609 608 607 606 605 603 601 596 595 594 592 588 584 582 577 573 570 567 563 561 560 560 560 560 559 559 557 555 554 551 550 550 550 549 549 548 547 546 545 544 544 543 543 542 541 543 543 543 543 544 545 545 547 548 548 550 551 551 554 555 557 559 560 562 563 564 565 564 563 563 561 557 555 551
622 620 620 619 617 614 616 614 614 612 610 609 610 607 605 604 603 598 594 596 593 590 591 589 582 577 572 570 568 565 564 562 561 561 560 561 561 560 559 555 553 553 554 553 553 551 550 548 547 546 545 546 545 544 544 543 547 546 545 545 546 548 548 549 550 551 553 553 555 555 558 560 561 562 562 565 567 567 566 564 564 561 560 557 555
623 623 621 621 619 618 618 616 616 614 613 612 611 609 605 605 604 599 596 595 593 592 592 587 585 581 575 572 570 568 567 564 563 562 561 562 564 564 560 558 558 557 558 558 556 556 555 552 550 550 549 550 550 549 548 549 549 550 550 549 550 552 553 553 554 555 555 557 558 560 562 563 564 565 567 567 569 569 568 567 567 566 564 560 558
