data_and_outputs/predictor_data/021/bioclim_16.asc
NCOLS 1199 
NROWS 625 
XLLCORNER -17.966918 
YLLCORNER -10.0196949358429 
CELLSIZE 0.0416666688395203 
NODATA_value -9999 
[rows 494 to 531 of 625, columns 935 to 1019 of 1199]
620 621 620 620 619 618 617 616 619 622 619 619 617 615 618 623 618 618 621 617 618 617 612 615 618 621 617 614 615 616 617 622 621 624 623 625 623 625 628 632 631 629 629 628 630 627 627 629 628 626 623 621 620 618 621 621 622 623 625 625 627 627 627 629 629 627 625 624 622 621 618 619 620 619 617 616 614 615 604 605 607 604 603 603 602
615 618 615 614 616 617 614 614 617 618 620 621 619 615 612 620 621 616 619 616 616 614 611 616 619 617 614 613 616 616 614 618 618 619 618 620 623 627 626 626 628 630 628 627 629 625 628 626 626 625 622 623 618 616 621 622 624 625 623 623 626 629 629 629 627 624 624 622 624 623 618 618 619 620 619 617 614 608 606 603 604 604 606 603 605
609 612 612 613 615 615 614 609 613 618 616 615 617 619 616 614 622 617 615 614 613 612 612 615 614 611 611 610 613 616 614 615 615 618 620 619 621 624 621 624 623 625 627 628 629 628 626 625 623 622 620 618 617 613 619 623 623 626 623 623 624 627 630 625 624 622 624 622 622 623 620 620 622 619 615 614 612 607 610 608 601 601 601 601 603
608 609 609 610 608 611 613 612 606 611 612 610 611 613 614 616 617 618 615 614 613 610 614 610 611 612 612 612 610 616 613 617 618 617 621 621 618 618 617 619 621 623 625 627 629 629 626 624 621 621 621 620 618 614 617 619 623 623 625 625 625 625 626 623 620 618 621 619 622 622 620 620 622 618 615 610 608 606 609 610 605 599 601 603 601
606 611 606 605 605 606 607 607 609 609 611 612 609 609 612 614 614 613 612 610 607 609 610 612 611 614 611 611 610 610 612 618 617 617 617 621 619 618 619 618 619 622 622 624 625 628 626 621 622 621 620 621 619 614 614 616 620 623 625 626 624 626 624 625 621 617 618 617 617 619 620 620 622 620 612 611 610 606 607 612 607 604 596 599 602
603 616 617 604 604 603 606 606 604 607 609 611 607 605 606 607 610 609 608 607 608 610 612 611 614 612 611 611 610 609 611 615 617 619 619 620 621 621 619 620 619 620 622 624 626 630 627 624 622 620 620 619 615 615 611 615 618 621 623 623 621 622 621 621 620 618 612 615 614 616 618 617 620 619 615 614 610 606 609 609 609 606 599 599 599
602 606 621 613 603 603 600 601 601 603 606 609 609 606 603 603 605 609 608 610 610 612 614 610 616 612 613 609 608 607 613 614 619 620 621 619 619 623 618 620 622 620 619 623 625 628 630 624 620 618 615 615 615 615 609 614 617 618 620 622 618 621 617 621 616 617 612 612 611 611 613 616 618 622 617 614 609 608 610 610 610 604 599 593 594
603 599 603 613 605 604 603 604 602 602 605 604 604 606 606 602 602 606 604 608 607 611 610 609 611 614 609 608 609 604 612 614 614 616 621 621 620 622 620 624 621 622 619 621 623 625 627 622 619 617 616 615 617 614 607 611 613 615 619 620 615 615 617 616 611 615 608 607 610 612 613 618 620 619 614 612 608 610 609 610 608 607 597 603 603
598 598 600 599 602 599 602 602 604 601 603 603 604 608 606 603 601 601 603 605 604 607 607 606 608 611 613 610 607 608 607 609 611 615 617 620 619 623 621 623 623 621 620 620 621 624 624 624 620 617 617 617 619 617 609 607 614 616 616 618 613 610 615 611 610 612 607 608 612 614 614 616 620 619 614 610 613 612 610 610 607 601 596 601 601
598 595 597 597 597 596 599 600 602 600 606 602 603 604 601 602 601 600 601 606 606 603 607 605 605 606 610 607 611 611 606 608 611 618 617 617 622 621 622 622 623 620 622 620 622 622 623 622 619 618 619 621 619 615 611 605 605 608 608 610 607 605 605 604 603 606 605 609 612 611 613 616 619 615 611 612 611 610 611 610 607 604 596 601 603
600 596 593 592 593 598 601 601 604 603 604 606 604 605 603 597 599 599 600 606 605 602 604 603 604 608 612 614 610 608 606 610 611 616 617 619 618 619 618 620 622 623 621 620 621 622 623 620 619 620 619 621 619 616 614 609 605 603 602 601 603 608 609 611 607 600 604 609 606 608 612 614 617 615 614 611 613 613 610 608 609 604 594 601 601
599 596 590 592 595 597 600 601 601 604 606 607 608 606 603 598 597 598 603 605 607 604 601 602 604 606 607 611 609 608 607 606 610 614 615 616 616 616 619 619 620 622 623 622 624 622 621 622 622 620 617 616 616 613 610 607 611 609 603 606 607 613 614 618 616 607 596 605 606 607 606 609 616 614 616 611 612 613 612 610 609 606 595 601 601
603 602 589 589 595 600 595 597 600 602 602 603 606 603 599 598 596 598 602 601 602 606 605 606 603 607 606 607 609 605 606 606 607 610 613 612 616 617 619 617 619 622 620 622 622 621 618 619 619 618 615 612 611 609 605 607 612 612 607 601 604 609 614 621 620 613 598 600 607 607 609 612 617 614 614 612 614 616 612 608 608 601 595 600 602
615 598 593 587 594 593 595 598 598 597 598 601 602 602 597 599 595 600 599 600 604 606 606 606 603 604 605 607 608 607 606 610 610 606 607 610 614 613 616 619 620 621 619 621 621 619 618 616 613 611 610 609 608 607 608 609 609 614 607 601 607 605 612 616 618 613 605 595 607 606 605 610 617 612 614 613 613 615 609 606 606 600 592 603 606
602 592 593 588 586 591 597 595 593 596 599 603 599 600 598 597 596 599 598 601 602 607 606 604 601 602 605 609 606 603 608 612 612 610 612 609 609 615 615 620 618 617 618 619 621 620 620 618 617 614 611 606 607 606 609 612 612 610 609 601 610 610 609 614 615 613 607 600 599 598 603 605 609 613 615 614 616 615 611 606 604 600 597 600 603
606 599 592 594 589 588 591 594 595 597 603 602 599 600 598 594 595 596 601 603 604 604 605 605 601 602 604 606 607 605 609 611 613 612 614 614 608 610 613 615 614 617 618 620 621 618 616 616 614 610 609 609 607 607 609 612 607 606 601 600 606 612 609 611 614 613 606 603 597 601 600 602 607 612 615 616 620 614 611 608 603 598 595 600 603
599 595 599 598 594 590 590 596 599 601 602 597 597 597 597 594 599 599 600 600 605 606 603 604 602 601 605 606 608 602 610 611 615 614 614 615 611 610 608 611 616 618 618 619 620 620 616 614 611 611 608 609 609 611 611 611 608 602 599 603 605 609 611 612 614 607 603 603 594 601 603 603 605 609 612 615 615 612 607 604 599 593 593 596 599
592 592 592 605 597 593 589 591 597 598 596 599 596 599 599 594 599 597 597 601 602 605 602 601 598 602 606 607 609 603 606 609 613 613 616 615 614 612 609 611 614 615 615 618 620 619 619 615 613 611 611 611 610 613 611 606 604 601 599 605 607 605 606 609 614 611 607 604 599 593 601 600 602 601 609 608 610 604 604 605 597 591 596 595 598
588 584 590 596 600 598 596 592 587 594 592 593 594 597 594 593 594 596 600 603 606 606 604 599 600 603 603 607 610 605 606 609 613 615 617 616 614 613 611 609 611 614 617 621 621 622 617 616 614 617 613 613 615 612 612 612 607 603 599 604 608 607 607 609 612 613 607 602 599 596 595 594 598 594 599 603 605 603 598 595 595 592 595 599 597
584 590 590 591 596 598 599 598 591 588 595 601 603 597 598 596 596 601 603 603 601 603 601 597 600 604 606 607 609 608 603 606 607 612 616 618 617 613 613 613 609 613 615 617 621 622 620 615 617 620 616 616 618 617 613 607 604 603 601 603 602 603 607 611 614 616 606 600 602 591 601 595 600 598 595 598 600 601 603 597 593 595 595 597 599
587 592 593 591 597 598 598 598 594 595 601 608 605 607 608 601 596 603 602 603 597 597 597 597 601 605 606 605 610 611 608 604 605 611 613 617 618 615 614 613 611 610 615 621 623 621 619 615 616 620 618 616 610 609 606 604 603 603 601 601 602 604 606 609 611 616 607 600 596 588 594 598 595 600 597 594 600 600 596 596 595 589 594 599 602
587 590 598 594 597 601 601 597 599 595 599 607 608 609 613 605 596 595 599 597 593 596 595 595 603 602 603 606 608 611 610 608 604 608 612 616 616 617 619 614 614 611 613 616 620 621 619 617 621 620 618 613 607 603 604 604 605 602 601 599 600 601 602 604 605 613 606 598 596 590 597 599 594 595 601 598 597 597 594 595 592 587 591 591 592
586 590 594 596 599 604 602 599 602 599 602 607 613 612 607 603 604 603 597 597 602 604 606 597 599 603 607 607 606 608 613 611 607 607 607 611 611 617 618 617 617 615 611 611 615 621 619 621 621 620 616 613 604 606 608 608 606 603 602 599 600 600 602 605 611 613 604 598 592 589 592 594 597 597 599 602 599 593 595 595 592 581 587 586 592
593 594 594 597 606 606 604 603 603 605 600 608 612 613 608 609 610 608 608 607 610 609 609 605 601 601 606 604 608 611 611 611 612 611 609 611 614 614 618 621 619 615 618 613 618 621 623 623 620 618 616 611 609 608 611 611 604 600 600 598 598 599 603 610 611 611 610 602 596 593 592 592 593 598 604 601 599 596 595 594 590 586 583 585 586
598 596 596 598 606 608 607 606 607 606 604 611 615 616 611 612 614 611 612 615 617 618 613 615 611 606 605 610 613 613 610 613 613 614 615 612 614 616 619 626 624 619 622 616 618 620 624 623 620 621 618 615 618 613 613 607 605 602 602 597 600 602 608 615 615 610 611 595 593 601 595 598 600 597 604 602 600 599 598 593 592 588 586 581 583
598 603 600 601 609 614 612 613 610 611 610 615 615 618 618 617 619 614 616 618 624 621 618 619 619 615 607 611 611 611 611 613 614 616 619 616 618 621 627 626 626 624 625 622 620 624 625 629 626 628 622 622 623 625 622 610 606 607 603 603 603 605 615 619 620 609 600 594 609 603 605 604 606 602 606 600 597 602 602 599 595 587 589 587 581
600 608 604 608 613 615 615 612 611 616 615 618 621 622 624 625 621 620 620 624 627 628 624 623 621 618 612 613 613 617 616 618 617 621 624 619 622 623 626 626 629 629 629 626 624 627 628 629 631 627 624 627 626 630 624 613 609 608 603 604 605 613 617 624 622 605 597 601 608 609 611 609 610 610 611 605 597 602 605 598 593 587 588 586 585
605 610 608 612 616 614 615 612 611 618 616 616 621 623 624 626 625 621 622 625 627 632 628 625 624 619 612 617 618 620 619 622 621 623 627 624 620 621 622 624 627 630 631 627 629 631 629 632 628 626 626 629 624 621 619 613 609 607 604 605 604 605 616 625 617 598 606 604 611 612 611 608 612 612 610 604 602 605 602 597 593 587 584 585 584
601 604 609 616 614 615 614 614 614 619 620 620 619 619 624 627 627 623 626 625 629 633 629 629 626 621 616 614 619 624 625 627 626 628 631 629 628 628 626 624 628 632 634 629 632 632 633 637 632 626 631 632 622 618 611 605 604 600 605 610 607 613 621 626 614 596 609 610 614 615 613 613 610 610 611 604 602 606 597 599 594 590 587 581 583
604 608 616 616 614 616 616 619 621 625 625 626 622 625 627 628 630 627 629 633 633 636 633 632 630 632 625 618 622 623 628 631 626 629 631 630 632 633 633 628 630 630 634 637 637 640 637 640 639 631 634 631 628 625 617 612 611 603 610 620 615 618 627 629 611 594 608 614 614 612 611 609 606 607 608 606 603 604 601 602 592 592 584 584 579
607 611 615 620 620 619 619 623 631 631 630 633 626 629 633 636 636 632 635 638 640 639 643 638 636 632 629 626 622 626 632 631 628 629 630 632 633 635 638 635 631 636 640 642 641 643 642 641 637 633 634 633 633 626 620 616 613 608 608 616 624 627 630 631 605 599 611 616 614 607 605 604 605 606 610 610 606 606 602 604 597 585 588 585 578
605 611 614 620 624 621 623 628 633 631 635 635 634 631 634 637 637 638 640 642 645 645 643 641 640 634 634 631 629 625 629 630 631 634 634 633 635 638 643 638 638 640 641 641 641 642 643 642 640 635 629 629 633 627 620 617 613 614 612 617 627 637 640 624 608 596 598 610 611 601 601 603 604 606 608 612 608 606 605 602 595 586 587 580 576
607 610 613 616 621 626 625 626 634 635 641 637 635 633 631 635 638 640 641 644 646 646 645 644 641 641 640 635 631 635 632 629 635 638 640 641 637 640 643 645 642 644 644 645 645 645 648 646 640 637 634 625 629 623 616 615 617 615 613 622 630 643 641 627 621 600 592 597 595 598 601 605 607 605 607 608 607 605 605 599 594 598 584 576 575
605 612 616 615 621 630 627 631 638 638 635 635 639 637 633 636 640 640 641 642 646 649 645 644 642 648 642 641 640 638 642 636 634 640 644 648 643 645 649 650 649 650 649 648 650 650 650 647 644 639 634 635 623 621 614 621 620 616 614 625 638 641 639 635 630 604 592 593 602 598 599 603 604 600 604 609 608 605 606 596 598 598 583 577 569
612 611 615 621 626 632 630 634 638 640 644 641 644 640 639 641 641 642 648 648 651 654 652 648 646 651 650 650 646 645 651 648 640 643 651 654 651 652 651 651 654 651 652 655 656 657 653 650 646 642 635 629 630 625 624 621 626 622 620 632 640 632 629 632 621 604 593 600 610 605 608 603 603 599 605 608 611 607 605 603 596 590 589 581 570
616 618 617 620 627 632 638 642 644 643 645 644 647 641 643 646 647 648 649 651 657 659 653 652 654 655 653 653 649 653 659 656 650 648 655 657 657 657 659 659 658 658 657 656 658 661 660 656 654 647 641 636 631 632 629 630 628 630 625 632 642 631 621 617 608 604 599 598 605 600 599 597 597 600 612 613 613 609 607 603 597 593 592 579 571
622 623 622 624 628 634 643 650 649 648 647 649 645 643 646 650 652 651 655 655 658 663 660 660 661 659 655 652 652 659 664 665 659 653 663 664 665 662 659 663 665 664 662 662 661 663 662 658 653 649 646 639 631 631 632 632 633 637 641 637 644 627 622 616 607 608 602 603 599 596 596 597 604 606 609 610 612 612 603 599 598 592 594 579 570
628 625 623 627 628 634 643 646 644 646 647 653 651 647 646 650 654 653 654 657 662 665 659 655 658 659 655 653 655 662 667 664 666 657 662 664 663 658 659 664 666 663 664 664 663 665 659 655 652 653 647 637 635 629 635 632 637 641 651 646 645 636 624 613 606 608 601 598 597 596 596 604 611 612 615 612 606 608 600 592 593 592 591 579 572
