data_and_outputs/predictor_data/021/bioclim_12.asc
NCOLS 1199 
NROWS 625 
XLLCORNER -17.966918 
YLLCORNER -10.0196949358429 
CELLSIZE 0.0416666688395203 
NODATA_value -9999 
[rows 216 to 251 of 625, columns 648 to 728 of 1199]
1586 1586 1589 1586 1587 1590 1588 1589 1588 1589 1588 1586 1614 1590 1579 1575 1579 1620 1606 1608 1589 1582 1568 1546 1537 1533 1526 1522 1521 1534 1528 1562 1520 1493 1495 1504 1485 1481 1475 1471 1471 1492 1475 1476 1484 1510 1554 1552 1561 1571 1569 1569 1569 1557 1509 1482 1488 1541 1559 1553 1524 1531 1553 1558 1559 1558 1556 1554 1549 1541 1532 1535 1543 1534 1527 1526 1527 1524 1525 1518 1514
1604 1606 1613 1610 1611 1615 1610 1613 1611 1609 1611 1608 1629 1609 1602 1598 1618 1667 1648 1633 1605 1614 1621 1606 1576 1565 1557 1546 1557 1555 1553 1596 1535 1511 1511 1511 1507 1506 1493 1489 1485 1497 1480 1487 1490 1517 1565 1575 1579 1582 1578 1576 1572 1572 1566 1555 1546 1562 1566 1567 1565 1565 1564 1564 1563 1562 1562 1559 1549 1547 1539 1544 1541 1542 1534 1530 1528 1528 1523 1517 1519
1626 1630 1635 1636 1635 1637 1636 1639 1636 1633 1635 1629 1638 1628 1624 1619 1636 1651 1633 1606 1607 1611 1625 1616 1602 1589 1583 1563 1562 1583 1582 1612 1580 1563 1564 1530 1527 1546 1506 1503 1502 1498 1501 1494 1516 1545 1576 1586 1588 1588 1586 1581 1578 1577 1576 1573 1575 1575 1574 1573 1572 1572 1572 1571 1570 1566 1569 1560 1560 1559 1548 1546 1559 1552 1549 1545 1536 1530 1527 1524 1522
1650 1655 1658 1661 1662 1662 1662 1664 1661 1661 1661 1659 1654 1650 1645 1640 1645 1646 1630 1627 1632 1643 1644 1644 1645 1644 1611 1596 1623 1596 1597 1607 1608 1614 1597 1562 1554 1556 1528 1526 1517 1538 1510 1517 1551 1581 1592 1590 1590 1591 1588 1588 1584 1582 1581 1580 1580 1578 1579 1578 1578 1577 1577 1577 1578 1576 1570 1567 1560 1564 1553 1558 1559 1555 1551 1550 1541 1535 1531 1529 1525
1678 1681 1685 1688 1688 1687 1688 1689 1685 1689 1686 1685 1680 1676 1676 1664 1670 1663 1650 1644 1653 1678 1675 1645 1668 1676 1641 1643 1662 1640 1626 1627 1633 1626 1634 1622 1612 1591 1566 1539 1535 1557 1520 1527 1573 1597 1600 1597 1596 1595 1594 1592 1590 1591 1584 1586 1586 1585 1585 1583 1584 1583 1583 1584 1586 1586 1583 1577 1570 1565 1561 1557 1563 1554 1553 1548 1542 1540 1538 1535 1531
1702 1703 1707 1709 1714 1714 1711 1713 1715 1716 1714 1711 1706 1699 1721 1693 1693 1685 1676 1682 1671 1679 1667 1648 1668 1665 1651 1655 1668 1664 1659 1656 1656 1650 1646 1644 1630 1596 1598 1567 1552 1567 1541 1544 1582 1603 1603 1604 1603 1602 1597 1598 1597 1595 1591 1592 1593 1591 1590 1590 1587 1586 1589 1591 1592 1591 1590 1582 1577 1570 1564 1559 1563 1558 1557 1552 1545 1542 1539 1538 1528
1723 1728 1731 1734 1735 1737 1739 1738 1735 1736 1750 1737 1729 1727 1747 1722 1766 1705 1699 1692 1687 1714 1723 1683 1688 1682 1674 1663 1684 1681 1671 1677 1674 1677 1663 1650 1656 1653 1597 1585 1574 1568 1576 1589 1559 1615 1606 1611 1609 1606 1601 1604 1603 1601 1598 1595 1597 1596 1593 1595 1593 1593 1594 1593 1596 1595 1593 1588 1582 1575 1569 1565 1570 1562 1552 1550 1545 1541 1538 1537 1534
1749 1753 1759 1757 1768 1765 1768 1769 1762 1763 1782 1786 1755 1765 1776 1756 1769 1730 1731 1726 1718 1744 1719 1731 1756 1753 1714 1688 1710 1706 1694 1694 1686 1677 1666 1663 1660 1664 1611 1623 1592 1584 1614 1609 1586 1608 1595 1607 1607 1608 1610 1609 1607 1606 1603 1600 1601 1600 1600 1600 1598 1597 1598 1598 1598 1598 1597 1594 1586 1581 1574 1571 1574 1562 1554 1553 1549 1547 1545 1541 1537
1776 1779 1782 1788 1792 1791 1809 1795 1791 1792 1801 1811 1785 1808 1782 1801 1790 1762 1778 1754 1782 1787 1777 1795 1791 1780 1748 1711 1725 1724 1707 1712 1700 1691 1682 1680 1679 1675 1633 1645 1613 1633 1642 1635 1621 1598 1598 1614 1616 1616 1614 1613 1610 1609 1606 1605 1605 1602 1604 1601 1600 1601 1602 1601 1599 1600 1599 1593 1585 1583 1573 1568 1571 1567 1564 1557 1552 1548 1544 1540 1543
1807 1806 1809 1815 1819 1817 1820 1822 1822 1818 1829 1831 1813 1819 1802 1828 1813 1794 1809 1784 1825 1826 1809 1822 1801 1791 1770 1726 1732 1733 1728 1721 1714 1704 1697 1691 1687 1687 1673 1674 1667 1664 1657 1651 1641 1610 1609 1628 1627 1623 1622 1619 1617 1613 1612 1609 1610 1607 1605 1604 1604 1603 1604 1602 1601 1602 1599 1596 1589 1583 1578 1572 1569 1563 1559 1555 1554 1551 1549 1546 1544
1832 1831 1838 1843 1845 1848 1858 1863 1850 1849 1852 1850 1843 1850 1822 1830 1830 1825 1837 1818 1829 1844 1845 1847 1814 1807 1788 1755 1750 1745 1749 1739 1728 1719 1714 1705 1700 1696 1696 1684 1677 1666 1663 1659 1651 1629 1634 1632 1633 1630 1625 1624 1622 1617 1616 1615 1612 1611 1609 1609 1607 1603 1604 1603 1600 1598 1598 1595 1592 1588 1580 1572 1566 1564 1565 1561 1555 1555 1553 1548 1548
1855 1860 1875 1869 1871 1886 1912 1898 1876 1879 1874 1873 1868 1868 1852 1862 1864 1865 1844 1838 1829 1846 1876 1864 1831 1825 1805 1794 1775 1760 1757 1754 1745 1735 1723 1717 1712 1709 1704 1690 1679 1673 1667 1666 1659 1648 1647 1639 1639 1635 1631 1628 1625 1621 1620 1618 1616 1614 1613 1610 1609 1606 1604 1600 1602 1599 1598 1594 1592 1589 1582 1574 1569 1565 1562 1566 1559 1559 1553 1552 1551
1891 1896 1898 1900 1905 1917 1930 1914 1906 1906 1905 1902 1897 1886 1880 1876 1885 1887 1874 1868 1855 1850 1871 1865 1849 1847 1838 1818 1796 1784 1775 1766 1768 1758 1737 1734 1725 1721 1712 1703 1684 1674 1673 1667 1664 1660 1650 1650 1644 1640 1635 1632 1628 1625 1622 1620 1620 1618 1612 1609 1609 1608 1605 1602 1599 1598 1593 1593 1591 1579 1573 1571 1569 1567 1562 1559 1562 1558 1556 1553 1553
1920 1922 1921 1925 1928 1939 1943 1939 1937 1935 1933 1929 1925 1918 1912 1901 1895 1897 1886 1881 1879 1882 1877 1880 1866 1858 1854 1839 1806 1806 1798 1783 1792 1779 1759 1749 1742 1733 1722 1699 1688 1678 1670 1665 1670 1667 1661 1655 1648 1644 1640 1632 1622 1612 1620 1624 1611 1599 1609 1612 1609 1604 1603 1598 1597 1594 1592 1587 1582 1580 1573 1568 1568 1565 1562 1563 1562 1561 1555 1555 1553
1942 1948 1948 1952 1956 1958 1957 1963 1957 1960 1957 1956 1950 1944 1937 1930 1919 1915 1907 1902 1891 1891 1902 1895 1881 1871 1872 1863 1828 1838 1820 1811 1809 1793 1776 1758 1753 1742 1732 1711 1690 1687 1676 1668 1676 1671 1660 1654 1652 1649 1630 1622 1615 1613 1613 1606 1602 1590 1589 1613 1613 1607 1603 1601 1599 1590 1588 1584 1577 1573 1570 1569 1564 1563 1561 1564 1565 1561 1559 1558 1554
1968 1972 1976 1981 1983 1985 1976 1976 1973 1977 1979 1979 1975 1968 1960 1953 1946 1938 1930 1923 1913 1906 1902 1905 1898 1885 1884 1885 1871 1870 1841 1835 1822 1806 1787 1772 1764 1751 1714 1702 1692 1687 1685 1676 1674 1680 1673 1668 1657 1656 1633 1631 1622 1613 1609 1605 1597 1597 1586 1604 1609 1610 1603 1601 1595 1588 1583 1582 1576 1572 1570 1572 1564 1563 1562 1560 1560 1562 1556 1552 1550
1994 2001 2003 2010 2012 2015 2009 1994 1988 1994 1989 2000 1997 1991 1984 1977 1971 1960 1953 1943 1934 1926 1916 1908 1908 1899 1899 1908 1902 1885 1869 1849 1832 1817 1799 1785 1774 1739 1729 1717 1698 1692 1682 1676 1682 1684 1671 1666 1662 1656 1637 1640 1626 1617 1612 1606 1600 1597 1591 1610 1593 1602 1607 1602 1599 1594 1581 1579 1572 1571 1568 1568 1564 1564 1565 1559 1557 1554 1551 1548 1548
2027 2034 2035 2042 2042 2048 2044 2032 2006 2005 2003 2012 2015 2009 2007 1998 1997 1984 1974 1965 1953 1945 1935 1922 1923 1910 1906 1904 1909 1903 1881 1840 1814 1816 1805 1795 1782 1732 1735 1725 1711 1700 1680 1690 1701 1686 1676 1666 1660 1650 1642 1633 1636 1620 1615 1607 1602 1596 1590 1598 1585 1586 1600 1594 1593 1587 1579 1573 1568 1569 1567 1565 1562 1559 1559 1556 1556 1551 1548 1546 1544
2056 2063 2068 2074 2077 2077 2079 2076 2041 2018 2016 2029 2024 2021 2031 2011 2002 1999 1986 1980 1970 1963 1949 1941 1929 1917 1919 1919 1934 1920 1897 1836 1803 1798 1806 1784 1772 1730 1731 1719 1717 1708 1689 1700 1708 1691 1680 1673 1662 1654 1644 1638 1630 1622 1616 1610 1602 1595 1593 1586 1582 1584 1589 1589 1583 1578 1575 1575 1571 1562 1562 1559 1557 1558 1560 1560 1556 1551 1547 1543 1543
2082 2092 2099 2104 2106 2108 2110 2100 2101 2058 2055 2071 2033 2039 2031 2017 2015 2014 2000 1997 1984 1975 1966 1959 1945 1932 1922 1910 1902 1910 1894 1878 1823 1799 1789 1776 1765 1747 1725 1704 1715 1716 1692 1697 1714 1699 1694 1681 1667 1658 1651 1642 1633 1625 1618 1611 1605 1597 1591 1587 1583 1580 1584 1581 1574 1568 1558 1557 1561 1558 1559 1558 1558 1558 1556 1555 1554 1553 1545 1542 1539
2115 2122 2128 2134 2139 2139 2141 2140 2137 2120 2125 2118 2039 2047 2029 2027 2022 2024 2010 2003 2018 1988 1988 1997 1959 1948 1932 1922 1909 1910 1903 1899 1857 1804 1791 1790 1769 1754 1728 1706 1706 1693 1689 1685 1714 1709 1698 1682 1672 1662 1654 1645 1637 1628 1620 1613 1607 1599 1593 1588 1586 1590 1581 1571 1570 1561 1560 1562 1560 1561 1559 1556 1556 1557 1556 1550 1549 1547 1540 1541 1537
2145 2155 2162 2168 2170 2173 2174 2173 2164 2164 2160 2152 2062 2082 2062 2040 2034 2039 2035 2045 2051 2049 2053 2002 1966 1959 1944 1933 1920 1939 1929 1899 1846 1820 1802 1786 1772 1751 1723 1738 1731 1750 1734 1693 1697 1710 1702 1688 1678 1669 1658 1648 1638 1630 1621 1613 1606 1600 1594 1590 1588 1586 1580 1565 1561 1560 1568 1565 1560 1558 1555 1555 1554 1550 1548 1546 1542 1542 1537 1534 1532
2179 2187 2196 2204 2206 2210 2210 2210 2204 2197 2194 2185 2147 2116 2064 2045 2047 2051 2055 2056 2046 2057 2067 1997 1984 1967 1955 1940 1933 1973 1867 1857 1866 1867 1843 1822 1793 1751 1746 1763 1768 1760 1751 1734 1723 1717 1709 1699 1683 1670 1660 1650 1639 1630 1622 1613 1605 1598 1591 1586 1581 1584 1572 1563 1567 1566 1564 1559 1554 1555 1553 1551 1549 1545 1546 1541 1537 1535 1533 1530 1526
2211 2221 2230 2238 2243 2245 2245 2245 2238 2234 2226 2202 2122 2064 2047 2051 2049 2047 2058 2064 2047 2070 2084 1998 1993 1982 1972 1951 1943 1973 1859 1870 1895 1867 1851 1835 1824 1787 1764 1769 1776 1767 1756 1746 1735 1723 1711 1697 1684 1673 1664 1651 1641 1632 1622 1613 1606 1599 1591 1585 1578 1573 1567 1572 1570 1565 1561 1556 1551 1551 1548 1545 1543 1542 1537 1533 1533 1531 1529 1526 1523
2241 2253 2262 2270 2275 2278 2280 2276 2273 2265 2257 2238 2161 2109 2053 2061 2057 2065 2040 2059 2040 2065 2027 2001 1997 1991 1978 1964 1952 1986 1919 1922 1895 1872 1857 1842 1829 1815 1792 1785 1770 1768 1764 1750 1738 1724 1712 1703 1687 1677 1663 1653 1642 1629 1622 1612 1605 1599 1590 1582 1580 1582 1571 1566 1563 1560 1555 1551 1549 1546 1545 1540 1537 1533 1531 1528 1527 1526 1525 1523 1521
2270 2284 2294 2304 2310 2313 2316 2312 2305 2297 2284 2271 2146 2167 2059 2106 2109 2065 2047 2056 2052 2064 2033 2009 1994 1984 1972 1965 2002 1954 1950 1900 1886 1871 1860 1847 1833 1820 1811 1787 1731 1743 1768 1755 1739 1727 1714 1702 1688 1678 1668 1656 1641 1630 1622 1614 1606 1605 1591 1583 1587 1575 1571 1562 1560 1557 1552 1547 1545 1542 1539 1535 1531 1528 1525 1525 1521 1521 1521 1519 1518
2300 2315 2330 2339 2346 2351 2351 2349 2343 2332 2321 2251 2220 2244 2104 2163 2152 2113 2069 2047 2058 2024 2044 2006 1996 1983 1981 2043 1894 1888 1947 1900 1883 1871 1860 1848 1836 1823 1814 1780 1733 1746 1770 1760 1747 1736 1718 1706 1692 1677 1667 1652 1642 1631 1622 1612 1604 1598 1586 1580 1578 1574 1565 1558 1558 1550 1547 1544 1541 1535 1531 1529 1525 1522 1521 1520 1517 1515 1514 1509 1506
2334 2351 2363 2377 2385 2392 2392 2388 2378 2360 2319 2306 2319 2281 2184 2224 2156 2111 2050 2030 2026 2013 2010 2000 2005 1997 2024 1913 1917 1897 1932 1893 1882 1869 1859 1848 1838 1829 1818 1799 1769 1779 1774 1763 1749 1736 1723 1706 1691 1677 1665 1653 1641 1629 1618 1610 1601 1592 1585 1577 1576 1569 1560 1553 1578 1550 1540 1536 1534 1531 1527 1521 1520 1518 1515 1514 1510 1511 1504 1497 1492
2364 2384 2400 2414 2423 2428 2431 2425 2413 2334 2312 2360 2338 2282 2250 2277 2210 2177 2117 2046 2026 2009 1993 1988 1997 1994 1954 1905 1944 1932 1906 1887 1877 1868 1857 1848 1838 1830 1819 1806 1797 1784 1776 1764 1753 1739 1726 1712 1695 1678 1666 1653 1641 1628 1618 1609 1598 1588 1582 1574 1568 1562 1555 1548 1557 1539 1535 1532 1529 1525 1523 1516 1513 1510 1509 1506 1504 1504 1496 1488 1485
2392 2412 2431 2448 2459 2467 2467 2459 2446 2424 2367 2331 2352 2349 2313 2286 2173 2050 2082 2052 2017 1988 1993 1998 1996 1940 1938 1926 1927 1900 1884 1875 1874 1865 1856 1849 1841 1831 1823 1812 1799 1788 1780 1770 1756 1744 1731 1715 1699 1684 1665 1653 1639 1627 1615 1605 1595 1585 1576 1570 1562 1555 1550 1542 1537 1533 1529 1529 1526 1522 1518 1511 1509 1507 1504 1505 1502 1501 1499 1496 1490
2417 2438 2459 2477 2499 2506 2502 2491 2477 2459 2439 2420 2390 2336 2323 2316 2244 2066 2059 2061 2003 1972 1979 1959 1935 1923 1941 1928 1895 1881 1877 1866 1856 1856 1852 1846 1840 1829 1819 1810 1797 1794 1785 1773 1759 1746 1731 1717 1700 1679 1664 1651 1637 1624 1613 1601 1593 1583 1572 1565 1558 1552 1545 1538 1533 1527 1526 1525 1520 1515 1514 1507 1505 1504 1501 1499 1498 1495 1493 1494 1495
2438 2462 2485 2508 2531 2545 2533 2525 2492 2483 2464 2444 2422 2384 2339 2352 2337 2184 2171 2255 2170 2058 1955 1922 1907 1909 1917 1888 1871 1874 1870 1859 1841 1841 1840 1843 1837 1830 1792 1762 1769 1800 1788 1776 1762 1746 1731 1714 1698 1677 1661 1649 1634 1621 1609 1598 1589 1578 1569 1561 1552 1545 1538 1532 1526 1523 1520 1517 1514 1511 1508 1501 1501 1496 1494 1492 1490 1489 1490 1488 1488
2461 2483 2507 2527 2552 2564 2563 2548 2523 2506 2485 2463 2446 2416 2364 2341 2334 2326 2317 2291 2251 2201 2001 1902 1909 1898 1894 1863 1842 1851 1852 1860 1844 1845 1844 1837 1833 1825 1812 1781 1766 1800 1792 1778 1763 1745 1723 1714 1694 1674 1659 1643 1630 1621 1608 1596 1583 1574 1566 1557 1551 1541 1533 1524 1522 1517 1511 1508 1506 1501 1498 1497 1494 1492 1487 1485 1482 1482 1483 1482 1481
2476 2498 2520 2539 2554 2557 2566 2555 2539 2519 2498 2476 2462 2444 2416 2401 2380 2357 2341 2316 2294 2170 1896 1913 1904 1895 1881 1850 1816 1816 1834 1847 1850 1847 1841 1834 1834 1833 1822 1809 1812 1802 1793 1778 1762 1744 1726 1706 1691 1672 1656 1640 1627 1617 1604 1587 1577 1575 1562 1553 1547 1537 1531 1523 1518 1514 1509 1502 1499 1497 1492 1489 1487 1486 1482 1480 1478 1478 1475 1472 1467
2486 2507 2528 2543 2546 2548 2562 2556 2538 2526 2450 2451 2475 2458 2440 2418 2396 2366 2354 2331 2305 2141 1864 1908 1900 1886 1866 1831 1793 1796 1811 1830 1842 1850 1848 1835 1839 1837 1831 1827 1819 1809 1792 1776 1761 1747 1729 1707 1687 1669 1653 1637 1624 1612 1596 1584 1573 1567 1557 1545 1538 1531 1525 1518 1514 1509 1505 1503 1495 1494 1489 1485 1481 1478 1479 1476 1475 1475 1473 1463 1458
2493 2512 2525 2531 2540 2517 2526 2537 2497 2488 2399 2411 2488 2470 2455 2433 2415 2393 2363 2337 2277 1991 1848 1878 1866 1848 1821 1790 1769 1764 1777 1795 1786 1773 1827 1845 1843 1833 1829 1819 1813 1805 1792 1777 1760 1746 1729 1705 1683 1667 1649 1635 1618 1605 1593 1581 1569 1559 1544 1539 1531 1520 1516 1516 1511 1511 1505 1497 1490 1489 1485 1481 1477 1478 1480 1473 1469 1470 1467 1460 1454
