data_and_outputs/predictor_data/021/bioclim_16.asc
NCOLS 1199 
NROWS 625 
XLLCORNER -17.966918 
YLLCORNER -10.0196949358429 
CELLSIZE 0.0416666688395203 
NODATA_value -9999 
[rows 380 to 417 of 625, columns 935 to 1019 of 1199]
670 669 670 669 670 669 671 670 673 673 675 677 677 679 681 683 685 684 687 688 690 690 694 697 701 705 708 712 715 716 719 718 716 713 710 705 703 700 697 695 691 690 686 683 683 682 685 683 683 682 680 678 680 676 677 674 675 675 673 667 665 664 665 662 661 659 658 658 659 658 657 656 653 652 652 652 654 652 652 650 649 648 644 643 641
667 668 668 669 669 669 670 670 670 672 673 675 677 677 678 680 681 683 687 687 688 691 694 698 702 705 708 712 716 720 722 721 718 713 708 704 701 699 694 693 690 689 687 685 687 686 682 680 681 680 678 679 679 678 679 675 673 674 670 668 665 663 663 661 661 660 659 659 658 657 656 655 652 651 652 652 654 651 652 651 649 648 643 642 642
664 666 667 667 667 670 670 670 671 671 674 675 676 677 678 679 682 683 684 686 687 691 694 697 700 703 707 711 716 721 725 725 721 715 711 705 702 698 696 696 694 693 691 687 684 687 686 682 678 678 679 679 676 678 677 677 674 673 670 667 665 664 661 661 660 659 659 658 657 656 655 655 652 652 651 652 653 652 650 650 648 647 643 642 642
663 664 668 667 666 668 670 670 671 673 674 676 677 676 678 679 682 683 684 686 688 690 691 693 697 701 705 710 716 720 725 724 719 714 709 705 703 702 696 696 695 694 691 690 687 683 685 685 683 677 677 678 680 677 675 676 677 675 670 669 665 664 661 660 660 659 658 657 657 656 655 656 653 651 651 653 651 652 651 650 648 647 643 643 641
660 662 663 665 665 668 670 669 670 671 674 676 677 677 678 680 682 683 685 686 688 690 691 694 698 700 704 710 712 717 717 717 714 711 708 705 701 700 697 693 692 692 691 690 687 684 682 683 684 680 676 676 676 675 675 675 673 673 672 670 667 664 662 660 660 659 658 657 658 657 657 655 652 652 651 652 651 651 650 650 650 647 644 641 641
658 662 663 664 665 668 667 668 669 669 672 674 675 677 678 680 683 683 685 687 689 689 692 693 697 700 702 706 708 711 712 711 709 707 704 702 699 700 697 695 693 691 692 690 689 685 682 684 683 681 679 675 674 673 671 671 671 673 671 668 667 665 662 661 659 658 657 657 657 656 656 653 651 651 652 651 651 650 649 649 649 645 644 642 639
657 659 661 663 663 665 667 668 669 669 671 674 675 676 679 679 682 684 685 686 688 690 691 693 693 696 699 701 703 706 706 706 705 702 702 701 700 697 697 694 693 690 689 689 687 686 681 680 681 680 679 678 675 674 671 671 671 673 670 668 666 664 663 661 659 658 657 656 655 653 654 652 650 650 651 650 651 650 650 648 648 644 645 641 640
656 658 659 660 662 663 666 667 669 669 671 673 675 677 677 678 681 683 683 686 687 688 690 692 693 694 698 699 700 701 702 701 700 701 699 699 698 698 697 694 693 689 689 689 687 685 683 680 679 678 678 679 677 674 672 671 670 671 669 667 664 663 662 659 658 658 657 656 654 655 654 652 650 649 650 650 650 649 649 649 648 645 644 642 641
654 656 658 659 660 662 664 665 667 669 670 671 674 677 677 678 680 681 684 684 687 688 690 691 692 692 693 695 696 699 700 699 700 699 698 698 697 696 694 694 691 690 688 688 688 685 684 682 680 678 676 676 674 671 669 669 670 666 665 664 663 662 662 659 658 657 656 655 654 654 653 652 650 648 650 650 650 649 649 648 646 644 643 643 642
653 654 656 657 659 660 664 665 666 668 670 671 672 674 676 677 679 681 684 684 685 688 688 690 690 691 691 693 694 696 697 697 697 698 696 697 696 696 693 693 691 690 688 687 686 684 683 682 681 678 678 673 671 669 668 668 666 664 664 664 662 661 660 659 658 657 656 654 653 653 652 651 649 648 649 649 649 649 648 646 646 644 644 642 642
652 653 653 655 657 659 662 663 663 665 667 670 671 672 673 674 676 678 682 682 685 686 687 689 689 690 691 691 690 694 694 694 696 695 695 694 693 693 692 692 689 689 688 686 684 683 681 677 677 675 675 672 671 669 667 666 666 663 663 662 662 661 658 658 656 657 656 654 652 653 652 651 649 647 648 648 648 647 646 645 644 644 643 643 642
652 651 653 653 655 657 659 660 662 664 665 667 668 671 672 673 675 676 679 680 683 684 685 687 688 689 689 690 691 690 693 694 694 693 693 693 692 690 690 689 688 687 685 685 681 679 677 677 674 673 673 671 670 669 666 666 664 663 662 662 660 659 658 657 656 657 656 654 652 653 652 650 649 648 647 647 646 645 644 644 643 643 642 642 643
652 653 653 654 655 656 658 658 659 661 663 664 666 669 670 670 673 676 676 680 682 682 683 684 686 688 689 688 689 688 688 689 689 690 690 690 689 689 688 687 686 683 684 682 679 677 676 675 673 672 671 670 669 667 666 665 664 663 661 661 660 657 656 657 656 655 655 653 652 651 650 650 649 647 647 645 643 644 644 643 643 643 642 642 640
653 654 653 653 655 656 656 657 658 660 661 662 665 665 668 670 672 673 674 678 679 680 680 682 683 685 685 687 688 689 688 689 690 689 689 689 688 686 687 685 683 682 682 680 677 676 675 672 672 671 670 669 667 666 665 664 662 661 660 659 658 657 656 655 654 654 653 652 651 650 649 650 648 647 648 643 643 643 643 644 642 643 642 641 639
654 655 654 654 654 655 656 657 657 659 660 661 662 664 665 667 668 671 672 675 677 677 679 681 681 682 684 686 687 687 688 687 687 687 686 686 684 684 683 682 681 680 679 678 676 674 672 672 671 671 669 668 667 665 664 663 661 660 659 658 656 656 656 655 654 653 653 652 651 650 649 647 647 647 644 644 642 642 642 641 641 642 641 640 640
655 655 655 655 655 656 658 656 657 659 662 660 662 663 664 665 666 668 670 672 675 675 678 679 680 681 682 683 685 686 686 684 683 685 683 683 683 682 682 681 680 679 679 677 674 673 672 672 671 670 668 667 665 664 663 662 660 660 658 657 656 656 654 653 654 653 652 651 651 649 647 647 647 647 646 644 641 641 641 640 640 639 639 638 640
654 655 656 655 655 656 657 657 658 658 661 662 662 663 663 664 665 667 668 670 672 674 676 676 679 680 681 682 683 683 684 681 682 681 683 682 682 681 681 682 679 677 676 674 673 672 672 671 670 669 667 666 665 663 662 660 658 658 657 655 654 654 653 653 652 651 650 648 648 648 647 646 644 645 644 643 642 640 640 640 640 639 639 638 638
655 655 655 656 657 656 657 656 658 657 660 661 662 663 664 666 666 666 667 669 670 672 674 675 676 678 679 680 682 681 680 680 681 681 682 681 681 682 680 678 676 676 674 673 673 672 671 669 668 668 666 665 663 663 661 660 659 658 655 656 654 653 653 652 651 650 650 649 647 647 646 646 645 644 644 643 643 639 639 639 638 638 637 637 636
655 657 656 656 656 656 656 657 657 659 659 660 661 662 664 666 667 668 670 670 671 672 672 673 674 675 676 677 679 679 677 679 679 681 680 681 681 679 679 676 676 674 673 671 671 670 669 669 668 666 666 664 663 661 661 659 658 657 657 655 654 653 652 651 652 650 649 648 647 646 646 645 645 643 643 642 640 640 638 638 638 638 637 637 636
655 655 655 655 656 656 656 656 658 656 658 660 661 662 664 665 666 668 670 669 671 672 672 673 673 675 675 676 677 677 676 678 677 679 679 679 679 679 678 675 673 674 672 671 670 670 669 668 666 666 665 663 661 661 660 659 658 657 655 654 654 653 652 650 650 648 647 646 645 645 645 644 643 642 641 641 641 642 638 638 638 638 638 637 637
657 656 655 656 656 656 657 656 655 656 656 659 659 660 663 665 667 668 668 670 672 674 673 675 676 676 676 677 677 677 676 677 676 676 677 678 677 677 676 674 674 671 671 670 670 669 668 667 665 665 664 662 661 659 658 659 657 655 655 655 653 652 651 651 649 648 646 645 644 643 643 642 642 641 641 641 641 641 639 637 636 636 636 636 637
660 658 656 656 656 654 655 654 654 654 654 656 658 660 661 663 666 668 668 671 672 673 674 676 675 675 676 676 677 677 676 676 676 675 676 675 675 675 675 674 672 671 671 670 669 668 666 666 665 664 662 661 661 659 659 658 655 655 654 652 651 651 650 650 647 646 645 644 644 642 642 641 641 640 640 640 640 640 639 637 634 635 633 634 634
661 660 659 658 657 655 655 654 654 653 653 655 657 660 662 666 666 668 670 671 672 673 674 674 674 675 675 676 676 676 677 676 676 675 674 675 674 673 673 671 672 671 670 669 669 667 666 665 664 662 662 661 660 659 658 656 655 654 653 651 650 650 648 648 646 645 644 644 642 641 641 641 640 640 639 639 639 638 637 638 634 633 633 632 633
664 660 660 660 659 658 656 657 655 654 655 656 657 660 663 664 666 668 669 670 671 673 673 674 674 674 675 675 676 676 676 677 677 675 674 674 673 672 671 671 670 670 669 668 668 667 665 663 663 663 662 660 660 659 656 655 654 653 652 650 649 648 648 647 645 644 643 642 642 641 641 639 640 640 639 639 639 638 637 637 635 634 631 631 631
665 664 663 660 661 661 660 659 657 659 656 658 659 660 662 664 667 667 669 670 671 672 673 674 676 677 677 676 676 677 677 677 676 676 675 674 673 672 671 670 670 670 669 668 666 666 665 664 665 663 662 660 659 656 655 655 653 652 652 650 649 649 646 646 645 644 642 642 640 640 640 639 639 639 638 638 637 637 637 637 635 632 630 630 629
666 665 665 664 662 663 663 662 661 661 661 661 661 661 663 664 667 669 671 670 670 672 673 673 675 676 676 677 677 677 676 677 677 677 675 675 673 672 671 671 670 669 668 667 666 666 665 664 662 661 661 660 659 657 655 654 653 652 650 650 648 647 645 645 643 642 641 639 639 639 639 638 638 638 637 636 636 635 635 634 633 633 632 629 628
668 667 666 666 666 664 665 664 663 662 663 663 664 664 664 663 667 668 669 669 670 670 671 672 674 675 675 676 676 677 677 676 677 675 674 672 671 671 671 670 669 669 668 666 666 665 664 663 663 662 661 659 658 657 654 653 654 652 650 648 647 646 645 643 641 641 640 639 639 638 638 638 637 637 636 637 635 634 633 632 633 634 632 631 628
670 669 668 668 666 666 665 667 664 664 665 665 666 667 666 666 667 668 668 671 672 671 673 674 673 673 675 675 675 676 676 676 675 675 674 672 673 673 670 669 669 669 668 667 666 665 664 663 663 662 660 659 658 656 655 653 653 650 649 647 646 645 644 642 640 639 638 637 637 637 636 635 636 635 636 635 635 634 633 632 633 632 631 629 629
672 670 669 669 670 669 669 668 666 666 667 667 668 669 668 667 667 668 671 672 673 674 674 674 675 674 674 674 675 675 675 676 675 674 673 673 673 672 671 670 669 668 668 666 665 664 664 663 662 660 659 658 657 655 655 654 652 651 650 647 645 644 643 640 639 638 637 637 636 636 636 634 635 635 634 634 633 633 632 633 632 632 631 629 628
672 672 672 672 670 672 671 670 669 669 669 669 670 671 670 670 668 669 670 672 672 674 675 675 676 675 674 674 675 674 675 675 675 674 674 673 673 672 670 669 669 670 669 667 667 665 664 662 661 660 660 658 656 655 654 653 651 650 649 648 646 644 642 639 639 638 637 636 633 635 634 633 635 634 635 635 633 632 633 632 631 631 631 629 627
673 673 672 672 673 672 672 672 671 671 671 671 672 673 672 672 671 670 670 672 673 674 676 676 676 676 675 676 676 676 675 676 675 675 674 672 673 672 671 670 669 669 667 668 666 666 665 662 662 660 659 658 657 656 655 652 651 650 648 647 645 643 640 639 638 636 636 635 634 634 633 633 634 634 634 634 635 634 632 631 631 631 629 627 625
674 674 672 672 672 672 673 672 671 672 673 673 673 674 673 674 673 672 672 673 673 674 675 676 676 676 675 676 677 676 676 675 675 674 673 673 673 672 671 670 670 668 668 667 666 666 665 662 661 660 659 658 657 655 654 653 652 650 648 647 644 643 641 638 637 636 635 634 634 632 634 633 632 634 633 635 634 634 630 630 628 629 627 627 626
676 676 674 674 673 673 673 672 673 674 674 674 675 674 674 673 674 674 673 674 674 674 674 675 676 676 676 676 675 676 676 676 675 676 675 674 674 672 671 669 670 668 668 668 667 666 665 664 663 662 658 659 657 656 655 653 651 650 649 647 644 643 640 638 637 635 634 635 633 634 633 633 634 633 633 633 633 631 630 628 628 630 629 625 626
680 679 678 676 676 675 675 675 675 675 675 677 675 676 677 676 676 675 675 675 675 674 675 675 676 675 677 676 676 676 675 676 675 674 675 674 674 674 672 671 669 669 668 667 667 666 664 663 662 662 660 659 657 657 656 653 651 650 648 648 645 643 642 639 637 636 635 634 633 633 633 633 633 632 632 631 631 629 630 630 629 630 626 625 626
681 681 680 678 679 678 676 676 676 677 678 677 678 678 678 678 677 677 676 677 677 676 676 677 677 677 678 677 676 676 676 675 675 675 674 675 674 674 672 671 671 669 669 667 667 665 665 664 662 661 661 660 658 657 656 654 653 652 648 647 646 643 642 640 639 637 635 635 633 632 633 633 632 632 631 630 631 629 628 629 629 630 629 624 625
682 682 683 682 681 680 680 680 678 678 678 678 678 678 678 679 679 678 678 678 678 678 677 677 677 678 678 677 677 676 675 675 675 675 675 673 673 674 673 672 671 670 669 668 667 666 665 664 663 662 661 659 657 657 657 655 654 651 649 648 645 644 642 640 640 637 636 634 633 633 632 633 631 631 630 630 629 628 628 629 629 627 626 624 623
683 683 683 682 682 683 682 681 681 679 680 678 679 679 680 679 680 681 679 679 680 679 679 678 678 677 679 677 677 677 676 677 675 675 675 674 674 673 673 672 671 671 669 669 668 667 665 664 663 662 660 660 658 657 656 655 653 651 649 649 645 644 642 641 640 639 637 636 633 633 633 631 631 630 629 629 627 627 627 627 628 627 627 626 626
685 683 684 683 684 684 684 683 682 682 682 682 681 681 680 681 681 682 681 680 682 680 680 679 678 678 678 678 678 678 677 676 676 676 676 676 675 673 673 672 671 669 669 669 668 667 666 664 662 662 661 660 658 657 655 654 653 652 650 649 647 645 644 642 639 639 638 637 635 632 632 630 629 628 628 627 627 627 627 627 627 627 626 626 627
