data_and_outputs/predictor_data/120/bioclim_04.asc
NCOLS 1199 
NROWS 625 
XLLCORNER -17.966918 
YLLCORNER -10.0196949358429 
CELLSIZE 0.0416666688395203 
NODATA_value -9999 
[rows 0 to 38 of 625, columns 356 to 444 of 1199]
-9999 -9999 -9999 -9999 -9999 -9999 -9999 -9999 -9999 -9999 -9999 -9999 -9999 -9999 -9999 -9999 -9999 -9999 -9999 -9999 -9999 -9999 -9999 -9999 -9999 -9999 -9999 -9999 -9999 -9999 -9999 -9999 -9999 -9999 -9999 -9999 -9999 -9999 -9999 -9999 -9999 -9999 -9999 -9999 -9999 -9999 -9999 -9999 -9999 -9999 -9999 -9999 -9999 -9999 -9999 -9999 -9999 -9999 -9999 -9999 -9999 -9999 -9999 -9999 -9999 -9999 -9999 -9999 -9999 -9999 -9999 -9999 -9999 -9999 -9999 -9999 -9999 -9999 -9999 -9999 -9999 -9999 -9999 -9999 -9999 -9999 -9999 -9999 -9999
337 340 339 339 341 340 340 339 338 338 340 338 338 336 335 336 336 333 334 334 333 332 332 332 331 330 330 330 329 331 331 332 329 333 330 331 331 331 331 334 332 333 335 334 337 339 340 341 341 342 342 344 346 348 349 351 352 353 355 359 358 361 362 361 363 362 365 364 364 364 363 362 360 357 353 348 344 338 331 325 319 314 307 303 296 294 290 288 285
333 335 335 336 336 336 336 337 337 335 335 334 334 333 332 332 332 333 333 331 331 329 330 331 330 331 329 329 328 329 329 330 329 330 330 330 331 330 331 331 332 332 335 334 334 336 340 341 339 340 342 344 345 345 346 348 350 352 354 355 356 356 360 359 359 359 360 361 359 356 358 354 352 350 345 342 335 330 325 318 312 305 299 295 289 283 281 280 278
330 331 331 332 334 332 332 334 332 334 333 332 332 330 332 330 330 330 329 329 327 327 328 328 329 327 328 328 327 327 327 328 328 328 328 328 328 329 329 329 330 333 334 333 336 333 337 337 338 339 341 341 343 344 344 346 348 349 351 350 353 354 355 355 357 356 356 353 353 352 350 349 347 341 340 335 330 324 316 312 306 298 290 286 283 275 272 269 269
327 328 328 328 328 331 330 331 329 329 329 329 330 329 328 329 327 329 327 327 327 327 328 326 326 326 326 327 328 327 327 327 327 326 327 327 328 328 329 329 329 330 331 332 335 333 335 338 338 338 340 340 343 343 343 345 347 348 349 349 349 352 353 353 353 352 352 353 349 347 347 344 340 338 331 325 322 316 312 304 299 290 285 279 272 268 264 262 260
324 324 325 326 325 327 327 326 326 328 328 328 326 327 325 325 325 326 324 325 327 324 325 326 326 324 325 325 325 326 327 324 325 327 325 328 327 329 328 328 329 329 332 331 332 334 334 335 336 336 339 339 339 340 342 344 345 347 348 347 348 350 350 351 350 349 348 348 346 344 342 339 335 332 326 322 317 311 306 298 290 284 276 270 262 259 254 253 253
320 322 323 321 323 324 325 324 324 325 325 325 325 324 325 324 324 324 324 325 321 325 324 323 323 323 324 324 325 325 325 324 326 325 325 326 328 327 327 327 329 329 330 330 333 334 332 335 336 337 338 339 341 341 341 343 344 343 345 346 346 349 347 348 347 347 344 344 342 340 337 334 332 326 324 318 311 305 299 292 284 277 270 264 256 251 247 244 245
317 319 319 320 322 320 320 321 323 322 322 322 322 322 324 320 324 321 320 321 321 321 322 323 323 322 323 322 324 323 324 323 325 324 324 325 325 324 327 326 328 328 330 332 332 332 331 336 336 335 336 337 337 339 340 342 342 341 344 344 345 346 345 345 343 342 343 341 337 336 334 329 327 322 318 313 306 299 294 287 279 271 263 258 250 243 237 235 237
315 316 317 316 319 317 319 319 318 319 321 320 319 318 320 318 319 320 321 320 320 320 320 321 321 322 320 323 324 321 324 321 321 324 325 324 323 324 325 326 325 326 327 329 328 329 329 333 334 334 332 337 337 335 338 338 340 340 342 341 343 342 345 342 340 341 339 337 335 333 329 328 321 319 314 307 301 296 290 282 274 268 259 252 243 236 229 226 230
312 314 313 315 315 314 317 316 317 317 317 318 317 318 317 317 319 318 316 316 317 319 320 320 320 320 319 320 320 321 320 322 321 325 324 324 323 324 323 325 325 325 328 328 329 329 331 331 331 332 333 334 336 338 338 338 339 339 341 340 341 339 341 341 339 337 335 334 331 332 326 323 319 316 310 305 298 292 286 280 271 265 255 249 240 232 223 223 226
311 312 311 313 313 313 313 313 314 316 314 316 316 315 316 315 316 315 316 317 316 318 317 318 318 318 318 318 318 321 319 319 321 322 322 321 322 323 323 324 324 326 326 326 327 329 329 332 332 331 333 335 333 336 336 337 337 339 339 337 339 340 341 337 338 336 335 333 328 328 324 319 316 309 309 304 297 291 285 277 271 263 254 246 239 233 226 225 227
308 309 309 310 311 311 311 314 312 314 312 314 314 313 314 312 314 314 316 314 315 315 315 317 317 317 318 317 320 319 319 320 320 321 322 320 322 324 323 323 324 324 326 326 327 329 328 331 331 332 332 333 334 335 334 337 337 335 338 338 339 338 338 338 337 337 331 330 328 325 323 318 315 310 305 298 295 288 282 275 269 261 255 248 241 234 231 229 229
307 306 308 307 310 308 308 311 310 312 311 311 311 311 311 312 311 312 314 311 314 314 315 315 315 315 315 315 315 316 316 319 318 318 320 321 321 322 320 322 324 324 325 324 326 326 328 329 329 328 332 333 334 332 334 335 335 335 336 336 337 336 337 335 335 332 330 330 326 324 321 316 313 309 305 298 292 287 281 276 270 263 255 251 244 239 234 232 231
303 305 305 305 306 307 307 307 311 307 311 310 309 310 308 309 310 310 310 313 311 314 313 313 313 313 314 315 316 318 318 317 317 317 318 318 320 321 320 319 320 321 323 324 324 325 325 327 327 327 328 330 331 330 332 332 331 334 335 333 334 335 333 334 334 331 327 326 324 322 320 315 311 308 302 296 293 286 280 275 269 262 256 251 245 241 237 235 234
301 303 302 303 303 305 305 306 307 306 305 306 307 308 307 307 307 309 310 310 309 309 311 311 312 311 313 313 315 314 314 315 317 316 316 316 317 318 318 319 320 320 320 320 321 322 326 324 325 325 326 328 328 330 330 330 331 331 332 332 331 332 333 331 331 328 328 326 322 320 316 314 310 306 301 297 292 286 279 277 270 264 258 253 249 246 242 237 239
298 300 301 303 302 302 303 302 302 305 303 304 305 305 305 305 305 308 306 308 308 309 309 310 311 312 311 311 312 310 314 314 315 315 314 316 317 318 317 316 319 319 320 321 320 320 323 324 324 324 325 326 326 329 328 328 329 331 331 330 330 331 331 331 328 328 325 322 322 319 318 312 308 307 302 296 290 289 282 276 269 266 260 256 252 248 243 244 241
295 297 298 299 300 301 300 299 301 301 304 302 302 301 304 302 304 304 304 307 308 305 307 308 310 310 310 310 312 310 310 313 312 314 314 314 315 313 314 315 318 318 318 319 319 319 322 322 322 322 323 324 325 327 326 328 327 329 330 328 330 329 330 329 329 326 326 322 321 317 316 312 308 304 301 298 291 288 283 278 274 268 263 258 253 251 247 245 244
294 297 296 296 296 299 299 299 300 299 299 300 301 301 301 302 303 303 302 304 305 305 304 305 306 306 306 308 306 309 309 311 311 312 312 312 312 314 314 313 315 316 317 317 317 318 318 322 321 321 322 323 325 324 325 325 326 327 326 327 329 329 326 327 326 325 323 322 320 317 314 312 308 306 301 299 294 289 285 279 274 271 265 261 260 253 250 249 246
292 293 295 297 295 295 297 297 296 298 299 299 299 298 299 299 300 301 302 302 303 303 302 304 305 305 305 306 306 306 306 309 308 309 309 310 311 312 311 313 313 314 314 315 315 316 318 317 318 318 321 322 322 323 324 324 324 326 325 327 327 327 327 327 326 324 324 322 319 318 317 311 309 308 302 298 295 291 286 282 277 272 268 266 261 258 255 251 250
290 291 293 293 293 294 294 294 296 296 295 298 295 296 298 295 299 299 300 299 302 300 301 303 303 303 303 306 304 305 305 306 309 307 307 309 309 309 309 311 310 312 312 312 315 314 314 316 317 317 319 318 321 321 320 323 322 326 326 326 324 325 326 326 324 325 324 320 320 318 316 314 310 309 305 301 298 293 289 285 281 276 272 267 264 260 258 256 255
288 291 289 291 291 291 292 290 291 291 294 295 291 293 294 293 292 296 298 298 297 300 298 301 301 302 301 302 300 303 305 305 305 305 305 306 308 308 308 308 307 310 311 312 310 311 312 315 314 316 316 316 319 319 319 320 321 322 322 324 324 325 325 325 324 323 324 323 320 318 316 313 313 309 307 303 299 296 292 287 283 279 275 272 268 264 262 260 258
289 288 290 287 289 289 290 287 288 289 289 291 291 293 292 291 294 295 295 295 298 298 298 300 299 300 300 301 300 301 301 301 302 304 304 304 305 304 307 305 307 307 308 310 310 309 312 311 312 313 312 316 315 318 318 320 320 323 322 323 324 324 324 326 323 324 324 323 321 320 318 317 314 310 307 304 302 298 294 292 286 283 279 275 273 269 265 262 261
286 287 287 287 287 286 285 289 287 289 289 290 290 293 293 291 292 294 293 293 293 295 295 296 296 296 298 300 299 299 298 301 300 302 301 303 302 304 303 305 306 305 306 307 307 309 309 311 311 310 313 313 314 316 316 317 319 320 322 321 321 322 326 323 322 323 323 321 322 320 319 317 315 314 312 309 303 299 296 294 291 286 282 278 275 273 269 266 266
284 286 285 286 287 286 285 288 288 287 289 290 288 289 290 290 291 291 291 291 290 292 294 296 296 294 297 297 299 296 299 297 301 299 299 299 301 302 303 302 302 303 304 305 305 306 307 309 310 308 312 312 313 313 316 318 317 318 321 321 321 323 324 324 324 324 323 323 323 320 320 319 318 315 313 308 306 304 301 297 293 290 285 281 281 276 273 271 269
282 283 284 286 284 284 285 287 286 286 286 286 287 289 289 289 287 289 290 291 290 293 292 292 293 292 292 294 296 294 296 297 297 298 299 299 299 300 298 298 299 300 301 303 303 304 306 306 306 310 310 309 311 314 314 314 317 317 319 320 320 321 324 324 324 325 325 323 324 324 323 320 320 318 315 313 309 308 306 301 298 295 289 286 283 280 278 275 271
283 283 282 282 282 285 284 284 285 284 286 288 286 286 288 286 286 288 288 289 290 291 292 291 292 292 292 293 292 293 294 295 295 296 296 296 297 295 295 296 298 298 301 300 299 302 305 305 306 304 307 308 310 310 311 312 315 318 317 318 320 321 322 322 323 325 324 324 324 324 324 324 321 320 318 317 314 310 307 303 300 296 295 290 287 283 280 277 274
279 282 279 279 282 282 282 282 282 284 283 284 283 286 286 285 285 287 286 287 289 289 287 291 291 288 291 289 291 289 292 290 292 293 292 292 293 293 296 297 294 296 297 297 299 300 301 301 303 305 303 305 308 310 311 312 314 313 315 317 320 321 322 323 323 326 327 325 324 326 326 325 325 325 321 318 318 315 310 307 304 300 297 293 289 287 283 279 279
278 278 279 281 279 281 280 282 281 283 283 284 281 284 284 281 285 285 284 285 286 285 286 287 288 286 288 290 290 290 289 289 290 294 290 291 293 293 292 293 293 294 294 298 298 298 299 300 301 303 302 306 306 308 308 311 312 315 315 317 317 320 322 325 324 324 326 327 328 327 326 327 327 326 324 324 322 317 316 312 307 304 300 298 292 289 287 282 279
275 276 277 278 278 278 279 281 281 280 281 282 281 281 280 283 282 281 283 285 283 285 283 286 286 284 287 285 288 288 287 288 290 289 289 290 290 291 291 290 291 292 294 293 295 296 296 297 300 301 300 302 304 305 306 309 310 311 314 315 316 318 321 323 325 325 326 327 327 331 329 330 330 331 328 325 325 321 318 315 311 308 304 300 297 291 289 286 284
276 275 276 277 278 278 277 277 280 279 279 280 281 281 281 280 280 282 281 282 282 284 284 286 283 285 283 285 284 286 286 285 287 287 287 286 287 288 289 288 288 289 291 291 294 293 293 297 297 297 300 300 302 303 305 307 308 311 311 313 317 318 321 321 323 325 326 326 330 329 331 333 331 334 331 332 328 327 324 319 315 311 306 304 298 296 293 289 289
275 273 275 277 277 276 277 277 277 277 277 278 278 279 277 281 277 280 279 280 280 281 282 282 283 281 283 284 283 284 284 284 284 284 285 286 285 286 286 286 288 289 290 290 291 289 292 294 294 295 298 297 300 300 303 304 306 309 311 312 315 318 319 321 323 325 327 327 331 332 334 333 334 337 337 337 331 330 328 322 317 313 310 306 301 297 295 292 289
273 276 275 274 274 276 277 277 277 276 278 277 276 277 277 278 276 280 278 279 280 278 279 280 280 280 281 281 282 282 282 282 280 284 284 283 283 284 284 286 286 287 286 286 286 287 289 290 292 293 294 296 297 300 301 302 304 308 308 312 313 314 318 321 321 325 328 329 330 332 334 337 338 341 340 340 338 333 329 325 319 316 311 309 304 301 296 295 294
273 274 274 274 274 274 274 275 276 276 275 275 276 275 276 275 277 276 278 277 277 276 277 278 278 278 277 279 280 279 279 279 279 280 281 281 280 281 282 282 283 284 284 285 285 286 288 287 289 291 291 292 296 297 297 301 301 305 307 309 311 315 317 319 322 324 326 329 332 332 334 338 341 342 344 343 343 338 333 327 322 319 315 311 306 302 298 297 293
275 273 273 272 275 275 275 275 273 274 276 274 275 274 275 272 276 273 275 275 277 275 275 276 275 277 277 276 277 277 276 278 278 277 279 279 279 280 279 280 281 283 281 284 282 284 284 285 287 287 289 290 293 294 295 298 301 304 305 306 311 313 316 318 320 324 326 327 330 333 337 338 339 343 346 348 345 339 334 331 327 321 317 312 307 304 301 298 295
272 274 271 272 272 274 273 273 274 273 272 272 273 273 274 272 272 274 275 273 276 274 274 275 274 274 274 274 276 275 275 277 275 275 275 275 277 276 277 278 277 278 279 280 281 281 283 284 285 285 286 287 291 293 294 296 299 300 302 305 309 312 316 318 320 322 325 327 331 335 337 339 341 343 346 347 344 340 335 331 327 323 316 313 310 305 301 298 295
271 272 272 271 273 272 271 271 272 272 272 272 271 272 271 271 271 272 272 274 273 273 272 272 272 273 273 274 273 272 272 272 274 274 273 274 273 275 274 275 275 275 278 278 277 278 279 280 282 283 284 286 288 288 291 292 296 298 300 303 306 309 311 318 320 321 325 327 330 333 336 339 341 342 346 344 342 339 336 331 329 323 318 312 310 307 304 299 298
272 270 270 272 271 271 269 272 271 270 272 269 270 270 271 270 269 271 270 271 271 271 270 272 269 271 270 272 270 270 270 272 271 270 271 270 271 273 273 272 274 273 274 275 276 276 277 277 279 280 280 284 284 286 289 291 292 295 299 301 305 309 312 314 318 321 323 327 329 331 333 337 338 340 342 340 340 338 333 329 326 321 319 315 311 308 302 299 297
271 271 270 271 270 271 271 269 268 269 269 269 268 270 268 269 268 269 270 269 269 268 270 270 270 270 267 270 271 269 270 269 270 271 270 270 269 271 271 270 271 272 271 273 273 273 274 277 277 276 277 279 283 285 284 287 291 294 297 300 304 307 309 313 316 320 321 325 326 330 334 335 337 339 340 339 339 336 333 330 326 323 317 313 313 309 303 301 297
269 269 272 269 269 270 270 267 270 269 269 269 269 270 269 270 269 267 269 269 268 268 269 269 268 268 267 268 269 267 267 267 268 269 269 268 269 270 268 270 268 269 270 271 271 272 273 275 275 276 277 279 281 281 284 288 289 293 295 298 301 306 309 314 316 319 322 324 326 330 334 335 337 337 337 339 338 333 332 328 327 323 318 315 311 307 304 300 298
