data_and_outputs/predictor_data/120/bioclim_01.asc
NCOLS 1199 
NROWS 625 
XLLCORNER -17.966918 
YLLCORNER -10.0196949358429 
CELLSIZE 0.0416666688395203 
NODATA_value -9999 
[rows 304 to 341 of 625, columns 680 to 764 of 1199]
257 253 253 257 256 254 239 228 242 245 244 244 242 242 240 239 240 238 237 236 236 236 238 239 238 238 239 239 239 238 239 239 239 239 239 238 238 239 238 239 239 239 239 239 239 238 239 238 238 237 238 238 238 236 236 236 236 236 236 235 235 235 234 233 234 233 233 233 232 232 230 231 230 230 230 230 229 229 230 231 232 231 229 231 232
257 245 256 253 247 232 230 245 246 245 243 244 241 238 238 238 237 236 237 237 236 237 237 238 239 238 239 238 238 238 238 238 238 238 239 239 239 239 238 239 239 240 240 240 240 239 239 239 238 238 238 237 237 236 235 236 236 235 235 234 234 234 234 233 232 233 233 232 231 231 229 230 229 229 230 230 231 231 229 230 231 232 233 230 231
254 256 252 240 225 227 246 247 246 245 240 239 239 239 238 236 236 236 236 236 237 237 237 238 238 238 238 238 237 238 238 237 237 238 238 238 238 239 239 240 239 239 239 238 239 239 239 239 239 238 238 237 237 236 235 235 235 235 234 234 233 233 233 232 232 232 233 232 232 231 231 230 230 230 231 232 232 230 228 229 230 232 234 230 230
259 255 237 220 228 243 246 246 246 246 242 239 237 238 239 236 234 235 235 235 236 236 238 238 238 238 237 238 238 237 237 236 237 237 237 238 237 238 239 238 238 238 238 238 239 239 238 239 238 238 238 237 236 236 235 235 235 234 234 233 233 233 232 232 231 232 232 232 231 232 231 231 230 230 230 232 233 232 231 229 230 232 234 233 232
261 248 226 227 246 247 247 246 246 245 242 239 238 238 236 237 237 234 234 233 234 235 237 238 238 237 237 238 238 237 237 236 236 237 237 237 237 238 238 237 237 238 237 237 238 238 238 238 238 238 238 237 237 236 234 235 235 234 233 233 233 233 234 233 232 232 232 233 232 231 231 231 231 231 232 232 233 234 233 231 229 232 233 234 232
259 242 242 250 250 249 248 245 244 244 240 239 238 237 235 235 236 235 234 235 230 235 235 237 236 236 236 237 237 237 236 236 236 237 236 236 236 237 238 237 237 237 237 237 237 237 237 238 238 238 238 237 237 236 235 236 236 234 233 234 235 234 234 233 232 232 233 233 233 232 232 232 232 232 233 234 234 235 233 231 230 233 234 234 232
255 250 256 250 251 251 249 244 244 239 238 237 236 236 235 235 234 234 233 232 232 235 236 237 235 236 237 237 236 236 235 235 236 237 236 236 236 237 237 237 236 236 236 238 237 237 238 237 238 238 237 238 237 237 236 236 236 234 234 234 235 235 234 234 232 233 234 233 233 233 232 232 233 233 233 233 233 235 233 232 232 234 235 234 232
257 259 256 253 254 250 246 245 243 240 237 236 236 235 234 234 234 235 233 231 235 235 235 236 236 237 237 237 236 235 234 234 235 236 236 235 235 237 237 236 235 236 236 237 238 238 237 238 237 237 238 238 238 237 236 237 236 235 235 235 236 235 234 234 234 234 235 234 234 233 233 232 233 233 234 234 234 235 234 233 233 235 236 235 233
255 258 257 253 250 244 245 245 244 240 237 233 235 235 234 236 239 237 234 234 235 235 234 235 236 236 236 236 236 236 234 235 235 235 235 235 235 236 236 236 234 235 236 237 237 237 237 237 237 237 237 237 237 238 237 237 236 236 236 236 235 234 235 236 235 234 235 235 234 233 234 232 234 233 232 234 235 236 234 234 234 235 236 234 233
248 255 253 252 246 245 245 244 239 236 232 235 235 235 235 239 238 239 237 238 236 235 236 235 235 236 235 236 236 235 234 235 235 235 235 234 235 236 236 235 235 234 236 236 236 237 236 237 236 236 236 236 236 237 237 238 237 237 236 236 235 234 236 236 235 235 236 235 235 234 234 233 234 234 232 234 236 236 235 235 235 236 235 235 234
243 241 251 249 246 245 243 239 224 233 232 233 234 236 239 239 240 240 241 242 240 239 237 235 235 235 235 235 235 234 234 234 234 235 235 234 235 235 237 236 235 234 235 235 236 237 236 236 236 236 236 236 236 236 236 236 237 237 236 236 235 234 235 236 237 237 237 235 236 236 235 234 234 235 234 235 236 236 236 237 236 237 236 236 234
240 238 245 246 244 242 236 231 229 233 230 232 233 237 239 239 241 241 241 242 241 240 238 234 234 234 234 234 235 234 234 234 233 234 235 234 234 236 236 236 235 234 234 234 236 236 236 236 236 235 235 236 237 236 235 235 236 236 237 236 236 236 237 237 238 238 238 237 237 236 235 235 235 235 235 235 236 236 236 236 236 235 235 237 237
243 240 246 244 240 234 229 232 232 232 232 233 235 237 237 239 240 241 241 241 240 238 234 233 234 233 233 234 235 235 234 233 233 234 234 234 234 235 235 235 235 234 234 235 236 236 235 235 236 235 235 236 237 235 235 235 235 235 235 236 236 237 238 238 238 238 238 238 238 237 237 236 235 235 236 236 236 234 235 234 235 234 235 235 236
252 248 243 242 240 235 233 232 232 231 231 232 233 236 236 237 237 240 239 239 238 234 234 236 236 234 236 237 235 237 236 236 236 234 235 234 234 234 235 234 235 235 235 235 235 235 235 235 235 235 235 235 236 235 234 234 234 235 235 235 236 237 237 237 237 236 236 236 236 237 237 237 237 236 236 236 236 235 233 232 232 234 234 234 234
249 248 240 235 230 233 232 231 231 231 232 232 230 234 231 229 239 239 236 237 236 235 236 237 238 238 238 237 236 237 238 238 237 239 236 234 233 234 234 234 234 235 235 235 235 235 234 235 234 234 234 235 235 235 234 234 233 234 234 235 235 235 235 234 234 234 235 236 235 237 235 236 236 237 236 235 235 234 233 234 234 235 234 234 233
237 232 226 219 225 236 231 231 230 230 235 235 226 232 236 234 238 236 236 237 237 237 237 236 238 238 238 237 236 237 238 238 239 239 236 233 235 234 235 235 235 237 237 237 235 234 234 234 233 233 234 234 234 234 234 233 233 233 234 234 234 234 233 233 233 233 234 233 235 235 235 236 235 236 236 234 234 232 232 233 234 234 235 234 234
226 220 216 222 230 234 232 232 229 233 235 233 232 227 235 237 237 237 234 236 237 237 237 237 237 237 236 235 235 238 238 238 239 239 238 235 236 237 238 238 238 238 237 238 237 235 234 235 234 233 233 233 234 233 234 233 233 234 234 234 234 233 233 233 232 232 232 232 233 233 235 235 235 235 235 233 232 233 233 233 233 234 234 234 235
221 218 217 227 235 233 229 230 230 234 235 233 232 230 235 236 236 235 235 237 237 237 237 237 236 236 237 236 236 237 238 238 238 238 237 237 237 236 236 238 239 238 238 238 238 238 238 238 236 234 233 233 233 233 233 234 233 234 233 233 233 234 233 233 232 231 231 231 232 233 232 233 234 234 234 234 232 233 233 234 234 233 233 235 235
222 214 226 234 234 232 234 232 234 234 234 234 233 231 236 235 235 235 235 236 236 236 237 237 237 237 237 237 236 237 237 237 238 238 236 237 237 236 236 238 239 238 237 238 239 239 238 235 236 233 232 234 233 235 235 235 233 232 232 232 233 233 233 232 233 231 230 230 231 232 233 233 233 233 233 233 233 232 232 233 233 233 232 234 234
220 225 235 235 236 234 235 235 234 234 233 234 235 235 235 235 234 232 235 236 235 236 236 234 236 235 236 235 231 232 235 235 238 235 237 237 237 237 236 238 237 235 239 239 239 238 238 235 235 235 233 234 234 233 236 236 234 234 233 233 232 232 232 232 231 231 230 230 230 233 234 233 232 232 232 233 232 231 232 233 232 233 234 235 235
231 236 237 238 237 235 235 234 234 233 233 234 234 235 234 234 234 234 234 235 234 235 235 234 233 229 234 234 231 231 236 236 238 237 237 236 237 237 236 237 238 238 238 239 238 237 235 235 236 237 236 236 235 232 234 236 236 236 235 235 233 233 232 231 231 231 231 232 233 234 234 233 232 232 232 233 232 231 232 231 232 232 233 233 234
236 238 238 236 235 234 234 232 233 233 233 233 233 234 234 234 233 233 232 234 234 233 234 233 232 233 231 230 233 235 234 237 238 238 237 236 237 238 238 238 238 238 239 238 237 237 237 236 234 236 237 237 236 235 235 236 236 236 236 235 233 233 233 231 231 230 230 233 234 234 234 233 232 233 233 234 232 229 230 231 231 232 232 232 233
238 238 238 236 234 233 233 233 233 233 233 233 234 234 234 233 233 233 232 234 233 232 232 232 233 232 233 234 233 235 235 237 237 237 236 238 237 238 239 239 239 238 238 237 237 238 238 237 236 236 237 237 236 236 236 236 236 236 236 235 234 234 232 231 230 229 229 232 234 235 234 234 233 233 234 232 230 230 232 232 231 232 232 232 232
237 237 236 235 234 233 233 233 233 233 233 233 234 234 233 233 233 233 233 232 231 232 232 233 233 234 235 235 236 236 237 238 238 238 238 238 238 238 239 238 237 237 238 238 238 237 237 237 237 237 237 237 237 236 236 237 236 236 235 236 235 234 233 231 233 232 233 233 235 235 235 234 232 231 231 233 232 232 233 232 232 232 232 232 232
236 236 236 234 234 233 233 233 233 232 233 233 233 233 233 233 233 233 233 233 233 232 232 233 235 235 236 237 237 237 238 239 239 238 238 238 238 238 239 239 238 238 238 237 237 238 238 238 238 238 238 237 237 236 236 236 236 236 236 236 234 234 235 235 235 234 235 235 235 235 234 234 233 232 233 233 233 233 233 232 231 231 232 231 231
236 233 234 232 232 233 232 232 232 233 233 233 233 233 233 233 234 233 234 234 233 234 234 233 236 237 238 239 239 239 239 240 240 240 239 239 239 239 239 239 239 239 238 237 236 238 238 238 238 238 237 237 236 236 236 236 237 236 236 236 236 236 235 236 235 235 235 235 236 235 235 235 235 234 234 234 233 233 233 233 233 232 231 230 229
233 231 232 232 231 232 231 231 231 232 232 232 233 233 233 233 234 233 234 234 234 234 235 236 237 238 239 239 239 239 240 240 239 240 240 240 240 239 239 239 240 239 239 239 239 239 239 239 239 238 238 238 237 237 237 237 237 236 237 237 236 236 236 236 235 236 237 237 236 237 235 234 234 233 233 233 232 233 234 234 233 231 230 229 228
231 231 231 231 230 230 231 231 232 232 232 232 233 233 233 232 232 232 233 234 233 234 234 237 237 237 238 239 239 239 240 240 240 240 239 239 239 239 239 238 238 238 238 238 239 239 238 237 238 238 238 238 237 237 237 237 237 237 237 237 237 237 237 236 236 236 235 235 236 237 236 234 234 234 233 233 233 234 234 234 233 233 230 229 228
230 230 231 233 232 232 231 231 231 232 232 231 231 231 232 232 232 233 233 234 234 235 236 238 237 238 239 239 240 240 240 240 240 239 240 240 240 239 240 239 239 238 239 238 238 238 238 238 238 238 238 237 237 237 237 236 236 236 236 236 235 236 236 235 234 235 234 235 236 237 237 236 236 235 234 233 234 234 234 234 234 234 234 233 233
231 232 233 235 235 233 231 231 230 230 231 231 230 231 231 232 233 234 233 233 234 235 237 238 239 239 239 240 240 240 239 239 240 240 239 239 239 239 239 240 239 239 239 238 238 238 238 237 237 237 237 237 236 236 236 236 236 236 236 236 235 235 235 235 234 235 234 234 236 238 237 236 236 235 235 234 235 235 234 235 234 235 235 234 234
231 234 236 236 234 233 232 234 230 229 229 230 230 230 231 231 233 234 234 234 234 235 237 238 239 241 241 241 239 239 239 239 240 240 239 239 239 239 239 239 239 239 239 239 239 239 238 237 237 237 237 237 236 236 235 236 236 236 236 236 235 234 235 234 234 234 235 235 236 237 238 237 236 235 236 236 235 235 235 235 235 235 235 235 234
232 237 237 234 233 233 230 232 229 228 229 230 230 230 231 231 232 233 233 233 234 236 238 238 239 240 242 241 239 239 239 240 240 239 239 238 238 239 239 238 239 239 239 239 239 239 238 238 237 237 236 236 236 235 235 235 235 236 237 235 235 235 234 235 234 233 237 237 237 238 238 237 236 236 236 236 236 235 235 235 235 235 235 235 234
237 238 235 233 234 233 234 232 229 229 231 231 231 231 231 231 232 232 233 234 234 236 237 238 238 239 240 241 239 239 240 240 239 239 239 239 238 238 239 238 239 239 238 238 238 238 239 238 238 237 236 236 236 236 235 235 235 236 237 235 236 236 234 236 236 234 237 238 238 238 237 236 236 236 236 236 236 236 236 236 236 235 235 235 234
237 234 232 234 233 234 233 227 232 235 236 233 230 230 231 230 231 232 233 234 235 236 237 238 238 238 239 240 240 239 240 240 240 239 239 239 238 238 239 238 238 238 238 238 238 238 239 238 238 237 237 236 237 236 235 235 236 237 238 237 237 238 237 238 238 237 236 237 238 237 237 236 236 236 237 237 236 236 236 236 236 236 236 235 234
235 233 235 235 235 235 229 228 236 236 237 237 234 231 230 229 230 232 233 233 235 236 237 237 237 238 238 239 239 238 239 239 239 239 238 239 238 238 238 238 238 237 238 238 237 238 238 238 237 237 237 237 236 236 237 236 237 238 239 238 238 239 238 238 239 238 238 238 237 238 237 236 237 237 236 237 237 236 236 236 236 236 236 235 234
232 234 233 235 235 236 236 236 236 237 237 237 234 230 229 227 229 232 233 233 234 235 236 237 237 237 237 238 238 238 238 238 239 238 238 238 238 237 237 237 237 237 237 238 237 237 238 238 237 236 236 236 235 235 237 238 237 239 239 239 238 238 239 238 237 231 235 236 233 234 233 230 235 234 233 237 237 236 236 237 237 236 236 236 235
232 233 231 234 235 235 235 236 236 236 234 234 232 228 228 226 228 231 231 232 234 235 236 236 237 236 236 238 237 237 238 238 238 237 237 237 237 237 237 237 237 236 237 237 237 236 237 237 237 237 236 236 235 236 238 239 239 239 239 238 238 237 238 239 238 238 238 239 239 237 237 237 238 238 237 237 236 235 235 237 237 237 236 236 233
229 229 233 233 231 234 234 235 235 235 231 228 229 228 225 228 224 228 229 232 234 234 235 235 236 236 235 236 237 237 238 237 238 238 237 237 237 236 237 236 236 236 237 236 237 236 236 237 237 237 236 236 236 238 239 239 240 240 240 239 238 238 239 239 239 239 239 239 239 238 237 237 238 238 238 237 237 237 237 237 237 237 236 236 234
