data_and_outputs/predictor_data/120/bioclim_16.asc
NCOLS 1199 
NROWS 625 
XLLCORNER -17.966918 
YLLCORNER -10.0196949358429 
CELLSIZE 0.0416666688395203 
NODATA_value -9999 
[rows 0 to 36 of 625, columns 170 to 254 of 1199]
-9999 -9999 -9999 -9999 -9999 -9999 -9999 -9999 -9999 -9999 -9999 -9999 -9999 -9999 -9999 -9999 -9999 -9999 -9999 -9999 -9999 -9999 -9999 -9999 -9999 -9999 -9999 -9999 -9999 -9999 -9999 -9999 -9999 -9999 -9999 -9999 -9999 -9999 -9999 -9999 -9999 -9999 -9999 -9999 -9999 -9999 -9999 -9999 -9999 -9999 -9999 -9999 -9999 -9999 -9999 -9999 -9999 -9999 -9999 -9999 -9999 -9999 -9999 -9999 -9999 -9999 -9999 -9999 -9999 -9999 -9999 -9999 -9999 -9999 -9999 -9999 -9999 -9999 -9999 -9999 -9999 -9999 -9999 -9999 -9999
304 304 302 302 300 294 292 289 289 286 283 282 279 279 277 276 273 274 272 272 272 270 271 271 271 270 270 268 268 266 266 264 261 260 257 257 255 254 253 253 254 253 256 255 256 258 257 258 258 258 257 258 258 257 256 255 255 253 253 252 252 252 254 255 255 258 259 261 264 265 267 270 270 272 273 273 274 276 277 278 278 278 278 279 276
311 309 308 307 305 302 298 297 294 291 289 286 284 281 281 280 278 278 276 276 276 276 276 276 277 275 276 274 274 271 271 269 266 266 263 260 260 259 257 259 259 260 262 262 264 264 267 266 266 265 266 266 265 264 262 262 260 259 258 257 258 257 257 258 258 261 262 266 267 268 272 273 274 275 276 277 278 279 281 284 285 283 283 283 283
317 315 312 312 310 307 304 302 299 297 293 292 289 286 286 284 283 283 282 282 280 282 282 280 282 282 282 282 280 280 277 275 274 272 268 266 266 262 262 262 265 265 268 267 268 270 272 273 272 273 272 272 272 270 269 268 266 264 262 262 260 260 260 260 262 263 264 268 269 273 274 274 276 277 281 283 284 284 286 287 287 287 288 288 286
323 322 319 318 316 312 310 307 305 301 299 297 294 294 291 290 288 288 288 288 288 287 288 289 288 288 290 289 289 286 284 283 281 279 274 272 269 269 268 268 269 272 274 275 276 277 279 279 278 279 279 279 278 279 276 275 273 269 268 267 267 266 265 265 265 266 270 271 272 276 277 278 279 283 286 286 288 291 293 293 294 292 292 293 293
327 327 326 324 322 318 316 313 311 308 305 302 302 300 297 295 295 294 294 292 294 295 295 296 297 298 297 297 295 296 294 291 291 288 283 280 276 274 272 275 277 279 282 282 285 286 287 287 289 288 288 289 288 287 286 283 281 277 275 272 270 269 269 268 268 270 274 275 276 280 282 285 287 290 292 293 294 296 296 298 298 300 300 301 301
334 331 332 332 330 325 322 321 318 316 313 310 308 305 303 303 300 299 301 299 300 302 304 304 304 306 306 308 306 306 303 301 299 295 292 289 285 282 282 283 285 289 292 292 294 295 297 297 297 299 299 298 296 295 294 291 290 284 280 277 277 273 273 272 272 275 277 278 282 283 287 290 293 295 297 301 301 302 304 305 305 306 306 306 308
339 337 337 338 338 333 330 328 324 323 319 316 313 311 311 308 306 305 305 306 306 308 310 312 313 315 317 317 316 316 314 311 309 305 302 301 298 295 292 295 296 299 300 302 303 305 306 308 307 307 309 309 307 305 302 301 297 292 288 284 280 277 275 274 275 278 280 284 288 290 291 295 300 301 302 304 306 308 311 312 312 313 313 311 313
347 346 346 347 344 341 338 336 333 330 327 325 322 318 317 313 311 312 310 312 313 316 318 320 322 324 326 327 326 326 325 324 321 318 315 313 310 309 306 306 308 310 312 313 312 316 316 316 317 317 317 317 316 314 311 308 304 299 294 288 286 282 280 277 279 280 284 289 294 296 298 301 303 305 309 310 312 313 314 315 317 318 318 318 319
354 355 353 353 353 351 347 343 340 339 335 331 328 326 323 319 319 318 318 319 322 324 328 330 333 335 337 339 339 341 338 337 336 332 328 326 324 324 323 319 320 323 323 324 326 328 328 328 327 328 329 329 327 322 321 318 313 308 302 297 291 285 282 282 283 287 289 294 298 301 305 307 310 312 313 317 318 320 322 323 324 325 325 326 326
364 361 361 363 363 358 355 352 349 347 344 341 337 334 331 327 326 325 325 328 330 335 338 341 346 348 351 353 354 352 353 352 350 347 343 342 340 340 337 335 336 336 335 337 339 339 341 340 339 339 341 340 338 336 332 328 323 317 311 305 300 292 285 286 290 292 297 302 305 308 311 314 316 320 321 323 324 326 329 330 332 333 333 334 332
374 373 371 370 370 368 365 362 359 357 354 351 348 344 341 337 335 333 334 336 340 346 350 354 357 361 365 368 369 370 369 368 365 363 358 357 356 356 353 351 349 350 350 349 350 351 354 354 351 351 351 352 351 347 345 341 335 330 324 318 310 302 296 294 298 300 305 309 312 316 318 321 323 327 328 331 332 334 335 338 339 340 342 340 341
386 383 381 379 380 376 375 375 371 369 365 361 357 354 351 347 344 343 344 347 351 356 362 367 372 376 381 383 385 386 387 385 384 379 377 373 372 370 367 366 363 364 364 364 363 364 366 365 366 364 364 363 363 359 356 353 349 342 335 328 321 314 309 308 308 311 315 317 321 323 325 329 330 332 335 337 338 341 342 343 345 345 346 348 348
393 393 391 390 390 387 384 384 381 379 376 373 369 365 361 358 355 352 353 358 363 370 376 380 386 390 395 399 402 404 404 404 401 397 393 390 387 386 383 380 377 378 378 377 375 375 376 377 377 377 376 375 375 373 368 365 361 356 348 340 333 327 324 320 320 323 325 328 328 331 332 336 337 339 339 343 345 347 348 349 351 353 353 355 356
403 404 402 401 399 399 396 394 393 389 386 384 381 378 374 372 369 367 368 373 377 384 391 397 401 407 411 416 420 423 423 422 420 416 411 407 404 401 396 394 392 392 391 390 390 390 388 389 388 389 390 388 388 385 383 381 376 369 362 355 346 342 337 333 332 335 334 336 336 341 342 342 344 345 347 351 353 353 354 356 357 359 361 362 362
415 413 413 412 412 409 409 408 405 402 400 398 394 391 389 386 384 385 386 389 395 402 406 412 419 423 429 435 438 442 443 441 438 434 429 424 419 417 413 409 407 404 404 402 402 403 402 402 401 402 402 401 401 399 399 395 390 383 375 368 361 355 350 348 347 346 344 344 348 348 349 350 351 351 353 357 359 360 362 363 365 367 368 369 369
425 426 424 423 423 423 421 421 418 416 413 411 409 406 404 401 402 401 402 407 412 418 424 430 434 441 448 455 460 462 463 463 459 452 447 439 435 430 427 423 421 421 418 416 416 415 415 414 414 415 414 415 414 413 413 409 403 396 387 381 374 368 365 361 359 355 356 356 356 356 357 357 361 359 362 365 365 366 368 369 372 373 375 376 377
437 437 435 435 436 434 433 431 431 429 428 428 425 423 422 420 420 419 421 426 430 436 442 449 454 460 467 474 480 486 488 487 481 472 465 456 450 447 443 439 436 434 432 430 430 428 429 427 425 427 425 426 425 425 426 423 417 408 400 392 386 381 377 372 368 367 367 365 366 367 367 367 367 368 369 371 371 372 374 377 379 380 382 383 384
449 448 449 448 447 446 446 445 445 444 445 446 444 441 439 438 437 438 443 445 448 455 458 467 472 478 485 492 500 509 512 512 504 492 482 472 466 463 459 454 451 448 446 445 443 441 441 440 439 440 438 437 436 435 434 433 427 420 411 405 398 392 389 384 380 379 377 375 374 375 375 375 375 375 377 377 379 380 381 384 385 387 389 390 393
460 461 462 459 460 457 458 458 459 459 460 461 459 456 455 454 456 457 459 462 465 470 476 482 488 493 501 510 517 528 536 535 522 509 499 486 477 476 472 470 467 465 461 459 454 456 454 452 452 451 449 450 449 445 443 442 438 431 422 416 410 404 400 395 392 390 386 385 385 384 382 382 382 383 384 385 385 386 388 390 391 394 395 397 400
472 473 473 471 472 471 471 472 474 476 475 475 474 471 471 470 471 473 474 479 482 486 491 498 503 510 518 525 532 539 543 541 533 524 513 503 493 488 485 483 481 479 475 471 468 469 466 465 464 464 462 461 458 455 455 452 446 440 433 426 421 414 410 407 403 400 396 396 395 392 392 391 389 390 391 391 392 393 394 396 397 399 401 403 405
484 484 484 484 485 486 486 486 492 492 490 491 489 487 486 488 489 488 493 495 498 501 506 512 519 524 531 537 544 547 549 548 543 535 526 517 508 503 499 496 494 492 490 483 482 482 481 479 476 475 473 470 467 464 462 460 453 448 442 438 431 426 421 418 413 409 407 404 403 402 402 399 398 399 399 398 399 400 400 402 404 403 404 408 409
495 496 495 496 499 499 500 500 504 506 505 506 504 504 502 503 502 506 506 510 513 515 520 527 533 538 543 547 552 557 557 556 551 544 538 531 525 519 513 509 504 503 500 496 494 496 493 490 486 485 484 480 478 473 469 469 465 457 452 447 443 439 433 428 424 420 417 414 413 410 410 408 407 407 407 407 407 406 406 408 408 409 410 413 414
507 510 510 511 511 511 512 516 519 518 520 519 518 517 518 516 517 520 522 524 527 531 535 540 546 549 554 558 560 564 564 563 558 554 548 544 536 531 527 524 519 516 513 508 507 505 503 500 497 495 493 490 488 485 478 476 474 469 461 456 453 450 444 439 435 430 428 424 421 420 418 416 413 413 413 413 411 411 413 413 414 415 416 419 418
521 522 522 523 524 524 528 530 536 534 530 532 533 532 532 533 534 535 536 541 543 545 548 553 556 560 563 567 569 572 572 569 566 562 557 553 548 542 537 535 531 528 524 519 518 515 513 511 508 504 502 500 497 494 488 485 484 478 471 466 464 459 454 449 445 441 436 434 431 427 427 424 423 423 421 420 417 417 419 419 420 421 423 421 422
536 535 535 537 538 539 542 551 548 548 549 547 545 545 546 548 549 550 551 553 556 558 563 564 568 570 574 576 577 580 580 576 574 570 566 562 559 554 550 547 542 539 535 532 530 527 525 520 517 515 512 509 506 501 499 496 493 488 480 478 472 467 464 459 455 451 447 442 440 437 437 434 431 430 427 426 424 424 426 425 425 424 426 427 425
547 545 546 550 551 551 557 563 564 563 564 563 562 561 562 563 564 564 565 567 568 571 573 577 578 580 583 584 586 586 585 584 582 577 574 571 568 564 559 558 555 552 548 544 543 540 536 531 528 524 521 519 516 510 509 505 503 497 490 488 483 476 471 467 464 460 456 452 448 446 445 442 440 437 434 433 433 431 432 431 431 430 432 430 431
557 559 560 561 562 563 569 572 576 578 577 577 575 576 574 575 578 579 579 580 580 582 583 586 587 589 592 592 593 593 592 592 590 586 583 581 578 576 571 568 566 562 558 554 551 550 547 542 538 535 530 528 524 520 517 514 512 507 499 497 492 486 482 477 472 470 466 461 457 454 451 451 447 444 443 441 440 439 439 437 436 437 435 436 436
568 571 574 574 575 576 577 587 589 590 589 589 590 589 590 588 589 590 591 592 593 593 596 596 597 600 600 602 602 602 600 600 599 594 592 591 588 585 581 579 576 573 569 566 564 559 556 553 546 544 541 538 535 529 526 523 521 516 511 507 502 495 491 486 482 477 473 470 467 463 461 457 457 454 450 450 449 446 443 443 443 443 441 442 440
579 583 584 585 593 595 599 601 600 602 601 603 603 605 603 604 603 602 605 602 605 605 605 608 608 609 609 609 609 609 608 607 606 603 601 601 598 596 594 590 585 582 580 576 574 571 566 562 558 556 551 548 544 538 535 533 531 526 520 513 510 506 501 496 492 487 483 479 474 472 470 468 464 461 461 458 455 453 451 451 449 450 447 448 446
593 595 599 606 610 609 608 610 614 614 615 615 617 617 617 616 617 616 615 615 615 617 617 617 617 618 618 618 616 617 615 615 614 611 610 608 608 606 602 599 596 593 591 588 582 579 577 571 567 565 560 557 553 550 547 544 542 535 530 522 519 517 510 505 501 496 492 489 484 482 481 477 474 470 467 466 462 460 459 457 456 454 454 452 453
601 603 613 617 618 617 618 619 621 624 626 628 627 628 629 630 629 629 628 628 627 628 627 627 626 626 626 626 625 624 623 622 619 618 618 617 617 614 610 608 605 603 600 597 593 588 587 583 576 573 569 565 562 559 556 554 551 544 539 534 528 524 520 516 511 506 502 498 495 492 488 485 481 478 475 473 470 468 466 464 463 460 460 458 458
611 612 624 629 626 625 626 630 633 635 637 639 640 640 640 640 641 640 640 637 635 635 635 635 633 634 633 633 632 631 631 629 628 626 626 624 625 623 619 617 616 615 611 608 602 599 594 591 584 581 577 574 571 568 566 562 558 552 548 543 536 533 529 525 520 515 511 507 505 501 498 494 491 487 484 481 479 475 473 471 469 467 466 464 462
620 619 623 627 625 637 639 643 644 646 648 649 649 650 650 650 649 649 648 647 645 644 643 643 642 642 642 641 640 640 639 638 636 633 632 631 633 632 630 626 624 622 620 615 613 608 605 600 596 591 588 586 580 577 577 572 565 561 557 550 545 542 538 533 529 525 521 517 512 508 507 503 500 494 492 488 486 483 479 478 475 473 471 471 468
626 632 637 635 642 649 648 652 653 655 654 656 658 658 659 660 660 659 659 656 655 652 651 650 649 649 647 647 647 646 646 644 643 641 640 639 639 638 637 635 633 633 629 624 621 617 614 608 605 600 596 595 591 588 583 580 573 570 565 561 557 551 547 542 539 535 531 526 523 518 514 511 507 504 501 497 494 490 487 484 482 479 477 476 474
632 637 638 642 644 652 654 655 658 660 662 665 667 665 665 668 668 667 667 665 663 661 659 658 657 656 655 655 654 653 653 652 651 648 647 647 645 645 645 642 644 642 638 632 628 625 623 617 613 608 605 604 599 594 590 586 582 579 575 571 567 562 558 552 548 544 541 537 534 527 523 520 516 514 510 505 501 498 496 491 488 486 483 479 480
642 646 655 656 654 659 664 663 667 668 669 673 674 675 675 675 676 676 676 675 670 669 665 664 663 663 660 660 659 660 660 659 656 655 653 653 654 653 650 650 650 649 646 640 635 632 631 625 618 615 612 610 605 602 600 598 594 589 585 580 576 573 567 564 561 554 550 546 543 536 532 529 525 523 517 514 510 505 503 500 494 491 488 486 487
