data_and_outputs/predictor_data/120/bioclim_17.asc
NCOLS 1199 
NROWS 625 
XLLCORNER -17.966918 
YLLCORNER -10.0196949358429 
CELLSIZE 0.0416666688395203 
NODATA_value -9999 
[rows 273 to 311 of 625, columns 979 to 1067 of 1199]
39 42 43 45 48 51 53 57 59 62 66 68 70 73 78 79 80 79 78 76 73 71 68 66 64 62 60 58 57 55 54 52 51 50 49 48 48 47 46 46 45 44 43 43 42 42 41 40 40 40 39 39 39 39 39 39 39 38 38 38 38 39 38 39 39 40 40 40 40 41 41 41 41 40 40 40 40 39 39 38 38 37 36 37 36 35 34 34 33
42 43 45 47 50 52 55 58 61 64 67 70 73 76 78 80 82 82 79 77 74 73 70 68 66 64 62 60 59 57 56 54 53 51 51 50 49 48 47 47 46 45 44 44 43 43 42 42 41 41 40 40 40 39 40 40 40 40 40 40 40 40 40 40 40 41 41 41 41 41 42 42 43 42 42 41 41 41 40 40 39 38 38 38 37 37 36 35 34
43 45 47 49 52 54 57 59 62 65 68 70 73 76 79 80 81 81 80 78 76 74 72 70 68 65 63 61 60 58 56 55 55 54 52 51 50 49 49 48 47 46 45 45 44 43 43 43 42 41 41 41 41 41 41 41 41 41 41 41 41 41 41 42 42 42 43 42 43 43 43 44 44 44 44 44 43 42 41 41 40 40 39 38 38 38 37 36 35
45 47 49 51 53 55 58 60 63 66 68 71 74 76 79 80 80 81 79 79 77 75 73 71 68 67 65 63 61 60 58 57 55 54 53 52 51 51 50 49 48 47 47 46 46 45 44 44 43 43 43 42 42 42 42 42 42 42 42 42 42 43 42 43 43 43 44 44 44 45 45 46 46 46 45 45 44 44 43 41 41 41 40 39 39 39 39 37 36
47 49 51 53 55 58 60 62 65 67 70 72 74 77 79 80 80 81 80 80 78 76 74 72 70 68 66 65 63 62 60 59 58 56 55 54 53 52 51 50 50 49 49 47 47 46 46 45 45 45 44 44 44 43 43 44 44 44 44 44 44 44 44 44 44 45 45 46 46 46 47 47 48 48 47 47 45 45 44 43 43 42 41 41 40 40 39 39 38
51 53 54 55 58 60 62 65 67 69 72 74 76 78 80 81 82 82 82 82 79 78 76 74 72 71 69 67 66 64 63 61 60 59 57 56 56 54 53 53 52 51 50 49 49 49 48 48 47 47 46 46 46 46 45 45 45 46 46 46 46 46 46 46 46 47 47 47 49 49 49 49 50 50 49 48 48 47 46 45 44 44 44 42 42 42 41 40 40
54 56 57 59 61 63 65 67 70 72 74 77 78 80 82 83 83 83 83 83 81 80 79 77 75 73 72 70 69 67 66 64 62 61 60 59 58 57 56 55 54 53 53 52 51 51 50 49 49 49 48 48 48 48 47 48 47 48 48 47 48 48 48 48 49 49 49 50 51 51 52 52 52 52 52 51 50 48 48 48 47 47 46 45 44 44 43 42 42
57 58 59 61 63 65 67 69 72 74 76 78 80 82 83 84 84 84 85 84 83 81 80 78 77 76 74 72 71 69 68 66 65 63 62 61 60 59 58 56 56 55 55 54 53 53 52 52 51 51 50 50 50 49 49 50 49 50 49 49 49 49 50 50 50 51 51 52 52 52 53 53 53 53 53 52 51 51 51 50 50 49 49 47 46 45 45 44 44
58 60 61 63 65 67 68 70 73 75 77 78 81 82 83 84 85 85 84 84 83 82 80 79 78 76 74 73 71 70 68 67 66 65 63 63 61 60 59 58 58 57 56 55 55 54 53 53 53 53 52 52 52 51 51 50 51 51 51 50 51 50 51 51 51 52 53 52 54 53 54 54 54 54 54 53 52 52 52 52 51 51 51 49 48 46 46 46 46
61 62 63 65 67 69 71 72 74 76 78 79 81 82 84 85 84 84 84 84 84 83 81 80 79 77 76 74 73 72 70 68 67 66 65 63 63 62 61 60 59 58 57 57 56 56 55 55 54 54 54 53 52 53 52 52 53 52 52 52 52 52 52 52 53 53 54 54 55 54 55 55 55 54 55 54 54 53 53 53 53 52 52 50 49 49 48 47 46
64 65 66 68 70 71 73 74 76 78 80 81 83 83 84 86 86 86 86 86 85 84 83 82 81 79 78 77 75 74 73 71 69 68 67 66 65 64 63 62 61 61 59 59 59 57 57 57 56 56 55 54 54 54 54 54 54 54 54 54 53 54 54 54 54 55 56 56 56 57 57 56 57 56 56 55 55 55 55 54 54 54 54 53 53 51 50 50 49
66 67 68 70 72 73 75 76 78 80 82 83 84 86 86 87 87 87 87 87 87 86 85 83 83 81 80 78 78 76 75 73 72 71 70 68 67 66 66 65 63 63 62 61 61 60 60 59 58 58 57 57 56 56 56 56 56 56 56 56 56 56 56 56 57 57 58 58 58 58 58 58 59 58 58 57 57 57 56 56 56 55 55 55 54 53 53 52 52
69 70 71 73 74 76 77 78 80 82 83 84 85 86 88 88 88 88 88 88 87 86 86 85 84 82 81 80 79 78 77 75 74 73 72 70 69 68 67 66 65 64 64 64 62 62 61 61 60 60 59 59 58 58 58 57 57 57 57 57 58 58 58 58 58 59 59 59 59 59 59 59 60 59 59 59 59 59 59 58 58 58 58 57 56 55 55 54 53
71 72 73 74 76 77 78 79 81 82 84 85 86 86 87 88 88 88 88 87 87 87 85 85 84 83 81 80 79 78 78 76 75 73 72 71 69 69 68 67 66 65 65 64 64 63 62 62 61 61 60 59 59 59 59 59 59 59 59 58 58 59 59 59 59 59 60 60 60 60 60 60 60 60 60 60 60 60 60 60 58 58 58 57 57 56 56 56 55
73 74 75 76 77 79 80 81 83 84 85 85 86 87 88 89 89 89 89 88 88 87 87 86 85 84 82 82 80 79 78 77 76 74 73 72 72 70 69 69 68 67 66 66 65 64 63 63 63 62 62 61 61 61 61 61 61 61 61 60 61 60 60 61 61 61 61 61 61 61 61 60 61 61 62 62 61 61 61 60 60 60 59 58 58 58 57 57 56
76 77 77 79 80 81 82 83 85 85 87 87 88 89 90 90 90 90 90 90 90 89 88 88 87 86 84 83 82 81 80 79 78 77 76 75 73 72 72 71 69 69 69 68 67 66 66 66 64 63 63 63 63 63 63 63 62 62 62 63 63 62 63 63 63 63 63 63 63 63 63 62 63 63 63 63 63 63 63 62 62 62 61 61 60 60 59 58 58
78 79 80 81 82 83 84 85 86 87 88 89 89 90 91 91 92 92 92 91 91 91 89 88 89 88 86 85 84 83 82 81 80 79 78 77 76 75 74 74 72 71 71 69 69 68 67 67 67 66 66 65 65 65 65 65 65 65 65 64 64 64 64 64 64 64 64 65 65 65 66 66 66 65 65 65 65 65 65 64 64 63 63 63 63 62 61 61 60
80 81 82 83 84 85 86 86 88 88 89 90 90 91 92 93 92 92 92 92 91 91 90 90 89 89 87 86 85 84 83 83 81 80 80 79 77 76 76 75 73 73 72 71 71 70 69 69 68 68 67 67 67 66 66 66 66 66 66 66 66 66 66 65 66 65 65 66 66 67 67 67 67 67 66 67 66 66 66 66 66 66 65 64 64 64 63 62 62
81 81 83 83 84 85 86 86 87 88 89 90 90 91 92 92 91 91 91 92 91 90 90 90 90 89 88 87 86 85 84 83 82 82 80 79 78 77 76 76 75 74 73 72 72 71 70 69 69 69 69 68 68 68 68 67 67 67 67 68 67 67 66 66 66 66 66 67 67 67 67 68 68 68 67 68 67 68 67 67 67 67 66 66 65 65 64 64 64
82 83 84 84 86 87 88 87 89 90 90 90 92 92 92 93 93 93 92 91 92 91 91 90 90 89 89 88 87 87 85 84 83 82 81 80 80 78 78 78 76 76 74 74 74 73 72 71 71 70 70 70 70 69 69 69 69 69 68 68 68 68 68 68 67 68 68 69 69 69 69 69 70 69 69 69 69 69 69 68 68 68 68 68 67 66 66 66 65
85 87 86 87 88 89 90 90 91 92 94 94 93 93 94 94 94 94 94 93 93 93 92 92 92 91 90 89 89 89 87 86 85 84 83 82 81 81 80 79 79 78 77 76 76 75 74 73 73 73 72 72 72 71 71 71 71 70 70 70 70 70 70 69 69 70 70 71 71 71 71 71 71 71 71 71 70 71 71 70 70 70 70 70 69 68 68 68 68
88 89 88 90 90 91 91 93 94 95 95 96 96 96 95 96 96 96 96 96 94 94 94 93 93 92 91 91 90 89 89 88 86 86 85 84 83 82 81 81 81 80 79 79 77 77 75 75 75 75 74 74 74 74 73 73 73 72 72 72 72 72 72 71 72 72 72 73 73 73 73 73 72 72 73 72 73 73 73 72 72 72 72 71 71 71 70 70 70
89 90 91 91 92 93 94 94 95 95 96 97 97 97 97 96 96 96 96 96 96 95 94 94 94 93 92 91 91 89 88 88 87 87 86 85 84 84 83 82 81 81 80 79 78 78 78 77 77 76 76 75 75 75 75 74 74 74 72 73 73 73 72 73 72 73 73 74 74 74 74 74 74 74 74 74 74 75 74 74 74 73 73 74 73 73 73 73 72
91 92 92 93 93 94 95 95 96 96 97 97 98 98 97 97 96 96 96 96 96 96 95 94 93 92 91 91 90 90 89 89 87 86 86 86 84 84 84 83 82 82 80 80 80 79 78 78 78 77 76 76 76 76 76 75 75 75 74 74 74 73 74 73 73 74 74 74 74 75 75 76 74 75 74 75 75 75 75 75 75 74 75 75 75 74 74 74 74
94 95 94 95 96 96 96 96 96 97 97 97 97 98 98 97 97 96 96 96 96 97 96 96 95 95 93 93 93 92 90 90 89 88 87 86 86 86 85 84 83 83 83 81 81 81 80 80 80 79 78 77 77 77 77 77 77 76 76 75 75 75 75 75 75 75 75 76 76 76 76 77 76 77 77 77 77 77 77 77 77 78 77 77 77 77 77 77 76
96 97 97 97 99 99 98 98 98 98 99 99 99 99 100 99 99 98 98 98 98 97 97 97 97 97 95 95 94 94 93 92 92 91 89 87 87 87 87 86 85 85 84 83 83 82 82 81 81 80 80 80 79 79 79 79 78 78 77 77 78 77 77 77 77 77 77 77 78 78 79 79 78 79 80 80 80 80 79 79 80 80 80 80 80 79 79 79 78
100 99 99 100 101 100 100 100 100 100 100 100 100 100 100 100 99 99 99 99 98 98 98 98 97 96 96 95 95 94 94 93 93 92 91 90 89 89 88 88 88 87 86 85 84 84 84 83 82 82 82 82 82 81 80 80 80 80 79 79 79 79 79 79 79 78 79 80 80 80 80 81 80 81 82 82 82 82 82 82 82 82 82 82 81 81 82 82 82
101 101 100 100 102 102 101 100 101 100 101 100 100 101 101 100 100 99 99 99 99 98 98 97 97 96 96 95 95 94 94 92 93 93 93 91 89 89 88 88 87 87 86 85 85 85 85 83 83 83 83 83 82 82 82 82 81 80 80 80 80 80 79 80 79 80 81 80 81 82 81 81 82 82 83 83 84 83 84 84 83 83 83 83 84 84 83 83 83
101 101 101 101 101 102 102 101 100 100 101 101 100 100 100 100 99 99 99 99 98 98 97 97 96 95 95 95 94 94 92 93 93 92 91 91 91 90 90 88 88 86 86 85 85 85 85 84 83 83 83 82 83 83 83 82 81 81 81 81 81 81 81 80 80 80 81 81 82 83 82 83 83 83 84 85 84 85 85 85 85 85 84 84 85 85 84 85 85
102 101 103 101 102 102 102 102 101 100 100 101 100 100 100 100 100 99 99 98 98 98 96 96 96 96 94 94 93 93 92 92 93 92 93 92 92 90 90 89 89 87 87 87 86 86 86 85 84 83 83 83 83 83 83 83 81 82 83 83 82 81 81 81 81 81 82 82 82 83 83 84 85 84 85 86 86 86 85 86 86 86 86 85 85 85 86 86 86
101 102 103 101 102 102 103 103 102 101 101 100 101 100 101 100 100 99 99 99 98 98 97 96 96 94 94 94 94 93 93 93 94 94 93 92 91 91 90 90 89 89 88 87 87 87 87 86 86 85 85 83 83 83 83 83 83 84 83 83 83 83 83 83 83 83 82 83 83 84 85 85 86 86 86 86 87 87 87 87 87 88 88 87 87 87 87 87 88
103 103 103 103 102 102 104 103 102 101 101 101 102 101 101 101 100 100 100 99 98 98 97 97 96 94 94 94 94 93 93 93 93 92 91 91 90 90 89 89 90 90 89 89 88 88 88 87 86 86 86 86 84 85 84 84 84 83 84 84 83 83 83 83 84 83 83 84 84 85 85 87 87 87 87 87 88 88 88 88 88 88 89 89 89 89 89 88 88
103 102 102 102 102 102 102 101 102 102 102 101 103 102 101 101 101 100 100 99 98 98 98 97 95 94 94 94 93 93 92 92 92 91 91 90 90 89 88 88 89 89 90 89 88 88 88 88 87 87 87 86 86 86 85 85 84 84 84 84 84 84 83 83 84 84 84 84 85 85 86 87 87 87 88 89 89 89 89 90 90 91 90 90 89 90 90 90 90
103 103 103 104 103 103 103 103 103 104 104 103 103 102 101 101 101 100 100 100 98 98 98 97 96 95 95 93 93 92 92 91 91 91 91 90 90 88 89 89 89 89 89 88 89 88 88 88 87 88 87 87 86 86 86 86 86 85 86 86 86 86 85 84 84 84 85 86 86 87 87 88 89 89 89 90 90 91 91 90 92 92 92 91 91 91 92 92 91
105 104 105 105 105 103 105 104 104 105 104 104 103 103 103 103 102 101 101 100 99 98 98 97 97 95 95 94 93 93 92 91 91 91 90 90 90 89 89 89 88 88 88 88 89 89 89 89 88 89 87 87 87 87 87 87 87 86 87 86 87 86 86 86 86 86 86 87 88 88 88 88 89 89 90 90 91 92 92 92 92 93 93 93 92 93 93 94 94
105 105 106 105 105 105 106 105 105 106 105 105 105 104 103 104 102 102 102 101 100 99 98 97 97 96 95 94 93 93 93 92 91 91 90 90 90 90 89 89 88 88 88 89 89 90 91 90 89 88 88 87 88 88 88 88 88 88 88 88 88 88 88 87 88 88 88 88 89 89 90 90 90 91 91 92 93 94 93 93 94 94 94 95 94 95 94 94 96
106 107 107 107 106 105 106 105 107 106 106 104 105 105 105 105 104 104 102 101 101 101 100 98 98 96 95 94 94 93 93 92 92 92 90 90 90 90 89 89 88 88 89 89 89 89 89 90 89 89 89 88 89 88 89 89 89 89 88 88 88 89 89 89 89 89 90 89 90 91 91 92 91 91 92 93 94 94 94 95 95 96 95 96 96 96 96 96 97
108 108 108 107 106 107 107 106 107 106 105 104 104 105 104 104 105 104 103 101 101 100 100 99 98 96 95 94 94 93 92 91 91 92 91 90 90 91 89 89 89 89 88 88 89 88 89 90 88 89 88 88 89 90 90 90 91 90 90 90 90 90 90 90 90 91 91 91 91 92 92 92 92 93 93 94 95 95 94 96 97 97 98 97 97 98 97 97 99
109 108 109 109 108 107 108 108 106 107 105 104 104 105 105 104 104 105 103 102 100 99 101 100 98 97 96 95 94 93 92 92 92 92 91 90 90 91 90 90 90 90 89 88 89 88 88 87 88 87 87 90 91 90 91 91 91 91 92 91 91 91 91 91 91 92 93 93 92 94 94 94 94 95 95 96 96 97 97 98 98 99 100 99 99 99 100 99 100
