data_and_outputs/predictor_data/120/bioclim_12.asc
NCOLS 1199 
NROWS 625 
XLLCORNER -17.966918 
YLLCORNER -10.0196949358429 
CELLSIZE 0.0416666688395203 
NODATA_value -9999 
[rows 180 to 215 of 625, columns 243 to 323 of 1199]
1547 1531 1514 1506 1497 1484 1476 1470 1466 1464 1459 1455 1448 1444 1439 1431 1438 1439 1433 1429 1434 1437 1432 1433 1429 1415 1416 1414 1410 1401 1395 1387 1386 1375 1373 1366 1366 1363 1356 1355 1349 1337 1323 1313 1304 1296 1288 1281 1272 1269 1259 1246 1231 1217 1212 1205 1207 1204 1191 1184 1172 1170 1171 1174 1169 1166 1164 1162 1157 1154 1159 1170 1176 1177 1181 1188 1194 1201 1202 1193 1189
1539 1524 1506 1493 1488 1478 1470 1460 1458 1458 1454 1447 1442 1437 1435 1430 1431 1429 1426 1426 1432 1429 1424 1426 1425 1414 1409 1410 1403 1396 1389 1383 1373 1369 1365 1365 1358 1355 1349 1348 1344 1331 1315 1305 1296 1292 1285 1275 1268 1261 1254 1240 1227 1215 1206 1202 1206 1202 1190 1177 1173 1173 1171 1171 1165 1162 1166 1166 1159 1153 1154 1166 1169 1181 1182 1187 1194 1199 1200 1191 1189
1535 1517 1501 1484 1477 1469 1460 1456 1451 1450 1449 1443 1438 1435 1429 1425 1422 1420 1420 1421 1427 1424 1420 1416 1417 1408 1396 1402 1400 1395 1386 1380 1371 1365 1359 1354 1352 1347 1345 1345 1338 1323 1310 1299 1290 1286 1276 1272 1262 1251 1246 1237 1223 1207 1203 1198 1199 1193 1185 1173 1172 1170 1166 1166 1162 1158 1160 1161 1155 1151 1153 1158 1170 1175 1184 1184 1190 1191 1193 1190 1183
1533 1508 1492 1476 1466 1459 1456 1449 1447 1445 1442 1440 1440 1432 1425 1420 1413 1414 1422 1424 1422 1421 1412 1408 1408 1399 1388 1395 1387 1382 1376 1372 1362 1358 1354 1344 1343 1343 1342 1337 1331 1321 1306 1291 1282 1279 1275 1269 1258 1245 1239 1232 1215 1207 1196 1192 1190 1183 1174 1171 1168 1163 1164 1163 1157 1153 1151 1153 1149 1148 1149 1155 1165 1173 1177 1177 1183 1185 1186 1182 1180
1528 1503 1483 1472 1462 1455 1451 1447 1447 1447 1443 1441 1436 1430 1421 1418 1411 1411 1413 1416 1416 1416 1408 1401 1395 1395 1383 1385 1377 1374 1375 1366 1361 1354 1344 1337 1335 1337 1332 1331 1321 1317 1300 1289 1278 1275 1271 1265 1253 1244 1232 1224 1217 1207 1198 1190 1178 1173 1172 1168 1161 1161 1166 1161 1153 1151 1148 1147 1146 1145 1145 1153 1159 1165 1172 1169 1173 1175 1180 1180 1176
1533 1513 1483 1467 1459 1456 1451 1449 1449 1449 1448 1441 1437 1430 1426 1418 1410 1408 1410 1413 1413 1412 1404 1398 1391 1384 1377 1377 1370 1370 1369 1362 1355 1352 1343 1334 1336 1329 1334 1326 1313 1304 1294 1282 1275 1271 1263 1261 1251 1239 1231 1222 1212 1203 1196 1190 1178 1169 1165 1163 1159 1162 1165 1159 1155 1156 1153 1147 1145 1146 1143 1149 1159 1162 1167 1161 1164 1173 1174 1176 1176
1541 1533 1497 1465 1459 1458 1455 1457 1455 1456 1450 1443 1436 1433 1429 1421 1408 1408 1410 1407 1405 1407 1401 1396 1390 1380 1374 1373 1361 1364 1359 1357 1358 1345 1338 1327 1329 1329 1333 1320 1306 1296 1293 1276 1271 1263 1261 1256 1245 1232 1223 1219 1214 1201 1197 1190 1181 1174 1164 1157 1160 1161 1162 1157 1161 1161 1158 1150 1147 1146 1142 1142 1151 1159 1161 1158 1166 1171 1164 1164 1166
1548 1533 1515 1490 1523 1513 1465 1453 1457 1456 1450 1447 1442 1438 1430 1417 1409 1402 1404 1400 1408 1411 1395 1391 1379 1371 1369 1362 1356 1356 1348 1350 1349 1342 1335 1322 1323 1329 1329 1317 1304 1294 1282 1274 1268 1261 1258 1249 1236 1226 1219 1215 1210 1205 1198 1187 1174 1171 1162 1153 1157 1157 1157 1153 1154 1150 1149 1145 1143 1140 1140 1142 1146 1153 1153 1152 1159 1160 1159 1156 1156
1562 1541 1527 1521 1517 1519 1497 1471 1460 1453 1450 1445 1437 1442 1431 1432 1410 1399 1399 1410 1420 1393 1389 1384 1378 1370 1359 1358 1347 1348 1340 1347 1342 1335 1332 1326 1316 1321 1319 1313 1301 1292 1281 1268 1262 1254 1248 1242 1228 1221 1213 1213 1210 1193 1184 1175 1166 1163 1158 1150 1151 1149 1148 1151 1152 1147 1144 1142 1140 1140 1137 1135 1146 1144 1146 1154 1165 1157 1153 1154 1147
1571 1552 1535 1524 1518 1505 1500 1476 1465 1461 1457 1451 1440 1439 1431 1430 1414 1399 1397 1403 1393 1387 1383 1377 1375 1372 1350 1352 1341 1338 1334 1339 1338 1333 1326 1321 1310 1316 1313 1309 1301 1284 1277 1263 1256 1250 1245 1237 1225 1214 1210 1210 1199 1188 1172 1163 1159 1158 1150 1150 1147 1147 1146 1150 1150 1147 1144 1138 1138 1137 1133 1134 1139 1139 1148 1169 1178 1155 1151 1147 1141
1587 1569 1553 1534 1523 1509 1498 1489 1483 1475 1468 1460 1452 1439 1434 1424 1412 1401 1398 1395 1388 1388 1380 1370 1375 1363 1348 1348 1339 1332 1333 1331 1335 1331 1326 1318 1307 1312 1306 1304 1298 1282 1272 1262 1252 1246 1243 1232 1220 1212 1208 1205 1192 1182 1168 1158 1153 1153 1148 1148 1147 1150 1148 1150 1150 1145 1145 1140 1137 1133 1134 1136 1132 1134 1151 1172 1170 1157 1147 1140 1139
1603 1585 1570 1552 1537 1521 1512 1502 1506 1535 1501 1467 1453 1446 1436 1425 1413 1400 1400 1392 1389 1382 1373 1367 1379 1360 1344 1337 1336 1327 1329 1327 1325 1328 1319 1306 1303 1303 1295 1301 1290 1280 1269 1257 1249 1240 1239 1229 1216 1209 1207 1198 1188 1172 1161 1159 1159 1157 1150 1149 1149 1150 1149 1152 1147 1144 1145 1141 1136 1136 1136 1138 1136 1131 1154 1156 1153 1155 1143 1141 1137
1619 1600 1588 1570 1557 1541 1527 1514 1509 1523 1517 1512 1522 1452 1441 1433 1418 1402 1397 1392 1385 1376 1373 1363 1365 1357 1343 1338 1329 1322 1322 1320 1316 1315 1312 1308 1295 1290 1286 1290 1284 1275 1263 1249 1242 1240 1236 1224 1211 1206 1199 1192 1180 1164 1157 1163 1157 1157 1151 1147 1148 1146 1147 1146 1144 1140 1141 1138 1138 1141 1138 1141 1138 1135 1134 1142 1148 1149 1143 1136 1142
1634 1621 1604 1583 1572 1557 1546 1526 1517 1507 1521 1503 1524 1465 1439 1433 1417 1405 1396 1390 1381 1375 1369 1364 1361 1357 1344 1337 1327 1320 1314 1312 1308 1301 1302 1299 1294 1284 1278 1278 1279 1267 1256 1245 1244 1237 1225 1215 1204 1197 1195 1183 1171 1161 1155 1155 1151 1151 1145 1142 1142 1141 1146 1148 1145 1142 1141 1136 1137 1138 1141 1142 1139 1133 1125 1140 1150 1142 1137 1135 1134
1649 1634 1619 1597 1584 1570 1557 1531 1519 1511 1501 1497 1540 1479 1446 1434 1423 1408 1398 1394 1386 1378 1375 1367 1365 1367 1349 1343 1331 1316 1314 1306 1300 1297 1290 1286 1283 1278 1274 1273 1276 1259 1249 1243 1236 1229 1222 1215 1205 1192 1188 1175 1164 1155 1151 1148 1151 1147 1142 1141 1141 1141 1142 1143 1147 1143 1142 1141 1139 1136 1139 1137 1136 1127 1123 1136 1146 1135 1127 1130 1131
1674 1652 1635 1620 1596 1583 1565 1545 1540 1536 1515 1513 1489 1484 1451 1439 1427 1408 1403 1395 1388 1384 1380 1366 1362 1365 1345 1343 1330 1320 1311 1307 1300 1299 1293 1288 1279 1274 1269 1270 1273 1260 1244 1236 1230 1226 1224 1210 1199 1187 1177 1168 1159 1155 1151 1149 1148 1144 1141 1139 1140 1143 1140 1144 1144 1143 1142 1141 1140 1142 1138 1135 1129 1125 1122 1133 1141 1130 1123 1131 1122
1698 1677 1653 1634 1614 1595 1580 1565 1557 1555 1552 1576 1542 1486 1464 1440 1431 1414 1406 1398 1388 1383 1376 1365 1359 1363 1342 1342 1335 1322 1314 1306 1303 1297 1293 1283 1279 1271 1270 1268 1269 1264 1245 1234 1230 1223 1221 1213 1203 1192 1175 1161 1153 1149 1151 1145 1142 1139 1140 1138 1139 1143 1143 1147 1144 1143 1143 1146 1142 1138 1136 1134 1131 1127 1120 1122 1134 1122 1117 1128 1117
1713 1690 1676 1653 1635 1625 1612 1638 1615 1570 1587 1555 1525 1515 1474 1450 1440 1418 1407 1403 1395 1382 1372 1362 1362 1359 1341 1334 1334 1322 1315 1305 1301 1298 1294 1284 1276 1266 1264 1266 1273 1255 1243 1230 1228 1224 1214 1208 1194 1181 1173 1158 1153 1149 1144 1143 1142 1141 1141 1141 1142 1144 1145 1147 1149 1147 1146 1148 1143 1141 1140 1143 1138 1127 1121 1117 1119 1114 1114 1119 1113
1736 1726 1700 1680 1664 1652 1646 1687 1688 1612 1607 1579 1548 1589 1515 1458 1452 1421 1410 1405 1393 1378 1370 1362 1364 1347 1336 1332 1326 1318 1310 1301 1301 1298 1289 1280 1274 1262 1256 1261 1271 1247 1240 1230 1227 1218 1217 1206 1196 1180 1167 1158 1150 1147 1140 1140 1144 1143 1145 1145 1148 1149 1151 1150 1152 1153 1153 1151 1151 1144 1145 1146 1136 1128 1126 1118 1111 1111 1114 1110 1110
1762 1748 1728 1715 1698 1682 1675 1688 1700 1659 1625 1604 1557 1550 1487 1467 1450 1427 1412 1403 1392 1380 1374 1369 1362 1346 1333 1330 1321 1317 1309 1299 1297 1292 1287 1278 1269 1262 1254 1257 1258 1245 1234 1231 1225 1215 1216 1206 1195 1180 1167 1155 1150 1143 1139 1143 1145 1150 1149 1148 1149 1146 1145 1147 1152 1155 1165 1160 1155 1150 1145 1144 1137 1133 1129 1119 1108 1107 1112 1105 1107
1783 1754 1741 1741 1741 1698 1686 1673 1662 1675 1652 1618 1555 1559 1491 1477 1461 1432 1417 1409 1392 1384 1376 1384 1362 1343 1331 1328 1320 1315 1310 1295 1292 1286 1284 1279 1276 1266 1257 1248 1248 1241 1236 1233 1222 1218 1218 1209 1199 1185 1173 1159 1150 1143 1152 1154 1154 1153 1147 1148 1147 1143 1144 1149 1153 1164 1175 1180 1150 1143 1145 1139 1128 1129 1129 1126 1120 1102 1107 1103 1103
1805 1773 1756 1771 1742 1711 1688 1669 1664 1646 1622 1584 1553 1540 1495 1492 1463 1439 1417 1412 1396 1385 1377 1373 1363 1342 1330 1322 1316 1313 1305 1293 1285 1285 1279 1276 1273 1264 1255 1246 1240 1238 1236 1231 1223 1223 1221 1213 1201 1189 1174 1164 1156 1156 1159 1162 1156 1153 1150 1148 1148 1143 1143 1147 1149 1160 1166 1165 1147 1136 1132 1132 1125 1122 1128 1118 1110 1101 1100 1095 1097
1830 1795 1788 1767 1752 1748 1729 1702 1721 1671 1643 1601 1542 1514 1508 1488 1464 1444 1423 1403 1395 1385 1379 1369 1355 1339 1328 1322 1317 1309 1301 1292 1282 1281 1273 1273 1270 1264 1260 1251 1244 1239 1232 1228 1227 1228 1225 1215 1206 1197 1181 1169 1165 1159 1160 1162 1156 1150 1145 1146 1145 1139 1141 1143 1143 1148 1156 1145 1137 1135 1127 1122 1118 1119 1114 1107 1102 1098 1093 1091 1094
1825 1810 1809 1794 1763 1784 1780 1744 1717 1641 1627 1603 1537 1519 1505 1486 1466 1447 1427 1408 1397 1389 1380 1368 1353 1339 1327 1321 1320 1308 1298 1284 1277 1276 1272 1268 1271 1266 1256 1250 1245 1238 1232 1233 1233 1229 1228 1220 1207 1197 1184 1176 1173 1166 1163 1161 1158 1146 1144 1144 1142 1139 1140 1138 1134 1135 1142 1138 1129 1127 1122 1114 1110 1105 1103 1102 1097 1097 1096 1090 1086
1844 1850 1792 1796 1774 1782 1769 1722 1715 1640 1612 1580 1540 1520 1503 1485 1467 1452 1428 1414 1401 1392 1383 1368 1352 1338 1330 1321 1318 1303 1300 1289 1279 1274 1269 1274 1273 1265 1258 1255 1248 1241 1241 1238 1239 1235 1236 1226 1222 1206 1192 1188 1183 1175 1172 1165 1160 1152 1146 1146 1139 1136 1138 1130 1123 1128 1132 1134 1125 1118 1119 1117 1105 1102 1099 1095 1097 1103 1098 1088 1090
1864 1845 1820 1787 1817 1773 1755 1743 1674 1637 1604 1571 1552 1528 1505 1484 1468 1453 1435 1415 1404 1393 1385 1370 1353 1341 1334 1326 1318 1303 1299 1289 1280 1273 1272 1274 1274 1269 1263 1264 1253 1250 1243 1242 1241 1240 1239 1239 1225 1210 1199 1197 1194 1190 1180 1170 1162 1155 1149 1141 1137 1136 1131 1126 1119 1118 1127 1126 1119 1111 1110 1114 1109 1105 1099 1097 1099 1100 1095 1089 1091
1852 1826 1844 1770 1826 1779 1722 1702 1670 1632 1610 1585 1569 1533 1511 1495 1478 1457 1435 1417 1407 1397 1387 1371 1357 1340 1333 1326 1312 1305 1297 1285 1277 1273 1273 1275 1277 1278 1274 1271 1257 1249 1247 1249 1248 1249 1244 1240 1230 1215 1206 1207 1201 1195 1188 1175 1167 1159 1149 1141 1134 1131 1123 1117 1111 1115 1120 1121 1111 1102 1099 1106 1103 1101 1097 1099 1099 1093 1087 1083 1083
1860 1829 1852 1803 1761 1769 1709 1688 1667 1640 1614 1589 1586 1538 1521 1501 1479 1456 1436 1424 1410 1398 1388 1373 1358 1344 1335 1325 1312 1309 1300 1285 1280 1279 1275 1279 1280 1282 1281 1276 1263 1254 1253 1257 1256 1255 1250 1245 1236 1225 1216 1209 1207 1202 1192 1181 1169 1159 1151 1143 1134 1126 1113 1106 1106 1107 1114 1114 1106 1097 1090 1099 1097 1091 1094 1100 1095 1087 1081 1085 1079
1849 1828 1812 1792 1752 1729 1703 1688 1669 1642 1613 1590 1568 1544 1525 1502 1500 1458 1437 1431 1418 1408 1392 1374 1360 1345 1338 1325 1319 1308 1302 1294 1286 1285 1280 1280 1282 1285 1284 1277 1268 1261 1257 1262 1261 1259 1258 1250 1244 1234 1228 1219 1216 1212 1199 1185 1174 1165 1155 1146 1133 1122 1106 1100 1098 1101 1105 1101 1096 1091 1087 1093 1091 1089 1089 1096 1091 1084 1079 1080 1077
1859 1829 1803 1781 1754 1727 1701 1682 1660 1634 1608 1585 1575 1556 1528 1498 1486 1460 1441 1434 1423 1412 1398 1380 1367 1354 1338 1328 1322 1314 1312 1305 1295 1289 1290 1289 1292 1293 1285 1276 1270 1267 1269 1275 1266 1266 1261 1261 1250 1244 1235 1228 1228 1218 1207 1196 1182 1172 1158 1142 1131 1116 1101 1092 1093 1096 1098 1092 1085 1083 1085 1090 1086 1086 1092 1091 1086 1082 1078 1076 1076
1857 1826 1803 1781 1754 1727 1700 1672 1658 1629 1608 1588 1576 1553 1525 1494 1475 1459 1441 1434 1427 1419 1402 1383 1367 1357 1345 1336 1330 1320 1318 1308 1302 1298 1299 1296 1298 1299 1295 1284 1279 1276 1278 1276 1273 1272 1272 1267 1259 1254 1248 1239 1232 1229 1217 1202 1191 1176 1162 1147 1130 1111 1092 1083 1085 1086 1093 1088 1083 1077 1080 1085 1082 1087 1090 1089 1082 1082 1079 1073 1074
1848 1819 1790 1770 1748 1727 1700 1669 1642 1618 1603 1590 1566 1543 1519 1492 1474 1457 1445 1436 1424 1417 1405 1391 1374 1359 1347 1338 1335 1324 1321 1313 1305 1305 1305 1306 1306 1305 1300 1288 1286 1282 1281 1279 1279 1277 1280 1273 1273 1267 1261 1254 1245 1241 1227 1212 1202 1186 1172 1148 1126 1107 1084 1076 1076 1079 1083 1082 1079 1073 1076 1079 1082 1088 1085 1082 1081 1081 1077 1072 1074
1841 1813 1784 1761 1742 1718 1691 1661 1631 1613 1599 1584 1559 1540 1513 1490 1479 1459 1442 1435 1429 1422 1408 1389 1376 1363 1348 1344 1338 1330 1327 1319 1311 1312 1308 1309 1312 1309 1302 1295 1290 1289 1291 1286 1284 1283 1285 1282 1280 1281 1275 1268 1256 1247 1237 1222 1208 1194 1174 1155 1131 1111 1084 1070 1071 1075 1080 1076 1073 1073 1074 1075 1082 1083 1079 1080 1078 1076 1077 1077 1074
1836 1812 1783 1755 1735 1705 1675 1649 1627 1618 1601 1581 1556 1532 1514 1500 1488 1462 1443 1437 1427 1424 1411 1393 1384 1368 1355 1346 1340 1336 1331 1322 1321 1321 1319 1320 1319 1312 1307 1299 1301 1303 1300 1296 1298 1291 1289 1291 1290 1289 1285 1277 1267 1259 1247 1235 1220 1204 1183 1163 1141 1117 1095 1080 1074 1079 1078 1074 1071 1071 1073 1076 1080 1077 1074 1074 1078 1077 1076 1074 1074
1831 1810 1784 1749 1723 1697 1664 1643 1623 1608 1592 1578 1556 1570 1553 1528 1491 1462 1445 1438 1432 1424 1413 1402 1387 1373 1362 1357 1346 1339 1336 1330 1328 1324 1325 1326 1326 1322 1312 1308 1316 1314 1307 1308 1306 1301 1301 1301 1302 1300 1296 1291 1281 1271 1262 1247 1232 1211 1195 1173 1151 1127 1109 1091 1082 1083 1078 1076 1073 1074 1072 1080 1076 1075 1074 1075 1077 1075 1075 1075 1076
1828 1802 1772 1740 1711 1685 1663 1650 1624 1603 1602 1571 1560 1619 1584 1518 1483 1463 1445 1441 1434 1427 1413 1406 1392 1379 1370 1362 1349 1340 1340 1340 1340 1339 1336 1334 1333 1328 1321 1320 1321 1322 1314 1312 1310 1309 1313 1313 1310 1314 1308 1302 1293 1285 1272 1259 1244 1225 1202 1179 1158 1136 1116 1097 1089 1084 1080 1078 1074 1072 1073 1083 1078 1078 1075 1076 1077 1078 1077 1075 1077
