data_and_outputs/predictor_data/120/bioclim_17.asc
NCOLS 1199 
NROWS 625 
XLLCORNER -17.966918 
YLLCORNER -10.0196949358429 
CELLSIZE 0.0416666688395203 
NODATA_value -9999 
[rows 312 to 350 of 625, columns 623 to 711 of 1199]
-9999 -9999 -9999 -9999 -9999 -9999 -9999 -9999 -9999 -9999 -9999 -9999 -9999 -9999 -9999 -9999 -9999 -9999 -9999 -9999 -9999 -9999 -9999 -9999 -9999 -9999 -9999 -9999 -9999 -9999 -9999 -9999 -9999 -9999 -9999 -9999 -9999 -9999 -9999 -9999 -9999 -9999 -9999 -9999 -9999 -9999 135 133 130 127 124 124 121 120 117 116 114 112 110 109 108 108 109 109 108 107 106 105 104 104 102 101 99 98 97 96 96 94 93 92 91 89 88 86 85 84 83 84 82
-9999 -9999 -9999 -9999 -9999 -9999 -9999 -9999 -9999 -9999 -9999 -9999 -9999 -9999 -9999 -9999 -9999 -9999 -9999 -9999 -9999 -9999 -9999 -9999 -9999 -9999 -9999 -9999 -9999 -9999 -9999 -9999 -9999 -9999 -9999 -9999 -9999 -9999 -9999 -9999 -9999 -9999 -9999 -9999 -9999 -9999 137 135 133 131 128 127 124 122 120 117 116 115 113 111 111 111 110 109 109 109 108 107 106 104 103 103 101 100 99 98 97 96 94 93 91 90 88 88 86 86 85 84 84
-9999 -9999 -9999 -9999 -9999 -9999 -9999 -9999 -9999 -9999 -9999 -9999 -9999 -9999 -9999 -9999 -9999 -9999 -9999 -9999 -9999 -9999 -9999 -9999 -9999 -9999 -9999 -9999 -9999 -9999 -9999 -9999 -9999 -9999 -9999 -9999 -9999 -9999 -9999 -9999 -9999 -9999 -9999 -9999 -9999 139 139 137 136 133 130 129 128 125 121 117 117 117 116 114 113 113 112 112 111 111 110 109 107 106 106 104 103 102 101 99 97 97 95 94 93 91 90 89 88 87 86 86 85
-9999 -9999 -9999 -9999 -9999 -9999 -9999 -9999 -9999 -9999 -9999 -9999 -9999 -9999 -9999 -9999 -9999 -9999 -9999 -9999 -9999 -9999 -9999 -9999 -9999 -9999 -9999 -9999 -9999 -9999 -9999 -9999 -9999 -9999 -9999 -9999 -9999 -9999 -9999 -9999 -9999 -9999 -9999 -9999 -9999 143 141 140 138 136 134 132 130 126 123 121 121 119 117 116 115 115 114 114 114 113 111 110 109 109 106 105 103 103 102 100 99 98 96 95 94 93 91 91 89 88 87 87 86
-9999 -9999 -9999 -9999 -9999 -9999 -9999 -9999 -9999 -9999 -9999 -9999 -9999 -9999 -9999 -9999 -9999 -9999 -9999 -9999 -9999 -9999 -9999 -9999 -9999 -9999 -9999 -9999 -9999 -9999 -9999 -9999 -9999 -9999 -9999 -9999 -9999 -9999 -9999 -9999 -9999 -9999 -9999 -9999 -9999 145 145 143 141 138 137 135 133 130 128 125 122 121 119 118 117 116 117 116 115 114 113 112 111 109 108 106 105 104 102 101 101 99 98 96 96 94 93 91 90 89 88 87 87
-9999 -9999 -9999 -9999 -9999 -9999 -9999 -9999 -9999 -9999 -9999 -9999 -9999 -9999 -9999 -9999 -9999 -9999 -9999 -9999 -9999 -9999 -9999 -9999 -9999 -9999 -9999 -9999 -9999 -9999 -9999 -9999 -9999 -9999 -9999 -9999 -9999 -9999 -9999 -9999 -9999 -9999 -9999 -9999 -9999 149 147 146 143 141 140 137 135 132 129 128 126 124 122 120 119 119 118 117 116 115 115 114 112 111 109 108 107 105 103 102 101 100 99 97 95 94 93 92 90 90 88 88 87
-9999 -9999 -9999 -9999 -9999 -9999 -9999 -9999 -9999 -9999 -9999 -9999 -9999 -9999 -9999 -9999 -9999 -9999 -9999 -9999 -9999 -9999 -9999 -9999 -9999 -9999 -9999 -9999 -9999 -9999 -9999 -9999 -9999 -9999 -9999 -9999 -9999 -9999 -9999 -9999 -9999 -9999 -9999 -9999 -9999 152 150 149 147 144 142 140 138 135 132 130 128 126 124 122 121 121 120 119 119 117 116 115 113 112 110 109 109 105 105 103 102 100 100 97 96 94 93 91 91 90 89 88 87
-9999 -9999 -9999 -9999 -9999 -9999 -9999 -9999 -9999 -9999 -9999 -9999 -9999 -9999 -9999 -9999 -9999 -9999 -9999 -9999 -9999 -9999 -9999 -9999 -9999 -9999 -9999 -9999 -9999 -9999 -9999 -9999 -9999 -9999 -9999 -9999 -9999 -9999 -9999 -9999 -9999 -9999 -9999 -9999 -9999 156 154 152 150 147 145 143 140 137 134 131 129 127 125 124 124 123 121 120 119 119 118 116 114 115 112 109 108 106 105 105 102 101 99 97 97 94 93 92 92 91 90 88 88
-9999 -9999 -9999 -9999 -9999 -9999 -9999 -9999 -9999 -9999 -9999 -9999 -9999 -9999 -9999 -9999 -9999 -9999 -9999 -9999 -9999 -9999 -9999 -9999 -9999 -9999 -9999 -9999 -9999 -9999 -9999 -9999 -9999 -9999 -9999 -9999 -9999 -9999 -9999 -9999 -9999 -9999 -9999 -9999 -9999 159 158 155 153 150 147 145 141 140 137 133 130 128 129 128 126 124 122 122 121 120 119 117 116 114 114 110 108 107 105 105 102 101 99 98 96 94 94 92 92 92 90 89 89
-9999 -9999 -9999 -9999 -9999 -9999 -9999 -9999 -9999 -9999 -9999 -9999 -9999 -9999 -9999 -9999 -9999 -9999 -9999 -9999 -9999 -9999 -9999 -9999 -9999 -9999 -9999 -9999 -9999 -9999 -9999 -9999 -9999 -9999 -9999 -9999 -9999 -9999 -9999 -9999 -9999 -9999 -9999 -9999 164 162 161 158 156 152 149 147 143 140 136 133 131 131 131 130 127 125 124 124 123 121 119 118 116 115 114 111 110 108 107 105 103 101 100 98 96 95 95 93 93 92 91 90 89
-9999 -9999 -9999 -9999 -9999 -9999 -9999 -9999 -9999 -9999 -9999 -9999 -9999 -9999 -9999 -9999 -9999 -9999 -9999 -9999 -9999 -9999 -9999 -9999 -9999 -9999 -9999 -9999 -9999 -9999 -9999 -9999 -9999 -9999 -9999 -9999 -9999 -9999 -9999 -9999 -9999 -9999 -9999 -9999 169 165 164 160 158 155 151 148 141 140 138 135 134 133 134 130 128 127 126 124 125 122 120 120 118 117 115 112 111 109 107 105 103 101 99 98 97 95 94 93 93 92 91 91 90
-9999 -9999 -9999 -9999 -9999 -9999 -9999 -9999 -9999 -9999 -9999 -9999 -9999 -9999 -9999 -9999 -9999 -9999 -9999 -9999 -9999 -9999 -9999 -9999 -9999 -9999 -9999 -9999 -9999 -9999 -9999 -9999 -9999 -9999 -9999 -9999 -9999 -9999 -9999 -9999 -9999 -9999 -9999 -9999 173 169 165 164 161 158 153 150 146 144 139 136 137 136 133 130 130 128 128 126 125 124 123 121 120 117 115 114 111 110 108 105 104 101 99 98 98 96 95 94 94 95 94 92 92
-9999 -9999 -9999 -9999 -9999 -9999 -9999 -9999 -9999 -9999 -9999 -9999 -9999 -9999 -9999 -9999 -9999 -9999 -9999 -9999 -9999 -9999 -9999 -9999 -9999 -9999 -9999 -9999 -9999 -9999 -9999 -9999 -9999 -9999 -9999 -9999 -9999 -9999 -9999 -9999 -9999 -9999 -9999 -9999 177 173 169 166 164 159 155 152 148 144 140 140 140 136 134 132 131 130 129 128 127 125 124 123 121 118 117 115 113 110 109 106 104 102 99 99 98 97 99 95 94 96 95 92 92
-9999 -9999 -9999 -9999 -9999 -9999 -9999 -9999 -9999 -9999 -9999 -9999 -9999 -9999 -9999 -9999 -9999 -9999 -9999 -9999 -9999 -9999 -9999 -9999 -9999 -9999 -9999 -9999 -9999 -9999 -9999 -9999 -9999 -9999 -9999 -9999 -9999 -9999 -9999 -9999 -9999 -9999 -9999 -9999 182 177 172 169 164 160 158 154 148 143 142 141 139 137 135 134 133 132 132 130 129 128 126 125 123 120 118 116 115 112 109 107 105 103 100 98 99 98 97 98 97 96 95 94 92
-9999 -9999 -9999 -9999 -9999 -9999 -9999 -9999 -9999 -9999 -9999 -9999 -9999 -9999 -9999 -9999 -9999 -9999 -9999 -9999 -9999 -9999 -9999 -9999 -9999 -9999 -9999 -9999 -9999 -9999 -9999 -9999 -9999 -9999 -9999 -9999 -9999 -9999 -9999 -9999 -9999 -9999 -9999 -9999 187 181 177 172 166 162 158 154 147 145 143 143 141 139 137 136 135 135 134 133 131 131 128 127 125 123 120 118 116 114 110 108 106 103 101 100 99 98 99 97 97 97 95 95 93
-9999 -9999 -9999 -9999 -9999 -9999 -9999 -9999 -9999 -9999 -9999 -9999 -9999 -9999 -9999 -9999 -9999 -9999 -9999 -9999 -9999 -9999 -9999 -9999 -9999 -9999 -9999 -9999 -9999 -9999 -9999 -9999 -9999 -9999 -9999 -9999 -9999 -9999 -9999 -9999 -9999 -9999 -9999 -9999 191 184 180 175 169 163 160 154 149 146 145 145 142 141 139 138 138 137 137 135 134 133 131 130 127 126 123 121 119 116 113 110 107 104 103 100 100 99 99 98 97 97 97 96 95
-9999 -9999 -9999 -9999 -9999 -9999 -9999 -9999 -9999 -9999 -9999 -9999 -9999 -9999 -9999 -9999 -9999 -9999 -9999 -9999 -9999 -9999 -9999 -9999 -9999 -9999 -9999 -9999 -9999 -9999 -9999 -9999 -9999 -9999 -9999 -9999 -9999 -9999 -9999 -9999 -9999 -9999 -9999 205 196 188 183 178 171 166 162 158 152 148 146 145 144 143 142 140 141 140 139 139 137 136 134 133 130 128 125 123 121 118 115 112 109 106 104 102 102 100 100 99 98 98 98 97 97
-9999 -9999 -9999 -9999 -9999 -9999 -9999 -9999 -9999 -9999 -9999 -9999 -9999 -9999 -9999 -9999 -9999 -9999 -9999 -9999 -9999 -9999 -9999 -9999 -9999 -9999 -9999 -9999 -9999 -9999 -9999 -9999 -9999 -9999 -9999 -9999 -9999 -9999 -9999 -9999 -9999 -9999 -9999 206 199 190 184 177 171 166 163 159 154 149 147 146 145 145 145 143 143 142 142 141 140 138 137 134 133 130 128 126 123 120 118 114 112 108 106 104 104 102 100 99 99 98 98 98 98
-9999 -9999 -9999 -9999 -9999 -9999 -9999 -9999 -9999 -9999 -9999 -9999 -9999 -9999 -9999 -9999 -9999 -9999 -9999 -9999 -9999 -9999 -9999 -9999 -9999 -9999 -9999 -9999 -9999 -9999 -9999 -9999 -9999 -9999 -9999 -9999 -9999 -9999 -9999 -9999 -9999 -9999 -9999 202 197 190 184 177 171 164 162 157 151 149 149 148 147 147 148 146 146 146 145 145 144 142 140 138 136 134 132 129 126 123 120 117 114 112 109 108 106 104 103 101 101 100 100 99 99
-9999 -9999 -9999 -9999 -9999 -9999 -9999 -9999 -9999 -9999 -9999 -9999 -9999 -9999 -9999 -9999 -9999 -9999 -9999 -9999 -9999 -9999 -9999 -9999 -9999 -9999 -9999 -9999 -9999 -9999 -9999 -9999 -9999 -9999 -9999 -9999 -9999 -9999 -9999 -9999 -9999 -9999 -9999 200 195 188 182 174 169 165 160 156 151 150 150 149 149 151 150 150 150 149 149 148 147 145 144 142 140 137 135 132 130 126 124 121 118 116 113 110 108 106 105 104 103 101 102 101 101
-9999 -9999 -9999 -9999 -9999 -9999 -9999 -9999 -9999 -9999 -9999 -9999 -9999 -9999 -9999 -9999 -9999 -9999 -9999 -9999 -9999 -9999 -9999 -9999 -9999 -9999 -9999 -9999 -9999 -9999 -9999 -9999 -9999 -9999 -9999 -9999 -9999 -9999 -9999 -9999 -9999 -9999 -9999 196 191 185 180 174 167 164 160 155 152 152 151 151 155 155 154 154 152 152 152 152 152 150 148 146 145 143 139 137 134 131 128 125 122 119 116 113 111 110 108 106 105 104 104 104 103
-9999 -9999 -9999 -9999 -9999 -9999 -9999 -9999 -9999 -9999 -9999 -9999 -9999 -9999 -9999 -9999 -9999 -9999 -9999 -9999 -9999 -9999 -9999 -9999 -9999 -9999 -9999 -9999 -9999 -9999 -9999 -9999 -9999 -9999 -9999 -9999 -9999 -9999 -9999 -9999 -9999 -9999 -9999 194 187 181 177 170 165 161 158 154 153 153 152 158 158 157 156 156 153 154 155 156 155 155 153 151 149 148 144 142 139 134 131 129 126 123 120 117 114 112 109 109 107 107 107 107 106
-9999 -9999 -9999 -9999 -9999 -9999 -9999 -9999 -9999 -9999 -9999 -9999 -9999 -9999 -9999 -9999 -9999 -9999 -9999 -9999 -9999 -9999 -9999 -9999 -9999 -9999 -9999 -9999 -9999 -9999 -9999 -9999 -9999 -9999 -9999 -9999 -9999 -9999 -9999 -9999 -9999 -9999 -9999 191 185 179 175 166 162 158 154 153 153 153 158 166 160 160 158 156 157 159 159 159 158 159 158 156 154 152 149 145 143 139 136 132 130 126 124 121 117 115 113 110 109 109 109 109 108
-9999 -9999 -9999 -9999 -9999 -9999 -9999 -9999 -9999 -9999 -9999 -9999 -9999 -9999 -9999 -9999 -9999 -9999 -9999 -9999 -9999 -9999 -9999 -9999 -9999 -9999 -9999 -9999 -9999 -9999 -9999 -9999 -9999 -9999 -9999 -9999 -9999 -9999 -9999 -9999 -9999 -9999 -9999 189 183 178 173 166 161 156 153 153 155 161 159 163 165 163 160 160 162 164 163 166 164 165 164 161 159 156 153 151 148 143 140 137 134 131 128 124 121 118 117 114 113 113 112 112 111
-9999 -9999 -9999 -9999 -9999 -9999 -9999 -9999 -9999 -9999 -9999 -9999 -9999 -9999 -9999 -9999 -9999 -9999 -9999 -9999 -9999 -9999 -9999 -9999 -9999 -9999 -9999 -9999 -9999 -9999 -9999 -9999 -9999 -9999 -9999 -9999 -9999 -9999 -9999 -9999 -9999 -9999 -9999 191 181 175 169 159 156 155 153 155 160 161 165 169 165 163 163 165 168 168 169 168 169 171 169 166 164 162 158 156 153 149 145 143 138 135 132 129 126 123 121 118 117 116 116 115 114
-9999 -9999 -9999 -9999 -9999 -9999 -9999 -9999 -9999 -9999 -9999 -9999 -9999 -9999 -9999 -9999 -9999 -9999 -9999 -9999 -9999 -9999 -9999 -9999 -9999 -9999 -9999 -9999 -9999 -9999 -9999 -9999 -9999 -9999 -9999 -9999 -9999 -9999 -9999 -9999 -9999 -9999 -9999 192 181 172 165 156 154 154 153 160 164 168 163 163 164 166 169 174 173 174 174 175 180 174 170 168 168 168 165 162 159 155 152 147 144 141 137 133 131 128 126 124 122 120 120 119 117
-9999 -9999 -9999 -9999 -9999 -9999 -9999 -9999 -9999 -9999 -9999 -9999 -9999 -9999 -9999 -9999 -9999 -9999 -9999 -9999 -9999 -9999 -9999 -9999 -9999 -9999 -9999 -9999 -9999 -9999 -9999 -9999 -9999 -9999 -9999 -9999 -9999 -9999 -9999 -9999 -9999 -9999 -9999 196 184 175 156 151 151 152 159 175 166 164 163 166 167 173 177 176 177 178 179 186 186 177 175 174 172 171 170 168 165 161 156 153 149 145 141 139 135 132 130 128 125 125 123 123 122
-9999 -9999 -9999 -9999 -9999 -9999 -9999 -9999 -9999 -9999 -9999 -9999 -9999 -9999 -9999 -9999 -9999 -9999 -9999 -9999 -9999 -9999 -9999 -9999 -9999 -9999 -9999 -9999 -9999 -9999 -9999 -9999 -9999 -9999 -9999 -9999 -9999 -9999 -9999 -9999 -9999 -9999 -9999 191 185 175 150 150 152 155 167 169 164 163 166 169 182 181 180 184 183 184 185 184 183 183 181 179 176 177 177 174 172 167 162 157 155 150 147 143 140 138 136 133 130 128 128 126 125
-9999 -9999 -9999 -9999 -9999 -9999 -9999 -9999 -9999 -9999 -9999 -9999 -9999 -9999 -9999 -9999 -9999 -9999 -9999 -9999 -9999 -9999 -9999 -9999 -9999 -9999 -9999 -9999 -9999 -9999 -9999 -9999 -9999 -9999 -9999 -9999 -9999 -9999 -9999 -9999 -9999 -9999 199 198 189 163 152 154 156 158 171 165 166 168 170 183 203 188 189 194 192 192 192 190 189 187 185 185 185 185 185 181 179 174 168 164 159 156 152 148 145 142 140 137 135 133 131 129 129
-9999 -9999 -9999 -9999 -9999 -9999 -9999 -9999 -9999 -9999 -9999 -9999 -9999 -9999 -9999 -9999 -9999 -9999 -9999 -9999 -9999 -9999 -9999 -9999 -9999 -9999 -9999 -9999 -9999 -9999 -9999 -9999 -9999 -9999 -9999 -9999 -9999 -9999 -9999 -9999 -9999 -9999 199 201 190 170 162 159 170 171 167 170 172 174 183 212 208 198 196 193 191 191 187 186 184 183 181 183 183 182 181 183 181 182 176 171 166 161 157 154 151 147 145 143 140 138 136 134 133
-9999 -9999 -9999 -9999 -9999 -9999 -9999 -9999 -9999 -9999 -9999 -9999 -9999 -9999 -9999 -9999 -9999 -9999 -9999 -9999 -9999 -9999 -9999 -9999 -9999 -9999 -9999 -9999 -9999 -9999 -9999 -9999 -9999 -9999 -9999 -9999 -9999 -9999 -9999 -9999 -9999 194 199 204 198 176 168 170 178 175 175 178 179 185 201 212 209 202 200 186 187 185 183 182 182 180 177 178 180 178 179 177 176 176 176 176 172 167 163 159 156 152 149 148 144 142 140 139 137
-9999 -9999 -9999 -9999 -9999 -9999 -9999 -9999 -9999 -9999 -9999 -9999 -9999 -9999 -9999 -9999 -9999 -9999 -9999 -9999 -9999 -9999 -9999 -9999 -9999 -9999 -9999 -9999 -9999 -9999 -9999 -9999 -9999 -9999 -9999 -9999 -9999 -9999 -9999 -9999 -9999 195 196 204 204 183 180 181 181 182 185 188 189 202 201 205 204 202 189 184 190 183 180 183 180 178 176 175 173 172 173 173 172 171 171 169 170 169 168 164 161 157 155 152 148 147 144 142 142
-9999 -9999 -9999 -9999 -9999 -9999 -9999 -9999 -9999 -9999 -9999 -9999 -9999 -9999 -9999 -9999 -9999 -9999 -9999 -9999 -9999 -9999 -9999 -9999 -9999 -9999 -9999 -9999 -9999 -9999 -9999 -9999 -9999 -9999 -9999 -9999 -9999 -9999 -9999 -9999 192 191 194 196 208 197 198 194 193 193 195 201 199 198 203 197 195 189 188 187 185 177 179 178 176 176 173 172 170 169 170 168 167 165 166 165 166 165 166 166 165 161 159 156 153 151 148 146 145
-9999 -9999 -9999 -9999 -9999 -9999 -9999 -9999 -9999 -9999 -9999 -9999 -9999 -9999 -9999 -9999 -9999 -9999 -9999 -9999 -9999 -9999 -9999 -9999 -9999 -9999 -9999 -9999 -9999 -9999 -9999 -9999 -9999 -9999 -9999 -9999 -9999 -9999 -9999 -9999 187 186 189 189 210 213 210 210 206 206 203 201 199 198 200 195 193 186 183 182 181 177 177 176 174 172 170 167 167 165 163 162 161 162 160 161 160 160 160 160 160 162 162 161 157 155 152 151 149
-9999 -9999 -9999 -9999 -9999 -9999 -9999 -9999 -9999 -9999 -9999 -9999 -9999 -9999 -9999 -9999 -9999 -9999 -9999 -9999 -9999 -9999 -9999 -9999 -9999 -9999 -9999 -9999 -9999 -9999 -9999 -9999 -9999 -9999 -9999 -9999 -9999 -9999 -9999 -9999 175 175 176 179 194 219 215 208 203 199 195 192 192 192 194 189 184 180 177 176 177 174 174 171 169 168 166 163 162 160 159 158 157 157 156 155 155 156 156 156 157 158 159 160 161 158 157 155 153
-9999 -9999 -9999 -9999 -9999 -9999 -9999 -9999 -9999 -9999 -9999 -9999 -9999 -9999 -9999 -9999 -9999 -9999 -9999 -9999 -9999 -9999 -9999 -9999 -9999 -9999 -9999 -9999 -9999 -9999 -9999 -9999 -9999 -9999 -9999 -9999 -9999 -9999 164 164 165 165 170 170 182 203 196 191 194 189 185 181 183 185 179 183 177 174 173 172 172 171 170 167 164 162 161 158 156 156 153 153 152 151 152 151 150 151 151 150 151 151 153 153 155 155 157 158 156
-9999 -9999 -9999 -9999 -9999 -9999 -9999 -9999 -9999 -9999 -9999 -9999 -9999 -9999 -9999 -9999 -9999 -9999 -9999 -9999 -9999 -9999 -9999 -9999 -9999 -9999 -9999 -9999 -9999 -9999 -9999 -9999 -9999 -9999 -9999 -9999 -9999 156 158 159 159 158 162 163 170 174 183 188 185 184 179 176 170 176 173 177 172 169 171 169 169 168 166 163 161 158 156 155 152 151 148 148 147 147 145 146 145 145 145 145 147 147 148 148 150 150 152 152 152
-9999 -9999 -9999 -9999 -9999 -9999 -9999 -9999 -9999 -9999 -9999 -9999 -9999 -9999 -9999 -9999 -9999 -9999 -9999 -9999 -9999 -9999 -9999 -9999 -9999 -9999 -9999 -9999 -9999 -9999 -9999 -9999 -9999 -9999 -9999 -9999 -9999 150 151 153 152 151 154 158 164 164 178 178 178 180 176 173 163 164 162 163 161 163 165 163 166 164 161 160 156 152 152 149 147 146 144 143 141 142 140 141 141 139 140 140 141 141 143 142 143 144 145 145 146
-9999 -9999 -9999 -9999 -9999 -9999 -9999 -9999 -9999 -9999 -9999 -9999 -9999 -9999 -9999 -9999 -9999 -9999 -9999 -9999 -9999 -9999 -9999 -9999 -9999 -9999 -9999 -9999 -9999 -9999 -9999 -9999 -9999 -9999 -9999 -9999 141 141 142 143 144 146 148 153 156 162 167 171 169 167 167 165 162 154 155 154 155 156 159 162 161 161 156 153 151 147 145 144 142 139 139 138 137 136 136 136 134 135 134 135 136 136 138 138 138 139 140 140 141
