data_and_outputs/predictor_data/120/bioclim_01.asc
NCOLS 1199 
NROWS 625 
XLLCORNER -17.966918 
YLLCORNER -10.0196949358429 
CELLSIZE 0.0416666688395203 
NODATA_value -9999 
[rows 190 to 227 of 625, columns 510 to 594 of 1199]
265 264 262 261 259 260 261 261 261 264 264 264 263 262 261 260 260 260 259 260 261 261 261 260 259 258 259 259 258 258 258 257 258 257 257 256 254 253 252 254 251 246 247 247 247 250 250 251 257 259 257 256 256 257 260 260 260 259 258 256 259 260 256 252 251 249 253 248 251 256 257 254 252 255 260 262 266 268 270 269 271 273 275 275 268
265 260 260 260 260 260 260 261 262 263 265 263 262 262 261 261 261 259 259 260 262 262 261 260 259 257 258 258 258 259 258 258 258 258 257 256 254 253 252 252 248 245 245 246 248 250 249 252 256 258 257 254 255 257 259 257 258 257 255 250 253 258 259 253 246 247 248 248 248 250 252 252 251 254 256 260 266 267 269 267 269 268 266 273 275
265 257 260 262 263 260 258 261 263 264 265 264 263 262 260 261 261 259 260 262 262 262 258 258 259 258 256 256 258 259 259 259 258 258 255 252 254 252 251 251 246 247 246 247 248 249 248 250 253 256 256 252 252 254 256 254 256 256 251 248 252 258 255 254 251 247 244 246 248 249 253 254 253 253 253 261 260 263 266 259 257 258 261 274 275
264 262 263 264 263 262 260 261 263 265 265 264 263 262 261 262 261 260 261 262 261 260 259 257 258 258 256 257 258 259 260 259 258 258 252 249 252 251 251 253 249 248 246 246 246 248 247 245 249 253 252 249 251 253 252 249 253 254 252 251 254 256 254 253 251 248 244 246 247 248 251 253 255 256 256 260 262 261 260 256 254 258 265 274 275
264 266 266 265 264 263 263 262 262 264 266 264 264 263 262 262 260 260 261 262 261 260 257 257 258 258 257 257 258 259 260 259 259 255 252 249 248 253 254 255 247 248 248 246 247 248 246 246 245 248 248 249 250 251 249 249 251 251 252 250 251 253 251 251 250 246 245 245 245 248 251 250 251 254 258 264 265 264 261 256 261 257 267 274 275
267 267 267 266 265 264 264 264 264 265 265 265 264 264 262 261 259 260 261 262 260 259 259 260 259 259 258 257 258 259 259 258 258 257 255 254 250 253 257 255 251 252 249 245 246 246 246 246 244 245 247 248 247 247 247 247 248 248 248 245 248 250 249 250 250 246 247 246 246 248 250 250 251 254 258 263 265 267 266 259 263 264 263 274 274
267 269 267 267 267 265 265 265 263 264 266 265 263 262 262 260 258 260 262 260 259 261 261 260 259 259 259 260 260 261 259 257 257 257 257 256 250 252 257 253 254 253 248 245 244 245 245 242 243 242 245 247 246 245 245 245 247 246 246 244 246 247 245 247 247 247 248 248 246 247 250 252 256 262 263 263 265 267 268 268 269 267 267 273 274
269 270 268 268 268 266 266 266 264 264 266 264 263 262 260 259 259 260 262 261 261 260 260 260 260 261 260 261 261 261 260 259 258 258 258 257 254 256 253 252 255 252 250 249 245 244 244 244 243 242 243 246 245 243 243 244 246 244 244 245 245 245 245 245 248 248 249 247 246 246 248 254 260 263 265 262 264 265 267 266 269 270 264 274 274
270 269 269 270 268 266 267 267 266 267 267 266 264 262 261 260 259 261 263 260 262 259 261 261 261 262 261 262 262 262 261 260 259 259 258 257 257 257 251 251 254 253 252 250 244 244 245 245 246 245 244 244 243 242 242 243 244 243 243 244 244 246 248 248 248 249 249 248 252 256 256 257 260 263 265 263 264 264 264 263 264 267 272 274 272
270 269 270 270 268 267 268 267 268 267 265 264 263 261 260 259 259 261 263 264 263 261 260 261 263 262 263 262 261 259 261 260 259 259 258 257 257 256 252 250 252 248 250 243 243 246 251 251 251 250 246 246 247 247 245 245 245 244 242 244 245 248 250 250 249 250 248 247 247 254 261 261 263 264 265 265 265 265 265 263 259 265 271 273 270
270 270 271 270 267 267 268 269 268 266 263 262 262 262 261 259 258 261 262 263 264 262 260 261 263 264 264 261 261 261 260 259 258 257 257 257 256 255 252 250 247 248 248 245 244 249 253 253 253 253 252 251 250 249 248 249 248 245 242 244 247 250 250 251 251 250 250 246 248 255 260 261 264 264 265 266 267 268 268 266 266 266 271 272 268
269 269 271 270 267 269 269 268 267 265 263 263 264 262 261 260 259 261 263 264 264 263 262 262 263 264 263 262 261 262 261 261 260 257 256 255 255 254 250 247 245 246 245 244 243 249 252 254 254 253 253 252 250 249 250 250 248 244 239 245 247 249 250 251 252 251 249 249 249 253 260 260 260 263 265 265 264 267 269 268 268 271 272 265 264
270 270 271 270 267 269 270 268 268 267 266 265 263 262 261 261 260 261 262 264 265 263 263 263 264 263 262 263 262 262 260 259 258 255 255 255 254 253 252 247 247 249 249 248 246 249 251 253 254 253 252 251 250 250 250 249 248 246 243 246 247 249 250 251 250 251 251 251 249 254 258 255 259 262 264 264 266 267 268 270 268 272 269 267 255
268 271 271 268 268 269 270 270 268 266 265 264 263 262 263 261 261 262 263 265 265 265 264 264 263 262 264 264 263 262 261 259 257 256 255 257 254 256 255 250 248 249 253 252 248 248 250 249 255 253 252 251 250 252 251 251 248 246 243 248 251 252 252 252 252 251 250 249 247 245 249 251 256 258 260 261 260 265 266 269 270 273 266 249 254
270 271 271 270 270 270 271 270 268 268 267 264 262 262 264 263 262 263 264 265 265 265 265 263 263 264 265 264 263 262 262 258 256 257 257 259 257 258 256 244 253 253 254 253 251 249 252 252 254 253 252 251 252 252 252 252 251 248 246 248 250 252 253 254 253 251 249 248 247 244 246 255 258 260 258 260 257 262 264 263 268 272 266 252 263
270 272 272 271 270 271 271 270 269 268 267 265 263 264 265 263 263 264 265 266 266 265 265 264 263 264 266 265 263 262 261 260 259 256 257 259 260 259 260 250 251 254 254 252 252 252 253 252 254 252 252 251 252 253 253 253 253 250 250 245 245 250 251 253 250 251 251 249 249 244 251 257 259 261 260 261 262 261 264 262 266 272 270 266 267
270 272 272 272 273 273 271 269 269 266 265 266 264 265 264 263 264 265 265 266 266 265 265 264 263 265 266 264 262 260 261 261 259 257 260 259 261 260 258 255 255 255 254 252 251 252 250 252 254 253 252 251 252 253 253 253 254 254 252 248 245 246 247 252 254 251 249 250 252 248 243 252 260 261 263 263 262 260 264 265 267 273 271 268 270
271 272 272 273 273 273 271 268 266 265 267 266 266 266 265 263 264 266 265 266 267 265 263 263 264 265 266 265 264 262 262 261 259 259 260 262 261 260 258 255 255 255 255 253 252 253 253 253 253 253 252 251 252 254 254 254 255 254 254 253 250 250 252 253 254 252 250 251 253 249 242 244 253 258 262 264 264 263 259 263 269 273 273 272 270
271 272 272 273 271 271 271 270 267 265 267 267 266 267 266 265 265 267 265 266 267 265 262 263 265 265 267 265 263 261 262 263 262 261 261 261 261 259 258 256 256 255 256 253 251 251 253 254 253 254 252 252 251 253 255 255 256 255 255 256 255 252 252 253 254 253 249 249 252 252 247 243 247 256 260 263 265 260 257 265 271 274 272 270 269
273 273 273 272 271 269 269 269 267 266 266 268 266 268 266 265 266 266 265 267 267 266 263 263 264 264 266 265 263 262 264 264 261 259 260 261 261 260 259 258 257 254 256 253 252 252 253 254 254 254 253 252 251 253 254 256 258 258 259 257 253 251 254 255 251 245 250 250 250 254 248 244 246 250 252 254 263 262 256 267 273 274 271 269 268
273 272 270 269 269 268 267 266 267 267 267 268 266 268 267 266 267 267 267 268 268 266 264 264 265 266 267 266 264 264 265 264 261 261 261 262 261 261 260 258 257 257 257 255 253 253 253 253 253 254 253 253 252 252 253 255 256 258 259 259 256 255 257 255 250 251 254 254 253 254 255 248 252 251 249 253 259 264 259 267 269 274 272 270 269
273 272 269 269 267 268 267 266 267 268 267 268 267 269 267 267 269 268 268 269 267 266 264 265 266 267 268 266 264 265 266 263 262 260 262 262 261 260 259 257 257 258 257 255 254 253 252 254 254 253 253 253 253 253 252 254 255 256 256 258 259 259 260 257 254 252 254 257 257 259 258 252 254 256 257 257 258 264 269 270 272 274 274 272 265
272 271 269 268 267 268 267 268 268 269 268 269 269 269 268 268 270 269 269 268 267 265 265 264 266 267 268 266 265 267 266 263 263 262 262 261 260 260 258 258 258 259 258 256 255 253 253 254 254 254 254 254 254 255 252 253 255 256 257 258 259 258 260 259 253 252 256 259 262 262 257 257 259 261 261 262 264 267 269 271 272 274 275 271 263
273 271 267 267 267 268 268 268 269 270 269 270 270 268 269 269 271 269 269 269 267 265 264 263 265 268 268 266 265 267 265 264 264 263 261 260 259 257 259 259 259 259 258 255 253 254 254 254 253 255 255 254 255 255 253 253 252 255 256 257 259 260 254 255 253 254 256 256 259 263 257 256 259 263 262 258 264 267 262 262 266 272 275 271 268
273 270 268 269 267 269 268 268 268 270 270 270 269 268 270 270 271 270 269 269 266 267 265 265 266 268 266 265 265 267 265 264 264 262 260 260 260 259 260 260 260 259 250 250 252 256 256 255 251 256 255 255 257 256 255 255 256 257 258 260 261 263 257 255 257 257 257 259 259 263 262 259 257 264 260 255 258 266 263 265 269 273 275 274 273
272 271 270 268 265 268 269 267 268 270 271 270 270 269 271 271 271 270 270 270 268 270 268 266 267 268 266 266 267 267 266 265 263 262 260 261 260 259 261 261 261 260 250 244 254 257 257 257 254 255 258 257 259 257 258 257 257 258 259 260 263 261 257 258 260 259 257 260 258 259 264 259 260 264 262 263 266 269 271 273 274 275 275 275 274
273 271 269 267 266 266 269 269 268 268 271 271 271 270 271 272 271 270 271 270 270 270 269 266 266 267 268 268 267 265 267 266 264 264 262 263 261 260 260 261 261 261 256 251 257 258 258 257 256 255 257 258 259 258 259 259 259 258 260 261 263 259 257 260 258 261 258 261 260 261 264 265 266 268 268 269 270 272 273 274 274 275 275 275 275
272 271 270 268 267 266 268 269 267 268 271 271 271 271 272 272 271 270 271 271 271 271 270 268 267 270 270 268 267 267 268 266 264 266 263 262 262 260 258 260 261 261 257 257 259 259 260 256 259 256 258 261 260 261 261 260 260 261 261 261 262 260 257 260 259 262 262 264 265 266 267 268 269 270 270 271 271 272 273 274 274 275 275 275 275
272 271 269 268 268 267 268 269 269 267 268 272 272 272 273 272 271 270 271 272 272 271 270 269 269 270 268 268 268 266 268 265 263 265 267 263 262 260 259 260 261 262 258 257 259 260 259 258 259 259 257 260 262 263 262 261 261 262 262 261 263 259 261 263 264 265 264 265 266 266 267 268 269 270 270 271 272 272 273 274 274 274 274 274 274
271 271 270 270 269 269 268 269 270 270 269 269 272 273 272 272 271 271 272 273 272 271 270 270 270 269 268 269 269 267 268 267 264 264 266 265 261 262 262 261 263 262 259 260 261 260 261 260 260 261 260 260 262 264 264 263 262 262 262 262 263 263 265 266 266 265 264 264 264 266 267 267 268 268 269 270 271 272 273 274 274 274 274 274 274
270 271 270 271 271 271 269 270 271 271 272 271 272 272 269 270 270 272 273 273 273 271 270 271 271 269 269 270 270 267 269 268 265 266 267 264 262 264 264 262 263 263 262 262 262 262 263 262 264 263 262 262 262 263 265 263 262 263 263 265 266 266 266 265 265 264 263 263 263 264 264 264 265 266 267 268 270 272 273 273 274 274 274 274 274
270 270 270 270 271 269 269 270 272 272 272 272 273 273 272 271 270 271 272 273 273 271 270 272 271 270 270 270 271 269 267 267 266 265 267 264 264 265 265 264 265 264 263 265 265 265 264 263 264 263 264 263 263 265 264 262 264 265 265 266 266 265 264 263 262 260 259 259 260 259 256 257 260 261 262 266 269 271 273 273 273 274 274 274 274
268 269 270 270 269 268 269 270 271 273 273 273 273 274 274 273 273 273 273 274 273 272 272 273 271 271 271 272 270 268 267 267 267 266 266 266 266 267 266 266 266 266 265 265 267 266 264 265 266 265 264 262 262 263 266 266 267 266 266 266 265 263 262 260 259 253 252 252 253 251 249 250 254 255 261 264 264 270 272 273 273 273 274 274 274
266 269 269 270 270 268 268 270 271 271 273 273 274 274 274 274 274 274 275 275 274 273 272 273 273 271 272 271 270 269 269 268 267 267 267 267 268 268 267 267 268 267 268 268 268 266 265 266 266 265 266 266 266 267 267 267 266 265 264 263 259 258 261 256 254 252 254 250 250 249 248 247 249 252 257 265 267 269 272 273 273 273 274 274 274
266 267 270 270 270 269 270 270 271 271 272 274 274 273 274 274 274 275 275 275 274 274 274 274 273 272 272 271 271 270 270 269 269 267 268 269 270 269 268 268 268 267 267 268 268 268 268 268 267 267 267 265 265 266 266 265 264 262 259 256 253 254 257 255 252 258 254 252 253 251 250 250 249 251 258 265 264 265 271 273 273 273 274 274 274
266 268 270 270 271 270 271 271 272 272 272 273 274 274 274 275 274 275 275 275 274 273 274 274 274 273 273 271 271 272 271 270 270 270 270 271 271 270 270 269 269 269 269 269 269 269 268 268 268 267 266 264 264 266 266 264 258 256 255 253 253 254 256 254 254 259 256 255 258 254 254 254 254 256 258 259 260 263 269 273 273 273 274 274 274
267 269 270 271 271 270 270 271 272 -9999 -9999 274 274 274 275 275 274 275 275 274 274 274 274 274 273 273 272 271 271 272 270 270 270 270 270 271 271 271 270 269 269 269 269 269 269 269 268 267 265 265 262 261 261 265 266 261 258 259 258 256 255 257 257 256 255 259 259 257 259 256 255 256 261 262 261 263 264 267 265 271 273 273 274 274 274
269 270 271 271 271 271 -9999 -9999 -9999 273 274 273 274 274 275 275 275 275 275 275 275 275 274 273 273 272 272 272 272 272 271 271 271 270 270 271 271 270 269 268 270 269 267 268 269 267 265 263 262 261 261 261 263 265 262 262 260 260 260 258 257 259 259 257 257 258 261 261 258 258 254 253 255 260 264 263 261 266 266 269 273 273 274 274 274
