data_and_outputs/predictor_data/120/bioclim_04.asc
NCOLS 1199 
NROWS 625 
XLLCORNER -17.966918 
YLLCORNER -10.0196949358429 
CELLSIZE 0.0416666688395203 
NODATA_value -9999 
[rows 468 to 506 of 625, columns 979 to 1067 of 1199]
94 93 95 97 97 98 98 100 101 104 103 104 107 109 109 109 109 109 109 109 108 109 109 108 105 104 104 106 105 104 105 104 104 103 103 101 100 100 100 100 101 98 98 99 98 99 99 99 97 98 97 97 97 95 95 96 96 96 96 95 92 92 92 92 93 92 93 93 91 91 91 92 92 90 92 90 92 91 91 90 90 92 92 91 91 92 91 92 92
92 93 95 96 98 99 99 100 102 104 104 105 106 105 109 109 109 106 107 107 109 109 108 106 107 107 106 106 106 105 104 103 104 103 103 104 101 102 101 100 100 99 101 99 100 98 98 99 97 96 97 95 96 95 95 95 94 95 96 96 94 93 93 92 92 92 92 90 90 90 91 92 91 91 91 91 90 91 92 90 91 91 91 91 92 91 91 93 92
93 94 95 96 98 98 98 100 100 103 102 105 105 105 106 106 109 109 109 106 109 109 105 107 105 107 105 106 105 103 105 103 104 103 102 102 102 101 100 100 100 99 98 99 99 99 99 97 97 97 96 95 95 95 94 95 95 94 92 92 92 92 93 93 91 92 92 92 92 92 90 90 90 89 91 90 89 91 91 90 91 91 89 89 91 92 92 92 92
93 95 96 95 96 97 99 100 101 102 104 105 106 106 106 109 106 109 108 107 108 107 105 105 105 107 105 105 104 105 103 105 103 102 102 102 100 101 99 100 100 99 99 98 99 98 96 99 98 98 95 95 95 95 94 93 93 93 93 92 92 91 91 90 90 92 91 92 92 92 90 88 89 90 88 91 90 89 89 90 90 89 89 90 90 91 89 91 92
94 94 95 95 97 97 98 100 101 103 103 104 104 105 106 105 109 106 109 106 107 107 106 106 106 106 106 104 104 106 104 104 103 103 103 101 101 103 102 100 100 100 99 99 98 98 97 97 96 98 95 94 93 95 93 94 93 92 92 92 91 90 90 91 91 92 91 92 92 92 90 90 89 89 88 90 90 88 90 89 89 89 89 89 90 88 89 90 92
93 93 95 95 97 96 97 100 102 103 103 102 106 106 105 106 106 108 104 105 105 107 107 108 105 104 105 104 106 103 103 104 103 103 103 102 102 99 101 99 98 99 98 98 97 99 97 98 95 95 94 95 94 93 93 93 93 92 92 92 91 89 91 91 88 91 91 91 91 89 89 91 89 89 89 88 88 88 89 88 90 90 89 90 89 91 89 90 91
94 95 95 95 96 99 99 100 101 103 103 101 104 104 105 105 105 105 106 105 105 108 105 105 106 106 105 104 104 103 104 102 102 102 102 101 101 102 102 102 100 99 99 98 98 98 96 96 97 95 95 95 94 93 93 93 93 92 92 91 89 91 90 88 88 90 89 91 89 90 89 88 88 89 88 88 88 89 88 86 89 88 88 87 88 89 90 89 89
93 94 95 96 98 96 99 100 99 101 101 101 102 103 104 104 105 104 105 105 106 105 104 107 104 104 105 103 103 102 103 102 102 102 102 102 102 100 99 98 99 99 99 98 97 97 97 96 94 97 94 94 93 93 93 92 92 92 92 89 91 91 89 91 89 91 90 88 89 89 88 88 88 88 88 88 89 88 87 86 86 87 88 87 87 89 89 89 89
93 94 94 96 98 96 100 98 100 102 101 101 104 102 104 105 105 105 105 105 105 106 105 105 104 105 105 102 102 103 102 102 102 102 101 102 101 100 98 98 99 98 98 97 97 95 95 96 94 95 94 93 93 92 92 92 92 92 89 89 90 91 91 91 90 90 90 88 89 88 87 86 88 87 86 88 86 86 88 88 86 87 87 87 87 88 88 86 88
93 94 94 95 98 98 99 100 100 99 103 100 101 104 105 104 105 102 104 105 103 105 105 105 105 104 104 105 102 102 101 101 101 100 102 101 101 101 99 100 100 98 97 96 96 96 97 95 96 94 95 93 93 93 93 92 92 91 92 91 89 90 90 91 90 90 88 87 88 88 86 88 87 87 87 86 85 88 88 84 89 86 86 87 86 86 86 87 87
95 95 97 96 98 97 100 100 99 102 100 103 101 102 104 104 105 104 103 103 103 103 105 103 105 104 103 104 103 101 102 103 102 101 98 98 101 98 101 99 98 97 98 97 97 95 95 95 96 93 94 93 93 93 93 92 91 90 89 90 90 89 89 87 87 87 87 87 87 87 89 85 85 88 87 88 87 85 84 85 86 86 84 86 86 86 86 87 87
94 94 98 95 98 98 98 98 99 100 101 100 101 103 102 102 105 103 104 103 105 105 104 105 105 105 103 104 102 104 101 101 101 101 99 100 100 98 100 97 97 97 97 96 97 95 94 94 94 94 93 93 92 92 92 92 91 90 90 90 89 89 89 88 87 87 86 87 86 87 86 86 85 85 86 85 85 84 84 84 84 86 84 85 85 85 86 87 86
94 95 95 96 95 98 99 99 101 101 102 100 103 103 103 105 105 105 102 105 103 101 103 105 105 103 101 103 103 103 101 100 101 101 98 99 98 98 100 98 98 98 96 95 95 95 95 93 95 95 94 93 92 91 92 92 90 90 89 90 90 88 89 87 87 88 88 87 85 86 87 85 85 84 86 86 85 85 85 85 85 85 85 84 84 84 82 86 86
94 95 96 98 99 97 98 99 101 101 100 102 102 101 103 104 104 102 102 105 102 105 105 102 102 105 100 103 101 101 101 101 101 99 99 99 97 99 98 98 98 97 97 96 95 95 95 94 94 93 93 93 91 91 91 91 91 90 89 90 88 87 87 87 86 87 88 84 87 87 86 87 86 86 85 86 85 85 85 85 84 85 83 84 85 84 85 86 87
96 95 98 95 98 98 99 100 100 100 101 102 101 102 102 103 103 105 103 103 102 105 103 102 103 104 102 104 101 100 100 99 100 101 101 100 100 99 99 96 96 97 96 96 95 94 94 94 93 92 92 92 93 91 91 91 90 90 89 89 88 88 87 86 86 87 88 87 87 83 84 86 83 84 85 86 84 85 84 85 83 85 84 84 84 84 84 86 85
96 95 97 98 98 99 98 100 100 101 101 103 103 103 102 104 103 104 103 104 104 104 103 103 104 104 101 104 100 100 101 99 100 99 99 99 97 98 98 97 98 96 95 95 95 95 95 93 93 92 93 93 92 91 91 90 89 90 89 88 88 88 87 87 85 86 86 84 86 86 86 82 84 85 83 85 83 83 85 84 83 84 84 85 84 83 84 83 84
96 97 98 98 99 99 99 100 100 101 102 103 103 103 103 103 103 103 103 103 103 104 103 103 103 104 103 103 101 100 100 100 100 100 98 97 98 98 97 96 96 96 96 95 95 95 95 93 93 92 92 91 92 91 91 89 90 89 89 89 87 87 86 86 86 86 85 85 84 85 86 84 84 84 85 82 83 83 83 82 85 82 82 84 84 83 85 84 84
95 96 97 98 99 98 99 99 101 103 102 102 103 103 103 102 103 103 104 103 103 103 104 104 103 100 100 103 102 101 100 100 100 100 99 99 97 98 97 98 97 95 96 95 94 94 95 95 93 91 91 91 91 91 90 90 90 89 87 86 88 86 86 85 86 84 84 86 85 82 84 84 83 83 83 83 83 82 83 83 83 81 82 82 85 84 83 83 84
97 95 96 96 97 100 99 99 99 100 100 103 101 101 103 102 103 101 102 102 102 104 103 104 101 102 100 103 101 100 101 100 99 97 97 99 99 96 97 96 97 96 95 95 94 94 92 93 93 94 91 91 91 89 90 89 88 88 88 87 86 87 86 85 85 85 85 85 85 83 83 83 84 83 82 82 83 82 81 82 84 83 85 82 83 84 83 85 84
96 96 95 97 98 98 99 100 100 100 100 102 103 103 103 103 101 103 102 102 102 101 102 101 103 102 100 100 100 100 100 98 98 98 98 98 97 97 96 97 95 94 95 95 94 95 93 93 93 93 93 91 91 90 90 89 88 87 88 87 87 85 87 87 85 85 84 85 84 84 83 83 83 82 83 82 82 82 83 83 81 81 82 83 83 83 82 85 81
93 95 97 97 98 99 100 100 99 100 100 101 101 101 103 101 102 101 103 102 102 102 101 102 101 102 102 102 102 101 100 100 98 100 97 98 96 96 96 96 95 95 95 95 93 93 91 94 91 92 91 92 91 88 89 88 87 89 87 86 87 85 85 85 85 84 83 83 83 83 83 82 81 83 80 81 80 81 80 81 81 82 82 82 83 82 84 85 83
93 97 96 97 98 97 99 100 99 101 101 103 101 103 100 101 100 103 100 103 100 103 102 102 101 101 100 101 100 101 100 99 98 98 97 97 97 96 97 95 95 93 95 94 95 95 93 94 91 91 91 90 91 87 89 88 88 87 86 86 86 86 86 84 85 85 83 84 83 83 83 81 81 83 81 82 82 81 82 82 81 82 82 83 83 83 83 84 83
94 94 95 96 97 98 98 99 100 100 100 103 100 100 101 103 103 101 100 102 100 100 101 102 102 101 101 99 100 99 98 100 99 100 97 99 96 96 97 96 94 93 94 94 94 95 91 94 91 90 91 89 91 90 90 87 88 86 86 87 86 85 85 86 86 84 84 83 84 83 82 82 82 82 81 81 82 82 80 82 81 80 81 81 82 82 83 85 82
94 96 97 95 96 98 98 99 98 99 100 99 99 99 100 100 99 100 101 102 102 99 100 101 101 102 102 100 100 100 99 99 99 100 97 98 98 97 95 96 93 93 93 92 94 92 92 93 91 92 92 90 88 90 89 89 88 87 86 85 85 86 86 84 85 83 83 83 82 82 81 83 82 81 81 81 81 81 81 81 82 80 81 80 83 83 82 84 82
95 93 96 98 97 97 98 99 99 101 100 99 103 102 99 103 101 101 103 99 103 101 102 101 101 100 101 101 99 99 100 98 97 99 97 96 97 98 97 95 95 94 92 93 92 91 91 93 91 92 91 90 91 91 89 88 87 86 88 87 87 86 86 84 85 84 82 83 83 81 81 82 82 81 79 81 82 82 80 80 80 81 80 81 82 82 81 82 84
94 95 97 96 97 98 97 99 100 99 99 99 102 99 102 103 100 101 102 102 99 102 102 99 101 99 100 100 99 99 100 100 100 97 99 96 97 96 94 94 95 94 95 93 93 91 92 90 93 92 91 90 91 89 89 89 87 87 87 87 86 86 84 84 85 85 83 84 82 83 82 82 81 81 81 80 81 82 81 81 81 82 82 82 82 81 82 84 84
95 93 96 95 96 98 98 99 99 101 100 102 102 102 102 100 102 99 103 100 101 102 99 101 101 99 100 99 100 97 98 97 98 96 99 97 97 97 97 96 96 92 94 93 92 92 92 91 90 90 91 91 90 90 89 88 88 86 85 87 84 84 85 84 85 82 82 84 82 82 83 80 81 81 80 80 82 80 81 82 81 81 82 80 82 83 81 83 83
94 95 96 96 97 96 98 99 99 100 101 102 100 100 100 100 102 100 103 102 103 102 99 99 101 99 100 99 97 97 99 98 97 97 97 97 96 95 96 96 93 93 93 93 92 92 91 91 92 91 90 91 90 90 89 88 88 86 85 84 85 86 86 84 84 82 83 82 82 80 82 82 80 82 82 81 80 80 79 81 81 79 81 81 81 80 83 84 83
94 94 95 97 97 98 99 99 102 102 100 102 100 102 100 100 100 103 99 99 103 102 102 99 100 99 99 100 97 98 98 97 98 98 96 96 95 94 96 96 93 94 94 93 93 93 93 91 90 92 89 89 89 90 90 88 86 86 85 85 86 84 85 82 84 82 84 84 83 82 82 81 82 82 82 81 82 80 81 80 81 82 81 81 82 83 84 82 84
94 95 94 97 97 98 96 98 101 100 101 100 102 99 99 102 100 102 99 103 102 102 99 102 100 99 99 99 97 97 98 98 98 98 97 95 95 95 95 94 96 93 93 92 94 92 92 92 92 92 89 89 89 89 89 89 88 88 86 86 85 85 85 84 83 83 83 83 83 82 82 83 82 82 81 82 82 82 82 80 81 80 82 82 82 82 84 84 85
94 94 94 96 97 96 99 99 98 101 102 102 102 100 102 99 103 103 102 102 100 102 99 100 99 99 100 101 98 97 98 97 97 95 95 95 95 95 95 95 92 93 93 94 93 92 92 91 92 91 90 89 89 91 89 88 88 87 86 86 86 85 84 85 83 84 82 83 83 82 82 81 81 81 81 81 82 80 81 82 81 83 83 82 83 83 84 84 85
96 94 94 95 96 96 97 98 99 101 103 103 100 102 100 100 102 102 102 101 99 99 100 99 99 99 97 99 99 97 97 98 97 96 97 95 95 94 95 93 93 92 94 91 91 92 92 92 90 92 90 90 90 89 89 89 87 87 87 86 86 84 83 85 85 83 84 83 83 82 83 82 80 81 81 82 81 82 81 81 81 82 81 82 84 84 85 85 86
93 93 94 96 96 97 97 99 99 99 102 103 101 102 100 102 102 102 100 103 102 102 99 100 101 102 100 97 97 97 99 99 99 99 95 95 96 94 94 96 93 93 94 92 92 92 92 90 91 90 91 90 90 90 88 88 88 86 87 86 85 85 85 84 85 84 84 82 82 83 84 84 82 81 83 82 83 83 81 81 81 83 83 85 84 84 84 85 86
93 94 94 94 97 96 98 99 99 99 102 101 103 101 102 102 102 100 102 102 100 102 102 99 101 101 100 98 99 97 98 99 96 95 96 95 95 96 95 93 92 93 92 92 92 92 92 91 91 90 90 91 90 90 88 89 86 88 88 87 85 86 85 84 84 85 84 84 84 82 84 82 83 82 83 84 82 82 82 81 84 82 83 84 86 84 85 86 86
93 93 93 94 98 96 96 100 99 100 101 102 103 103 100 101 103 101 102 103 102 101 100 99 101 100 99 99 96 97 96 96 98 95 96 96 93 96 96 93 93 93 94 93 92 91 90 91 90 91 91 90 90 88 89 88 88 88 87 86 86 86 85 85 86 86 84 85 85 84 83 82 82 83 82 83 83 83 84 83 84 84 85 84 85 86 85 86 87
92 94 94 94 96 96 98 98 96 99 100 101 103 103 103 104 102 102 103 102 103 102 101 100 98 98 100 97 98 96 98 95 95 96 96 94 95 95 95 93 93 94 93 93 93 91 91 91 91 90 91 89 91 90 88 87 88 86 88 86 87 85 85 86 84 84 84 82 83 84 84 82 84 83 82 83 83 83 84 84 85 84 84 86 86 86 87 87 87
93 93 93 94 93 96 97 97 96 100 100 101 102 104 103 103 104 102 102 101 99 102 102 100 99 99 98 99 96 95 96 95 95 95 94 93 94 95 95 93 95 94 93 93 92 92 91 90 91 90 91 90 90 91 89 90 88 89 87 88 86 85 85 84 85 85 85 84 84 84 84 84 83 84 83 84 84 84 84 85 84 85 86 86 89 88 88 88 90
92 92 93 94 95 96 97 96 99 100 100 101 100 101 104 102 102 102 100 100 100 99 102 99 100 99 98 98 96 96 95 96 96 94 96 93 94 93 95 93 93 92 93 92 93 91 92 90 90 91 91 90 90 89 91 89 89 89 88 87 87 87 86 86 86 86 86 85 84 84 84 84 84 83 84 86 84 83 84 84 87 85 86 89 85 89 88 91 89
92 93 92 93 94 94 97 95 97 100 100 100 100 99 101 102 102 99 99 100 97 100 99 98 97 98 98 96 96 94 96 96 94 95 96 94 93 95 94 93 93 93 92 92 92 92 92 91 91 91 90 90 91 89 91 90 90 88 89 88 87 87 86 86 86 85 84 84 84 84 84 85 85 85 84 84 84 86 85 86 87 87 88 87 89 89 91 92 92
