data_and_outputs/predictor_data/120/bioclim_12.asc
NCOLS 1199 
NROWS 625 
XLLCORNER -17.966918 
YLLCORNER -10.0196949358429 
CELLSIZE 0.0416666688395203 
NODATA_value -9999 
[rows 216 to 251 of 625, columns 810 to 890 of 1199]
1552 1544 1540 1531 1528 1526 1526 1520 1518 1514 1515 1516 1514 1511 1511 1509 1509 1512 1515 1522 1533 1535 1540 1549 1559 1569 1577 1581 1586 1592 1601 1612 1611 1616 1624 1629 1631 1636 1643 1651 1660 1664 1669 1681 1688 1694 1692 1695 1699 1705 1711 1711 1713 1718 1728 1732 1734 1734 1737 1740 1741 1740 1738 1740 1745 1746 1743 1738 1734 1736 1732 1724 1720 1715 1711 1712 1712 1715 1711 1710 1703
1543 1538 1533 1532 1531 1532 1528 1523 1518 1513 1513 1512 1512 1510 1508 1509 1512 1517 1521 1527 1533 1540 1545 1555 1563 1571 1581 1584 1588 1596 1602 1606 1610 1616 1621 1629 1638 1641 1648 1657 1665 1669 1677 1683 1690 1692 1696 1696 1707 1709 1711 1711 1709 1718 1725 1726 1728 1728 1736 1736 1734 1736 1733 1736 1734 1734 1732 1729 1732 1730 1727 1722 1717 1708 1709 1711 1709 1710 1711 1708 1699
1546 1541 1542 1542 1537 1534 1533 1528 1521 1517 1511 1511 1512 1512 1513 1513 1523 1526 1527 1531 1536 1544 1549 1560 1569 1581 1583 1586 1591 1598 1607 1612 1619 1624 1634 1636 1640 1647 1657 1666 1672 1674 1678 1683 1688 1693 1695 1700 1707 1711 1709 1705 1708 1715 1725 1725 1722 1724 1732 1733 1730 1733 1733 1730 1731 1731 1730 1726 1725 1727 1720 1715 1710 1710 1709 1706 1707 1710 1714 1706 1699
1550 1548 1551 1552 1543 1543 1534 1527 1522 1518 1519 1519 1520 1519 1520 1523 1530 1528 1527 1533 1543 1547 1552 1563 1575 1581 1585 1589 1594 1603 1613 1619 1627 1635 1639 1646 1651 1655 1666 1673 1678 1683 1686 1688 1691 1697 1697 1701 1708 1708 1706 1704 1715 1718 1721 1720 1718 1723 1733 1734 1728 1735 1731 1733 1732 1727 1734 1728 1723 1727 1720 1714 1716 1708 1711 1707 1708 1710 1713 1708 1706
1555 1557 1560 1555 1553 1547 1538 1531 1525 1521 1526 1528 1523 1525 1523 1526 1534 1530 1531 1537 1545 1556 1559 1565 1579 1586 1589 1591 1599 1611 1618 1625 1629 1635 1642 1652 1658 1661 1672 1681 1688 1688 1689 1695 1697 1700 1696 1699 1700 1705 1707 1704 1710 1716 1719 1711 1714 1715 1723 1730 1729 1732 1728 1727 1727 1728 1731 1723 1719 1722 1724 1717 1713 1710 1707 1705 1709 1711 1710 1703 1709
1561 1571 1565 1560 1559 1550 1540 1534 1525 1527 1532 1532 1526 1526 1528 1527 1534 1533 1532 1539 1549 1555 1559 1570 1583 1587 1591 1595 1602 1613 1620 1630 1633 1638 1646 1657 1666 1669 1677 1683 1691 1690 1696 1700 1704 1700 1697 1700 1701 1702 1702 1700 1703 1711 1710 1705 1711 1713 1715 1719 1721 1728 1728 1720 1720 1718 1723 1718 1712 1714 1718 1714 1706 1703 1700 1702 1708 1708 1701 1706 1715
1571 1575 1569 1565 1556 1551 1542 1536 1531 1533 1534 1531 1531 1530 1528 1530 1538 1539 1538 1546 1554 1558 1563 1574 1584 1586 1591 1596 1605 1616 1622 1630 1634 1640 1651 1660 1666 1671 1682 1688 1693 1695 1694 1697 1701 1701 1700 1700 1699 1698 1698 1702 1705 1707 1705 1703 1706 1706 1706 1708 1713 1715 1720 1717 1717 1714 1714 1710 1710 1705 1708 1708 1700 1698 1696 1695 1701 1695 1693 1697 1701
1575 1580 1574 1568 1559 1551 1543 1547 1546 1540 1539 1535 1533 1534 1535 1538 1540 1541 1543 1548 1555 1563 1568 1575 1586 1593 1594 1601 1609 1617 1628 1638 1639 1649 1659 1669 1670 1677 1686 1689 1691 1694 1696 1698 1702 1701 1699 1701 1701 1696 1700 1703 1704 1706 1708 1699 1697 1701 1701 1702 1703 1705 1710 1714 1719 1714 1712 1708 1708 1703 1706 1706 1707 1698 1693 1696 1697 1694 1692 1694 1696
1582 1584 1582 1579 1571 1564 1556 1560 1558 1549 1554 1546 1539 1535 1540 1538 1535 1537 1543 1547 1556 1564 1568 1575 1588 1596 1601 1606 1618 1625 1633 1642 1645 1654 1668 1674 1676 1680 1689 1696 1696 1698 1700 1705 1703 1705 1705 1703 1702 1699 1697 1701 1705 1708 1709 1701 1693 1695 1697 1695 1696 1696 1701 1704 1712 1720 1715 1710 1708 1706 1704 1704 1708 1709 1697 1700 1700 1693 1692 1695 1694
1586 1580 1577 1576 1572 1572 1565 1566 1561 1558 1565 1554 1541 1536 1531 1535 1534 1537 1540 1544 1556 1560 1565 1575 1584 1596 1604 1609 1618 1630 1638 1642 1652 1662 1671 1677 1681 1684 1689 1699 1701 1700 1699 1705 1703 1701 1699 1695 1699 1698 1700 1700 1701 1702 1700 1693 1687 1689 1693 1691 1688 1689 1692 1696 1705 1710 1715 1713 1706 1704 1704 1698 1702 1700 1701 1695 1691 1690 1690 1694 1692
1585 1577 1571 1572 1567 1569 1569 1568 1567 1559 1561 1546 1538 1539 1532 1530 1535 1535 1537 1547 1559 1562 1564 1572 1582 1594 1603 1606 1616 1625 1638 1643 1650 1659 1672 1677 1683 1688 1692 1698 1703 1704 1702 1699 1699 1699 1695 1695 1699 1696 1696 1696 1698 1698 1695 1686 1680 1682 1684 1683 1681 1685 1685 1691 1696 1699 1707 1712 1702 1701 1698 1695 1692 1693 1690 1692 1686 1684 1687 1687 1685
1578 1572 1567 1571 1565 1564 1569 1567 1567 1558 1545 1527 1533 1537 1536 1529 1529 1531 1543 1550 1556 1561 1568 1574 1580 1592 1600 1607 1613 1624 1638 1645 1650 1660 1673 1680 1683 1690 1696 1701 1705 1705 1703 1700 1699 1699 1695 1697 1697 1694 1692 1692 1696 1694 1686 1683 1674 1673 1668 1670 1671 1672 1677 1681 1685 1690 1694 1699 1702 1701 1696 1693 1687 1683 1684 1682 1681 1679 1682 1684 1684
1577 1573 1567 1565 1561 1566 1568 1569 1570 1562 1553 1533 1527 1526 1530 1526 1532 1541 1544 1549 1556 1562 1572 1577 1585 1590 1601 1605 1614 1628 1640 1648 1652 1661 1674 1682 1687 1696 1702 1709 1705 1704 1701 1702 1702 1701 1697 1700 1697 1704 1696 1689 1691 1692 1688 1677 1673 1670 1664 1661 1663 1667 1669 1673 1679 1681 1689 1692 1693 1696 1696 1692 1689 1684 1678 1680 1685 1681 1680 1683 1686
1572 1566 1566 1563 1558 1561 1563 1566 1559 1548 1541 1531 1520 1520 1522 1524 1531 1539 1542 1548 1554 1567 1571 1577 1584 1591 1595 1605 1611 1621 1630 1638 1648 1656 1670 1680 1689 1695 1700 1707 1710 1708 1705 1700 1701 1702 1694 1699 1698 1700 1695 1690 1687 1690 1686 1679 1676 1672 1666 1661 1657 1660 1665 1672 1671 1676 1686 1685 1683 1687 1694 1693 1687 1683 1683 1682 1682 1673 1681 1682 1685
1567 1565 1562 1556 1552 1550 1556 1546 1543 1536 1519 1511 1511 1515 1514 1517 1527 1531 1535 1538 1549 1557 1565 1569 1577 1584 1589 1597 1606 1617 1629 1631 1640 1648 1661 1672 1676 1683 1693 1701 1705 1701 1698 1699 1694 1697 1689 1689 1693 1696 1692 1687 1680 1682 1678 1676 1670 1670 1664 1655 1654 1659 1660 1665 1666 1670 1673 1673 1674 1678 1677 1685 1681 1679 1676 1676 1674 1669 1674 1680 1678
1559 1559 1552 1544 1539 1541 1545 1536 1530 1516 1503 1504 1504 1503 1504 1508 1517 1522 1525 1534 1544 1552 1554 1565 1569 1579 1586 1591 1599 1609 1615 1624 1634 1647 1653 1663 1668 1678 1687 1694 1697 1695 1692 1693 1689 1691 1684 1683 1683 1690 1688 1678 1671 1673 1674 1670 1666 1661 1656 1650 1652 1654 1656 1661 1664 1659 1659 1663 1665 1663 1664 1667 1673 1675 1666 1668 1666 1664 1664 1668 1672
1552 1545 1540 1531 1520 1528 1530 1521 1517 1524 1499 1497 1496 1496 1501 1503 1513 1515 1517 1529 1536 1543 1548 1560 1566 1573 1584 1586 1596 1601 1615 1622 1629 1641 1647 1662 1666 1675 1679 1685 1686 1686 1684 1681 1685 1683 1678 1682 1680 1687 1681 1672 1667 1668 1670 1667 1668 1659 1652 1647 1651 1652 1656 1659 1655 1653 1650 1652 1654 1659 1663 1667 1670 1671 1670 1664 1664 1662 1658 1663 1663
1549 1547 1544 1536 1517 1522 1515 1517 1503 1507 1498 1493 1491 1495 1500 1505 1507 1509 1522 1531 1537 1543 1552 1564 1570 1576 1579 1585 1591 1602 1614 1625 1636 1640 1655 1663 1664 1673 1679 1683 1680 1681 1678 1683 1682 1679 1680 1685 1685 1683 1676 1672 1670 1665 1664 1666 1662 1657 1652 1648 1645 1651 1652 1658 1658 1654 1655 1652 1652 1663 1665 1668 1676 1670 1670 1668 1664 1661 1661 1660 1657
1543 1546 1540 1531 1524 1507 1504 1503 1500 1497 1497 1489 1491 1495 1503 1505 1504 1508 1519 1528 1533 1543 1552 1560 1563 1572 1576 1581 1589 1598 1608 1618 1627 1639 1651 1656 1661 1667 1669 1672 1675 1679 1678 1680 1678 1678 1681 1683 1684 1679 1675 1670 1672 1662 1663 1665 1658 1653 1649 1651 1646 1643 1648 1655 1659 1654 1657 1649 1647 1656 1659 1663 1671 1670 1667 1664 1662 1659 1653 1653 1652
1537 1538 1531 1520 1511 1502 1495 1493 1491 1488 1485 1486 1485 1498 1500 1497 1498 1503 1513 1523 1527 1540 1547 1555 1560 1564 1568 1573 1580 1598 1609 1612 1617 1628 1639 1650 1653 1658 1663 1667 1668 1671 1675 1672 1675 1681 1678 1677 1677 1674 1666 1668 1665 1658 1659 1660 1652 1651 1644 1647 1642 1643 1646 1650 1652 1651 1653 1646 1641 1651 1659 1659 1664 1665 1662 1651 1654 1649 1646 1655 1649
1523 1522 1519 1509 1493 1492 1489 1485 1486 1484 1482 1482 1484 1493 1490 1487 1496 1498 1508 1517 1525 1533 1541 1543 1549 1554 1564 1566 1578 1591 1603 1607 1609 1616 1628 1640 1645 1650 1651 1655 1658 1661 1664 1663 1671 1674 1674 1672 1670 1664 1660 1660 1660 1651 1651 1657 1651 1645 1642 1642 1633 1634 1642 1648 1649 1646 1649 1641 1633 1640 1645 1645 1649 1654 1653 1644 1641 1643 1645 1645 1644
1517 1512 1514 1504 1488 1482 1481 1487 1486 1482 1478 1485 1489 1490 1484 1489 1491 1493 1504 1514 1523 1532 1536 1537 1545 1550 1557 1562 1570 1583 1595 1599 1604 1613 1623 1632 1640 1643 1647 1649 1656 1656 1659 1660 1666 1670 1671 1668 1661 1661 1663 1656 1651 1647 1646 1649 1646 1643 1637 1634 1629 1632 1635 1641 1649 1650 1644 1636 1628 1633 1638 1640 1647 1639 1634 1633 1631 1636 1634 1634 1633
1515 1515 1510 1504 1491 1487 1487 1491 1489 1484 1481 1495 1495 1489 1488 1493 1494 1499 1507 1516 1525 1532 1535 1536 1541 1549 1555 1561 1569 1581 1594 1599 1603 1614 1626 1629 1634 1641 1651 1654 1660 1660 1664 1664 1665 1664 1667 1669 1665 1665 1659 1653 1649 1650 1651 1649 1645 1641 1635 1633 1634 1632 1638 1642 1647 1648 1647 1639 1631 1632 1638 1639 1645 1637 1631 1627 1630 1629 1630 1629 1631
1512 1499 1495 1491 1487 1487 1489 1489 1489 1489 1493 1499 1495 1487 1493 1494 1491 1500 1507 1512 1518 1524 1524 1532 1538 1544 1553 1559 1568 1578 1591 1596 1597 1609 1625 1628 1635 1638 1646 1652 1658 1658 1661 1661 1663 1662 1663 1660 1663 1664 1660 1648 1652 1652 1654 1651 1647 1643 1637 1636 1634 1626 1628 1632 1638 1644 1642 1634 1631 1630 1635 1636 1634 1634 1626 1623 1619 1621 1625 1624 1627
1509 1495 1488 1485 1481 1478 1483 1485 1494 1493 1495 1493 1489 1489 1488 1488 1491 1495 1498 1502 1509 1513 1518 1529 1534 1540 1546 1550 1563 1572 1582 1584 1589 1601 1615 1624 1630 1632 1636 1643 1644 1648 1650 1653 1653 1652 1652 1651 1653 1653 1648 1644 1645 1648 1642 1639 1636 1635 1631 1628 1624 1621 1620 1626 1629 1634 1635 1632 1629 1625 1624 1624 1621 1628 1624 1620 1611 1611 1614 1618 1616
1500 1488 1485 1480 1476 1470 1474 1479 1483 1490 1491 1488 1486 1484 1485 1484 1484 1483 1488 1501 1507 1510 1515 1520 1527 1534 1536 1543 1551 1566 1572 1578 1581 1590 1602 1615 1620 1624 1631 1635 1638 1636 1639 1640 1642 1645 1643 1641 1643 1643 1639 1640 1642 1642 1634 1635 1627 1624 1627 1623 1619 1616 1614 1617 1617 1619 1625 1628 1624 1612 1612 1608 1612 1621 1614 1611 1605 1600 1608 1607 1606
1497 1492 1484 1478 1472 1476 1469 1476 1485 1491 1492 1487 1483 1484 1483 1483 1479 1483 1490 1501 1506 1506 1506 1514 1519 1527 1534 1537 1547 1561 1570 1574 1574 1587 1596 1605 1617 1621 1625 1630 1635 1633 1634 1633 1635 1635 1635 1635 1637 1637 1635 1635 1638 1634 1629 1635 1631 1624 1622 1621 1617 1616 1612 1612 1613 1617 1621 1622 1614 1608 1603 1602 1607 1610 1602 1599 1599 1593 1600 1600 1601
1494 1490 1480 1479 1478 1481 1474 1477 1484 1489 1491 1491 1485 1483 1483 1481 1480 1490 1496 1502 1507 1509 1508 1511 1523 1530 1536 1539 1544 1556 1567 1574 1579 1587 1597 1606 1615 1617 1619 1624 1629 1632 1634 1634 1634 1635 1634 1631 1633 1632 1637 1634 1633 1635 1635 1632 1628 1625 1621 1620 1620 1617 1615 1611 1614 1614 1619 1619 1618 1612 1607 1597 1603 1605 1601 1594 1593 1592 1592 1599 1613
1479 1485 1482 1482 1477 1480 1472 1474 1479 1485 1477 1485 1481 1479 1478 1477 1483 1485 1488 1491 1502 1504 1502 1510 1520 1525 1531 1533 1540 1549 1560 1571 1574 1582 1591 1604 1609 1611 1616 1620 1623 1624 1625 1627 1628 1631 1628 1626 1626 1628 1634 1631 1628 1633 1631 1629 1621 1618 1617 1619 1615 1612 1610 1610 1607 1613 1616 1621 1611 1598 1598 1593 1596 1588 1583 1587 1582 1580 1583 1596 1611
1465 1468 1463 1467 1471 1472 1469 1471 1472 1476 1473 1469 1471 1473 1474 1474 1475 1477 1481 1482 1487 1494 1495 1499 1507 1514 1519 1526 1533 1543 1554 1562 1567 1576 1587 1597 1598 1600 1605 1608 1613 1615 1614 1616 1618 1620 1619 1617 1619 1622 1625 1624 1622 1621 1628 1625 1618 1616 1619 1614 1608 1606 1602 1603 1602 1601 1603 1612 1598 1591 1595 1584 1582 1580 1583 1576 1571 1570 1571 1581 1602
1448 1454 1456 1455 1458 1459 1457 1455 1458 1467 1468 1462 1458 1458 1464 1461 1464 1468 1472 1477 1484 1488 1489 1491 1501 1511 1516 1521 1526 1532 1544 1555 1563 1575 1584 1589 1593 1593 1600 1605 1606 1607 1609 1608 1610 1609 1607 1608 1610 1613 1617 1616 1616 1615 1616 1616 1616 1615 1614 1607 1605 1601 1601 1603 1603 1598 1594 1601 1598 1592 1587 1577 1577 1580 1577 1570 1565 1561 1561 1570 1584
1451 1444 1447 1448 1451 1450 1448 1451 1450 1455 1464 1465 1460 1457 1452 1457 1456 1466 1471 1479 1481 1483 1485 1493 1504 1508 1515 1520 1525 1529 1540 1552 1561 1573 1579 1584 1590 1592 1596 1599 1601 1601 1603 1609 1610 1608 1608 1605 1607 1609 1611 1610 1614 1614 1613 1613 1611 1609 1607 1608 1604 1603 1607 1599 1597 1597 1595 1598 1599 1589 1582 1575 1581 1582 1582 1579 1575 1562 1554 1559 1568
1446 1448 1444 1442 1446 1449 1446 1448 1449 1458 1464 1464 1468 1461 1454 1451 1458 1463 1468 1478 1483 1485 1490 1495 1504 1510 1515 1517 1523 1528 1537 1551 1561 1569 1577 1582 1583 1590 1595 1596 1598 1600 1602 1602 1604 1606 1605 1602 1605 1607 1610 1609 1613 1612 1613 1607 1605 1607 1604 1606 1606 1607 1604 1602 1600 1604 1596 1597 1596 1589 1585 1587 1580 1577 1590 1591 1585 1574 1558 1557 1563
1435 1440 1440 1436 1437 1438 1438 1439 1447 1454 1456 1454 1459 1462 1449 1447 1451 1450 1463 1475 1479 1485 1487 1491 1498 1504 1509 1510 1515 1525 1534 1540 1551 1559 1568 1572 1576 1581 1587 1591 1593 1594 1597 1600 1604 1603 1603 1599 1596 1598 1603 1606 1607 1607 1605 1599 1597 1601 1596 1598 1598 1602 1602 1595 1599 1600 1596 1596 1593 1588 1585 1588 1584 1579 1583 1580 1567 1567 1557 1557 1559
1416 1425 1430 1431 1431 1426 1425 1436 1441 1445 1445 1447 1450 1450 1451 1444 1437 1439 1456 1472 1475 1479 1479 1483 1488 1495 1500 1503 1510 1518 1524 1530 1540 1549 1560 1565 1567 1574 1578 1586 1589 1592 1592 1594 1595 1595 1594 1592 1587 1588 1595 1594 1594 1594 1594 1587 1586 1590 1589 1591 1598 1598 1600 1596 1597 1598 1595 1590 1585 1585 1577 1577 1576 1578 1575 1571 1559 1553 1555 1553 1554
1403 1412 1420 1423 1422 1420 1418 1420 1427 1432 1434 1436 1441 1444 1440 1441 1432 1430 1444 1461 1470 1471 1474 1477 1485 1491 1493 1497 1503 1511 1517 1527 1533 1542 1552 1555 1562 1565 1570 1578 1586 1586 1585 1587 1588 1586 1585 1583 1579 1582 1587 1585 1583 1583 1587 1582 1581 1581 1580 1582 1586 1589 1594 1593 1586 1584 1588 1587 1582 1576 1567 1563 1564 1567 1566 1561 1548 1546 1545 1549 1554
