data_and_outputs/predictor_data/120/bioclim_16.asc
NCOLS 1199 
NROWS 625 
XLLCORNER -17.966918 
YLLCORNER -10.0196949358429 
CELLSIZE 0.0416666688395203 
NODATA_value -9999 
[rows 370 to 406 of 625, columns 1020 to 1104 of 1199]
760 757 752 750 746 745 741 740 737 736 735 733 731 729 732 730 729 727 727 727 726 722 722 722 720 720 717 717 716 715 714 714 715 714 713 711 711 708 708 707 706 705 702 702 699 699 696 696 695 691 689 687 687 687 690 690 690 691 692 693 691 686 684 679 672 670 668 667 668 658 653 654 654 647 642 642 637 630 630 627 624 620 618 615 615
762 757 754 749 746 744 738 735 734 731 729 727 725 725 728 727 728 726 726 725 723 720 719 718 716 716 717 715 712 714 712 710 710 710 711 714 710 706 707 704 703 700 699 698 697 694 692 690 689 687 688 686 690 691 691 689 686 687 685 686 685 681 677 676 671 667 665 664 666 658 648 650 649 648 636 635 629 627 625 624 619 615 612 611 613
763 759 756 752 749 747 746 739 736 732 729 726 724 723 723 725 724 724 723 723 721 719 718 717 716 716 712 712 713 713 711 710 709 711 731 728 720 711 710 703 701 701 697 696 695 692 691 690 686 686 689 692 691 695 693 690 686 687 682 681 680 679 674 672 668 667 666 662 667 657 646 642 644 640 633 629 626 623 620 619 615 609 609 609 616
768 762 757 756 753 745 744 739 738 735 729 726 723 722 723 724 723 720 721 720 719 717 715 715 714 714 714 710 711 711 715 713 709 708 710 728 726 720 707 702 702 704 701 697 694 692 692 689 688 690 686 690 692 693 692 691 688 686 683 680 678 675 673 669 666 663 662 661 659 653 642 639 643 636 631 628 624 620 616 612 609 608 610 601 605
770 765 761 757 752 748 743 742 738 735 733 726 719 718 720 721 722 719 719 719 717 715 717 715 715 715 714 711 714 714 719 722 711 708 708 709 714 710 708 702 701 701 699 700 695 691 691 694 694 692 687 691 693 693 691 690 690 687 684 681 678 673 671 667 662 662 660 658 655 645 638 634 636 632 628 623 621 618 614 610 606 607 605 599 602
768 764 760 756 753 749 745 742 738 734 730 726 718 713 718 721 719 720 717 718 716 717 716 716 715 714 713 713 713 713 716 716 711 709 707 707 707 707 706 706 703 708 712 703 697 694 697 696 696 695 692 692 695 691 691 689 687 685 683 679 676 674 669 666 661 660 655 654 651 640 634 633 633 628 623 621 617 616 610 606 605 607 605 597 600
770 765 761 757 754 752 747 742 738 735 731 729 720 716 718 719 719 719 717 715 714 715 715 716 714 714 714 713 710 710 712 712 710 708 708 707 704 704 704 704 704 709 721 714 710 703 696 696 696 695 695 691 691 691 689 686 685 683 680 677 674 672 667 663 661 657 655 649 646 644 634 630 628 622 620 619 617 611 607 602 600 600 602 595 593
767 763 760 756 754 749 746 743 739 737 734 731 728 721 722 719 718 718 719 719 715 710 712 715 714 714 713 713 712 712 710 710 710 710 709 707 706 704 702 707 702 706 722 730 726 709 696 694 694 692 691 690 690 689 686 684 683 683 680 674 672 669 666 663 661 658 652 646 644 639 635 625 621 619 618 620 618 610 603 597 597 598 600 596 590
767 762 759 755 753 749 746 743 740 735 733 732 728 725 722 720 718 717 718 718 716 713 709 712 713 714 714 713 713 712 712 712 710 709 709 707 705 703 703 707 702 701 712 722 720 720 709 697 691 696 697 696 694 691 689 686 683 681 677 674 669 667 665 661 659 656 654 648 642 636 630 620 618 618 614 615 613 607 599 594 595 596 595 598 588
769 764 760 756 753 747 745 741 738 738 735 733 730 727 723 721 720 718 716 718 718 716 711 710 713 713 713 712 713 713 710 709 709 709 712 709 707 705 702 702 701 701 701 701 705 706 709 706 695 696 696 695 691 692 689 686 683 680 676 673 671 666 663 660 656 654 651 645 639 636 630 624 618 616 615 612 609 604 596 592 596 594 593 604 597
771 765 761 758 754 750 745 741 739 738 736 733 732 731 725 723 721 718 717 718 717 717 711 708 710 710 712 712 712 711 709 711 709 709 717 720 713 719 712 702 701 700 699 699 699 702 705 707 708 690 694 692 689 689 686 685 683 679 677 673 670 666 663 660 656 651 650 648 644 638 636 626 620 619 613 606 602 597 592 588 591 597 600 595 590
772 767 761 758 756 752 746 743 741 738 735 734 730 728 727 723 721 719 719 717 715 714 711 709 709 710 712 711 711 712 712 709 707 707 707 707 709 714 714 720 714 709 707 705 705 703 697 700 697 694 688 691 690 690 688 684 682 679 678 676 671 666 664 661 655 653 650 648 645 642 638 627 618 616 611 604 598 593 588 584 585 592 588 582 581
771 767 761 757 757 752 746 742 740 738 735 734 731 731 727 724 721 721 718 718 715 712 712 707 709 711 711 713 713 712 708 713 708 707 706 706 705 702 702 702 702 699 696 700 701 701 695 695 695 695 691 689 691 689 688 683 682 680 679 676 672 666 665 659 656 654 651 650 648 642 632 621 616 614 608 603 597 591 586 583 583 577 576 578 573
770 767 764 759 757 753 748 743 740 738 737 734 731 731 729 727 723 721 719 717 715 713 711 708 709 709 712 712 709 709 706 706 706 706 704 704 704 704 700 700 699 696 694 694 693 690 690 688 692 696 693 690 689 688 687 683 681 678 677 676 671 665 662 660 658 656 654 651 648 643 630 624 617 609 606 601 595 589 587 582 577 575 578 577 568
771 767 762 760 758 756 749 743 741 739 735 732 731 730 731 726 723 721 718 718 717 713 711 707 709 709 711 709 711 708 710 708 707 705 705 704 704 701 700 698 696 695 695 695 693 692 689 688 692 694 690 688 688 687 684 682 678 678 677 675 675 670 664 661 660 658 654 652 649 640 634 622 614 609 604 602 596 595 588 583 577 572 573 577 568
770 765 762 761 759 756 749 746 741 739 737 736 732 730 729 728 725 722 720 718 715 712 711 708 708 711 711 711 708 708 708 710 708 706 706 706 704 702 701 700 699 698 698 695 694 693 692 693 692 687 687 686 687 687 684 681 677 677 677 676 676 672 665 664 660 658 655 653 649 641 631 623 615 609 606 603 596 589 586 581 575 572 572 576 565
771 768 764 761 759 756 750 746 742 739 738 734 732 731 729 728 725 722 720 718 715 713 711 709 708 711 710 710 711 710 707 707 710 708 705 705 705 704 701 699 698 698 698 695 695 695 694 694 699 694 696 694 690 687 684 680 678 676 675 672 673 673 665 665 665 659 658 653 644 638 630 622 616 611 608 598 596 594 585 579 576 577 572 573 568
769 766 764 762 761 756 753 746 744 742 737 734 732 731 728 727 725 722 720 718 717 714 711 711 708 711 711 711 712 712 708 706 707 707 706 706 705 703 703 699 699 697 695 693 693 693 692 694 698 700 694 688 705 699 678 678 677 675 675 675 675 673 667 665 663 660 655 648 642 636 630 624 616 613 608 598 598 612 600 581 575 577 573 571 574
770 766 762 762 761 757 753 747 745 741 738 735 731 730 730 728 724 722 722 718 716 714 712 712 707 711 710 710 710 712 711 707 707 707 704 704 704 704 704 700 698 695 695 694 693 694 693 691 693 689 687 682 689 681 680 680 675 672 672 671 676 674 670 667 664 659 652 643 636 634 628 622 616 611 603 600 596 605 612 587 574 571 573 567 568
771 767 764 760 760 757 751 748 745 742 739 735 732 730 730 727 724 722 724 721 717 716 714 712 708 708 710 711 712 712 712 711 709 706 706 705 703 704 704 701 699 698 696 693 693 692 692 693 693 692 685 680 679 679 683 681 675 669 669 668 671 668 668 667 664 658 652 645 640 634 630 621 616 608 604 601 596 598 605 596 575 569 572 569 563
771 768 764 760 761 758 753 751 745 743 739 735 733 729 728 727 722 721 722 722 720 716 714 710 710 710 709 710 710 712 712 712 711 709 707 704 704 704 704 703 700 700 697 694 693 696 704 696 691 691 687 680 688 682 685 680 669 665 668 667 666 665 662 663 665 658 653 647 641 635 629 621 620 612 604 602 597 592 590 588 576 570 568 564 558
772 768 765 762 761 756 753 747 745 743 739 735 732 731 730 726 723 721 722 720 719 717 715 710 711 710 710 710 710 711 712 711 711 711 708 706 704 703 702 702 702 700 698 698 698 694 694 691 693 687 681 681 684 680 673 668 668 670 668 668 667 664 661 660 659 656 651 647 642 634 629 622 621 612 604 601 599 593 588 590 579 573 567 562 556
771 768 764 761 759 755 749 747 745 742 740 735 732 732 729 726 725 723 719 720 718 715 711 713 715 711 711 709 709 710 711 711 711 711 709 708 705 704 703 700 700 702 700 697 696 692 692 690 688 688 685 679 684 676 672 672 669 670 672 665 665 664 661 658 658 657 654 650 644 636 633 627 622 616 607 606 601 595 594 588 582 574 565 562 557
770 764 763 759 759 755 749 747 744 742 738 735 732 730 730 728 724 722 722 719 717 714 713 715 715 715 713 710 710 709 709 711 711 711 711 708 708 705 704 703 702 701 701 698 695 693 690 687 687 686 684 680 680 677 674 673 678 675 674 670 666 665 661 658 656 653 652 651 648 639 634 629 624 617 608 608 605 597 595 589 585 574 567 562 556
770 764 761 756 756 753 749 746 744 743 738 735 731 730 730 727 725 725 721 720 716 714 715 717 716 715 714 714 712 710 710 711 711 710 710 709 707 705 705 705 703 702 699 699 698 695 691 687 686 685 683 680 678 678 678 674 677 679 676 676 674 668 662 658 655 653 652 649 646 645 639 633 625 615 609 612 605 599 594 592 581 577 568 562 557
766 763 760 756 755 752 748 746 744 742 740 735 734 733 730 727 726 724 723 721 716 715 715 718 718 718 717 716 712 712 709 709 711 711 710 708 707 705 704 704 704 704 703 701 699 696 693 689 687 685 683 680 678 675 675 673 674 676 677 679 673 668 666 661 654 651 650 647 645 641 639 638 632 621 614 608 607 603 597 592 584 581 570 568 558
765 763 758 755 755 752 748 746 743 742 739 735 734 732 731 728 727 725 723 720 717 715 714 715 717 717 717 717 716 714 711 711 711 709 709 709 707 707 705 705 705 704 705 703 703 698 695 691 691 688 686 685 683 679 674 672 669 669 672 675 674 671 669 663 660 652 648 645 644 638 635 634 631 624 622 613 610 606 600 594 586 580 569 570 562
764 760 758 755 755 751 749 746 744 741 739 737 734 732 731 729 727 725 724 721 716 714 715 715 714 715 716 716 716 713 713 710 709 709 708 707 706 707 704 706 704 704 703 702 702 701 698 695 695 694 689 688 689 686 680 676 673 677 674 676 674 674 669 663 659 655 649 643 642 639 637 632 631 629 625 619 616 610 605 599 590 578 575 567 566
761 759 756 755 754 751 749 746 743 741 740 737 735 733 730 729 726 724 724 720 718 713 715 714 714 713 715 715 715 715 712 712 710 708 708 708 707 706 706 706 706 706 704 704 704 700 698 698 696 692 689 689 689 688 686 682 677 677 679 679 678 676 669 665 660 657 653 647 641 640 636 632 628 627 628 625 621 618 609 602 593 581 578 577 569
763 759 756 755 753 752 749 746 743 741 739 737 735 733 730 728 727 726 724 722 718 715 716 714 713 713 713 713 716 715 713 713 711 710 709 709 709 708 705 705 705 705 705 705 703 702 697 696 696 691 691 690 686 687 684 682 687 687 687 686 680 676 671 667 664 659 653 651 644 638 639 638 632 629 626 626 624 617 612 602 591 585 595 580 577
762 758 756 754 752 751 749 744 743 740 739 737 734 732 729 729 727 725 723 721 718 714 715 716 716 712 713 713 714 713 713 713 710 711 709 709 708 708 708 707 706 706 706 704 704 701 698 696 700 695 689 689 687 687 687 701 698 690 691 693 684 679 674 670 669 669 663 655 651 647 644 644 654 645 641 634 629 614 605 597 599 590 586 574 569
762 758 754 752 751 750 746 744 742 739 739 736 734 731 731 729 727 725 723 721 720 715 714 716 716 715 714 713 713 713 712 712 712 712 710 708 708 708 708 707 706 706 705 703 703 702 699 697 694 691 689 688 686 685 689 704 702 696 695 693 692 685 680 678 673 672 666 664 662 655 660 656 654 652 647 639 642 634 606 599 608 602 597 585 578
759 758 754 752 751 748 746 744 742 741 738 736 732 731 730 729 728 725 723 720 720 717 713 715 716 716 714 713 713 712 712 712 711 711 711 708 708 708 708 708 706 706 705 705 704 704 701 696 694 691 692 692 690 688 684 683 693 701 699 693 685 683 682 680 678 680 674 665 663 651 639 637 625 621 612 607 628 619 596 599 602 602 604 593 577
758 756 753 751 751 747 745 743 742 740 739 736 732 730 730 729 727 725 725 720 720 717 715 714 717 716 716 716 714 714 714 712 711 712 711 711 711 710 709 709 707 707 705 704 704 704 701 699 694 694 695 694 693 696 688 690 682 696 705 701 690 675 682 684 674 678 679 667 655 641 640 629 622 622 612 614 635 622 602 596 596 631 619 608 593
755 753 751 751 749 748 745 741 739 739 738 736 731 730 730 728 727 725 724 722 719 717 714 713 716 716 715 715 715 714 714 714 713 711 711 710 709 710 710 710 710 709 710 710 709 709 707 704 700 701 700 695 698 693 701 695 686 699 713 718 702 678 688 695 666 666 669 675 669 652 647 632 642 629 617 605 621 625 597 607 627 604 596 595 577
754 751 750 748 748 746 744 740 739 738 736 734 732 733 728 728 726 724 724 722 720 718 714 713 715 717 716 716 715 715 715 715 715 715 715 714 714 712 714 715 715 715 716 714 713 712 713 710 705 705 704 700 697 696 701 691 686 685 683 687 684 679 678 687 671 672 665 665 645 639 633 627 626 627 622 610 606 612 607 611 614 598 578 593 570
751 751 748 747 747 746 743 740 738 738 735 734 732 732 729 729 727 726 723 723 719 718 717 714 713 718 717 718 718 718 718 718 718 718 718 719 719 719 720 720 723 719 720 718 718 719 717 714 711 710 706 705 701 700 697 694 690 687 685 682 685 678 677 677 664 673 665 658 648 632 625 618 615 610 608 604 603 594 597 605 589 610 621 609 599
