data_and_outputs/predictor_data/120/bioclim_16.asc
NCOLS 1199 
NROWS 625 
XLLCORNER -17.966918 
YLLCORNER -10.0196949358429 
CELLSIZE 0.0416666688395203 
NODATA_value -9999 
[rows 0 to 36 of 625, columns 85 to 169 of 1199]
-9999 -9999 -9999 -9999 -9999 -9999 -9999 -9999 -9999 -9999 -9999 -9999 -9999 -9999 -9999 -9999 -9999 -9999 -9999 -9999 -9999 -9999 -9999 -9999 -9999 -9999 -9999 -9999 -9999 -9999 -9999 -9999 -9999 -9999 -9999 -9999 -9999 -9999 -9999 -9999 -9999 -9999 -9999 -9999 -9999 -9999 -9999 -9999 -9999 -9999 -9999 -9999 -9999 -9999 -9999 -9999 -9999 -9999 -9999 -9999 -9999 -9999 -9999 -9999 -9999 -9999 -9999 -9999 -9999 -9999 -9999 -9999 -9999 -9999 -9999 -9999 -9999 -9999 -9999 -9999 -9999 -9999 -9999 -9999 -9999
353 353 353 353 350 350 348 347 345 345 342 339 338 335 333 332 331 333 334 333 337 338 339 339 338 336 336 336 336 334 334 332 331 328 327 324 324 324 325 325 326 326 326 326 325 322 318 317 314 312 309 306 304 303 301 298 295 294 296 296 297 299 296 291 293 296 298 300 303 307 309 309 309 309 309 308 308 307 308 307 307 305 305 305 303
362 361 361 361 360 358 358 356 355 353 351 351 348 346 345 344 342 343 342 344 343 343 343 346 344 343 343 342 341 340 338 336 336 336 332 331 331 330 330 330 330 331 331 330 329 326 325 322 320 317 314 311 309 307 305 302 298 296 298 298 298 298 295 294 296 296 300 302 306 311 312 311 311 313 313 312 312 311 313 311 311 312 311 311 311
369 369 368 367 367 367 365 365 363 363 361 358 358 357 355 354 353 354 353 354 352 350 350 350 350 349 349 347 349 346 343 342 341 340 337 339 336 336 334 334 335 335 334 334 334 330 330 326 324 322 318 314 313 311 309 305 302 301 298 301 301 300 297 295 296 297 298 302 307 311 313 314 315 313 315 316 316 316 316 318 318 317 318 319 317
377 377 377 375 375 375 375 373 373 370 371 369 367 368 366 365 364 365 364 362 361 360 358 357 357 357 356 356 355 353 349 347 346 345 344 341 340 340 339 340 339 341 339 338 338 334 334 330 330 326 322 321 319 315 311 307 303 305 302 301 304 304 301 297 296 296 298 301 306 311 313 313 315 317 318 320 320 322 323 323 324 324 323 324 324
384 384 384 384 384 383 383 383 383 381 380 380 378 379 378 376 375 376 374 375 372 370 368 367 367 365 364 364 360 359 357 354 352 350 349 346 344 344 345 344 343 345 343 343 342 339 338 336 334 331 328 325 323 319 315 312 308 309 309 306 305 306 303 298 296 297 298 300 304 309 312 315 317 319 321 323 327 328 329 331 329 330 331 331 329
391 392 392 393 393 393 393 394 392 392 391 391 390 390 389 387 386 387 385 383 383 381 378 378 376 376 373 372 368 367 363 362 359 356 354 350 350 349 351 349 348 350 347 347 347 345 343 343 339 336 333 329 327 325 320 316 312 314 315 316 314 307 309 297 295 294 296 300 304 307 312 316 318 322 326 327 331 333 335 336 337 336 337 337 336
399 400 400 402 403 403 401 402 402 402 401 401 400 399 398 398 398 397 395 396 394 392 392 390 388 385 384 381 379 374 371 366 365 361 359 357 356 355 353 353 352 353 351 351 351 351 348 348 344 341 338 336 332 329 325 321 317 315 319 318 317 312 306 293 292 291 294 297 302 306 312 316 319 324 327 332 334 338 340 341 343 344 345 343 342
407 407 409 409 410 411 411 411 412 413 413 412 412 411 409 411 409 410 408 407 405 405 403 401 399 396 393 389 384 381 378 373 371 368 365 362 360 359 357 357 357 356 356 357 356 356 354 353 350 348 346 342 338 334 331 325 323 323 319 319 315 311 300 293 289 288 292 296 302 307 312 318 323 327 331 335 338 343 346 347 348 352 351 351 347
416 417 417 418 420 421 421 421 423 424 424 423 423 422 423 422 423 421 419 418 419 417 415 413 410 408 405 401 395 388 384 382 377 375 371 369 365 363 361 361 364 364 362 364 364 361 361 358 358 354 353 350 346 343 338 331 327 325 318 320 316 300 293 289 286 288 289 294 302 308 314 319 326 332 336 339 347 349 354 356 358 358 357 356 355
424 424 427 427 429 432 432 432 433 434 435 436 435 435 435 435 434 432 433 432 430 428 428 426 422 422 419 412 404 397 391 387 385 380 378 377 370 369 369 368 368 369 369 369 369 368 367 366 366 363 360 359 356 350 344 340 333 328 321 315 311 300 294 287 284 284 289 295 302 310 316 325 331 337 343 346 350 359 364 364 366 365 364 364 363
431 434 436 438 439 441 443 444 444 445 446 447 448 446 447 446 446 445 444 444 443 441 440 437 435 430 427 420 413 405 399 394 390 388 385 381 376 373 373 373 374 376 377 377 378 376 375 375 374 372 369 368 364 357 353 347 341 340 330 321 315 305 297 288 282 286 291 297 306 313 322 331 337 343 349 355 357 362 370 372 374 375 376 374 375
440 443 445 446 450 450 453 454 457 457 458 459 458 459 460 459 460 459 458 456 454 453 453 449 446 441 437 430 422 415 407 403 400 396 391 386 382 381 381 380 381 385 385 386 384 383 383 383 381 380 380 376 371 367 362 356 348 345 335 340 328 313 302 293 288 288 296 303 312 319 327 336 343 349 354 363 366 370 376 380 383 385 387 387 386
450 450 454 456 456 460 463 464 467 468 471 473 471 472 474 473 472 471 471 470 469 467 464 462 457 453 447 441 433 424 417 412 408 405 401 397 393 389 389 389 393 393 393 393 395 395 393 392 390 390 389 383 380 376 372 364 358 352 344 342 335 320 311 304 300 298 303 312 319 328 334 343 351 358 364 373 377 381 385 389 391 393 395 394 394
457 458 461 465 467 470 474 477 477 481 481 482 484 486 484 486 485 484 485 483 482 480 478 475 470 467 461 454 446 438 431 426 422 417 413 408 405 401 401 400 401 402 403 403 403 403 404 401 401 398 398 394 392 388 381 375 369 362 354 345 338 329 322 315 313 313 317 321 329 337 343 352 359 368 376 383 388 390 395 400 400 401 404 404 404
464 468 471 474 478 480 483 487 490 491 495 496 497 498 498 496 498 497 496 494 493 494 490 487 484 481 474 469 461 454 446 440 433 429 424 420 417 415 413 415 412 413 413 415 415 416 415 414 411 412 411 405 401 397 392 386 380 373 364 357 349 342 334 329 327 327 329 334 339 348 353 362 369 378 384 389 395 400 405 407 411 410 412 413 415
473 476 479 482 485 491 494 498 500 503 507 508 507 509 511 511 510 509 510 509 508 506 504 501 498 495 489 485 478 470 463 455 451 444 439 435 431 427 427 425 425 425 426 424 423 424 422 422 423 423 418 415 413 410 404 398 391 385 375 367 360 355 348 344 342 342 346 348 353 359 367 373 382 388 394 400 404 408 416 418 422 422 422 423 427
480 484 487 493 496 500 502 506 511 514 518 519 521 521 522 522 523 523 523 523 524 520 517 518 513 509 506 499 493 485 478 473 467 459 454 448 446 443 441 439 439 438 438 436 436 434 434 433 432 431 429 429 426 422 418 411 404 396 389 379 374 367 362 360 357 357 360 363 368 373 379 385 393 399 405 411 416 419 426 429 433 435 436 435 438
488 491 495 501 504 510 513 517 520 525 528 530 532 534 534 536 538 538 539 538 539 538 535 533 529 527 522 517 510 503 496 489 485 476 469 463 459 456 455 454 453 453 449 447 446 444 444 441 441 440 441 439 440 436 432 423 415 407 399 392 385 381 376 375 372 373 375 378 383 389 396 402 407 414 419 423 427 432 438 441 444 446 447 448 449
497 499 505 508 512 518 521 525 531 536 541 542 544 545 545 548 550 551 551 552 554 552 551 549 546 542 539 535 529 525 515 509 503 495 487 479 474 471 471 469 466 464 461 459 458 456 453 453 451 451 451 452 451 450 445 433 426 418 411 404 398 394 390 387 387 388 392 396 400 406 411 417 422 428 432 436 440 444 450 454 455 458 458 459 463
504 510 514 518 522 526 530 536 542 546 549 554 556 558 559 560 562 564 565 566 568 567 568 566 564 561 557 554 548 543 536 529 523 515 506 496 493 490 487 484 481 478 476 473 471 469 466 464 462 460 461 459 457 459 452 444 435 427 419 413 409 406 402 401 402 405 407 409 413 422 426 431 437 441 446 450 454 459 464 465 467 468 469 470 472
513 519 522 528 531 535 541 545 551 555 559 564 566 569 572 574 576 577 580 582 584 585 585 584 583 580 577 575 570 563 558 551 545 537 528 519 513 507 503 501 495 492 488 484 480 477 475 472 470 470 468 463 464 459 455 449 442 436 428 424 420 417 415 415 416 418 419 424 426 431 440 449 453 455 461 466 468 474 479 479 480 481 481 482 482
520 526 530 536 541 545 549 553 560 564 568 573 577 579 584 586 589 590 592 597 599 601 602 604 601 602 599 597 592 586 580 575 567 560 551 541 533 527 521 517 511 505 502 497 492 488 485 482 477 476 472 469 464 462 459 453 449 443 437 433 430 429 429 429 429 431 434 436 442 446 457 465 470 473 477 480 484 486 490 493 494 495 496 494 494
529 535 539 544 548 554 559 565 569 573 577 582 587 591 595 599 603 606 608 610 614 616 618 620 620 621 619 617 613 609 602 598 591 582 574 564 557 548 541 535 527 521 515 509 503 500 494 490 486 481 476 473 468 464 461 457 454 448 447 444 441 439 440 440 441 446 450 452 457 462 466 475 485 488 492 497 500 502 504 507 508 509 508 507 506
537 543 546 550 557 561 567 571 577 582 587 591 596 601 606 611 614 620 623 625 631 633 637 639 640 641 641 640 637 633 629 622 615 606 598 588 580 571 561 551 544 536 529 522 515 509 503 498 492 488 481 474 469 465 461 459 456 456 453 452 450 450 450 453 457 460 465 468 471 479 483 488 496 504 507 513 516 518 519 520 520 519 520 519 520
544 549 555 559 565 568 575 580 586 591 595 602 608 613 617 622 628 633 638 641 646 649 654 658 660 661 664 662 663 659 653 647 639 630 622 611 601 592 581 571 561 552 542 535 528 519 513 507 500 492 484 477 471 466 463 461 461 458 461 461 461 462 463 465 469 473 477 482 485 491 497 502 510 521 525 528 531 534 534 533 532 531 532 532 535
553 559 563 566 573 578 584 589 595 600 605 612 616 622 628 634 639 645 651 657 661 667 673 677 680 683 685 686 687 684 680 673 665 657 646 633 622 612 599 589 576 568 557 549 539 529 522 513 509 497 488 479 472 467 465 463 463 463 464 467 470 472 473 478 480 485 491 496 501 506 512 518 526 534 539 543 546 548 549 545 545 545 546 547 547
561 565 571 575 582 586 592 597 604 609 613 620 626 632 639 644 652 658 663 671 677 682 688 696 699 704 708 713 711 710 707 701 692 681 668 657 643 631 619 605 593 582 573 559 549 539 530 521 512 501 490 480 474 466 462 462 466 465 472 475 478 482 486 491 495 499 504 510 515 520 526 532 537 546 552 556 561 562 562 559 557 558 558 558 559
568 573 579 584 588 594 599 605 611 616 622 630 635 642 648 656 661 669 677 684 690 700 707 713 721 727 731 737 738 738 733 727 719 706 692 678 664 651 636 622 609 595 584 573 560 549 538 528 517 504 492 482 472 465 461 464 465 471 478 483 487 492 499 505 510 514 521 525 529 535 540 546 552 556 564 569 573 572 570 569 567 568 569 568 567
574 581 585 591 595 603 607 614 618 626 631 638 644 652 658 665 673 680 688 697 706 714 721 730 738 747 754 760 765 766 763 754 745 731 716 698 682 668 651 637 623 610 596 583 569 557 546 535 522 509 496 484 473 462 460 464 469 476 485 491 498 506 512 517 524 530 535 540 544 549 552 557 562 565 575 578 581 581 580 577 578 579 579 577 578
583 587 593 597 603 609 614 620 627 632 639 646 652 660 666 674 683 691 700 708 718 728 736 745 754 766 775 785 791 794 792 786 773 755 738 719 701 683 665 651 634 621 608 592 579 567 554 542 529 515 502 489 476 464 459 467 476 484 493 502 511 520 526 531 538 543 548 553 555 559 562 569 572 575 584 588 589 587 588 586 587 585 586 587 589
590 594 599 605 609 616 621 628 633 640 648 653 661 668 674 684 691 700 708 718 728 739 749 761 771 782 794 805 815 822 823 814 798 779 757 736 716 698 679 662 647 632 617 602 589 574 563 551 537 524 510 498 485 474 470 476 485 494 506 515 524 534 540 548 553 558 562 563 566 568 572 577 581 582 589 597 596 596 595 595 594 595 597 598 599
598 602 607 611 617 621 627 633 640 646 653 661 666 675 683 690 700 709 717 727 736 748 759 771 783 796 809 822 837 847 849 838 818 796 772 751 730 710 691 672 655 641 626 612 600 586 570 559 545 532 523 510 498 491 488 492 500 508 517 528 538 547 555 563 567 571 574 575 575 577 582 587 589 590 592 603 602 601 602 603 603 602 604 606 609
604 609 614 618 623 629 635 639 645 651 659 666 675 681 688 697 706 714 726 735 745 756 768 780 793 804 820 834 849 860 865 852 830 807 784 760 740 719 701 682 665 649 635 620 607 595 580 569 556 545 534 523 514 509 507 511 520 523 531 541 551 559 570 577 580 583 583 585 585 587 590 594 596 595 597 605 608 606 608 610 608 610 612 615 619
611 615 619 624 631 635 639 647 651 659 666 672 680 687 696 705 713 723 731 740 753 763 775 788 799 812 826 839 852 864 866 856 836 814 790 769 746 725 707 690 671 657 642 628 616 604 593 579 566 557 547 536 530 525 525 526 535 539 547 556 563 573 583 589 593 593 594 594 594 596 597 598 602 600 604 607 609 611 610 616 616 616 619 624 624
616 621 625 631 636 640 647 652 659 663 671 678 685 693 702 709 718 728 736 746 757 767 777 790 801 814 826 839 849 857 856 849 833 813 791 771 750 730 713 694 676 663 649 635 623 611 600 589 577 568 560 551 545 540 541 544 547 554 562 571 577 588 597 601 604 604 604 603 603 603 603 604 606 608 607 610 612 613 616 618 620 622 624 628 627
622 626 633 636 641 645 652 657 663 669 676 682 690 698 707 714 721 730 740 750 759 770 781 791 802 812 824 834 840 845 846 837 824 807 789 769 750 732 715 698 682 666 653 641 629 620 608 597 587 577 570 565 558 556 558 559 565 570 577 586 592 599 607 614 615 615 613 611 610 609 607 609 610 611 612 614 616 617 619 623 627 629 631 634 642
