data_and_outputs/predictor_data/120/bioclim_16.asc
NCOLS 1199 
NROWS 625 
XLLCORNER -17.966918 
YLLCORNER -10.0196949358429 
CELLSIZE 0.0416666688395203 
NODATA_value -9999 
[rows 37 to 73 of 625, columns 765 to 849 of 1199]
224 226 228 229 229 233 234 238 239 241 244 245 248 251 253 256 257 260 261 262 266 268 269 272 275 276 277 280 281 284 285 286 286 286 286 286 286 286 285 283 283 281 281 279 279 277 275 275 273 271 270 267 265 264 263 261 260 259 257 256 255 253 252 250 252 253 253 252 252 254 254 255 254 255 257 257 258 257 259 261 262 261 262 264 266
228 230 232 235 236 236 240 242 245 245 247 251 254 257 259 260 262 266 266 268 271 274 275 276 281 281 283 286 290 290 292 292 292 293 293 293 293 293 292 291 289 289 288 285 285 283 281 281 277 275 274 273 271 270 269 267 265 265 262 259 259 257 258 256 257 259 259 259 258 260 260 261 260 262 262 264 264 263 264 266 266 267 268 270 270
234 236 237 238 242 242 243 246 249 251 252 257 258 262 264 265 268 269 272 274 274 278 281 282 285 289 290 291 294 297 298 299 299 301 302 302 299 299 297 297 296 295 293 292 289 289 285 284 284 281 280 279 277 276 273 272 270 268 268 266 265 264 262 263 263 263 265 263 265 264 266 266 266 268 268 270 269 270 271 272 273 274 275 275 277
237 238 243 244 245 247 249 250 254 256 258 260 264 265 268 269 272 273 278 279 280 283 287 289 291 293 296 298 300 301 305 307 307 307 307 307 307 306 306 303 302 302 299 298 295 294 292 290 288 287 286 284 280 280 277 276 276 273 272 272 269 270 268 266 267 267 269 268 267 269 270 270 270 270 272 272 273 274 274 276 277 278 277 279 283
243 244 245 248 250 251 253 256 257 258 262 264 267 271 272 273 278 278 280 284 286 288 291 292 295 297 302 304 307 307 311 313 313 316 316 314 314 313 312 310 309 306 306 302 300 298 298 296 294 292 291 288 286 286 284 282 280 279 278 274 274 272 272 272 272 273 273 273 273 275 275 276 275 276 278 278 279 278 279 281 283 282 283 285 287
247 248 251 252 254 255 257 260 261 264 265 269 271 273 277 278 279 283 286 286 290 293 295 298 301 303 307 310 312 315 319 319 322 323 323 323 321 320 319 316 314 312 309 309 306 305 302 302 300 297 294 293 292 290 289 288 284 283 282 280 280 278 276 277 278 280 279 278 279 279 281 282 281 283 283 285 286 285 286 288 288 289 290 292 294
252 254 256 257 257 260 262 263 267 268 271 273 276 278 281 284 284 288 289 292 296 299 301 303 305 308 310 316 318 321 323 326 329 330 331 329 329 327 325 323 321 317 315 313 312 311 308 307 303 303 300 299 297 296 293 290 290 289 287 286 285 285 282 282 284 284 286 284 285 285 287 287 287 287 289 291 290 291 292 292 294 295 296 297 299
257 258 259 261 263 264 266 270 270 274 274 276 281 283 284 287 290 291 294 296 299 302 305 307 311 314 316 321 323 325 330 335 337 337 337 336 336 333 332 329 326 323 322 319 317 315 313 311 310 307 306 305 301 299 299 297 295 295 293 292 291 288 288 286 288 289 288 289 288 290 290 291 291 291 295 295 296 296 296 298 300 300 301 302 304
262 264 265 268 268 268 271 273 275 277 279 281 283 287 287 290 294 296 297 301 302 305 309 312 314 318 321 323 329 331 335 341 343 346 344 343 340 338 336 332 330 328 326 324 324 320 318 316 314 313 312 307 307 305 303 303 301 299 298 295 295 294 292 292 293 295 294 295 294 296 297 298 296 298 298 300 301 302 303 305 307 307 306 308 310
266 268 269 270 272 274 275 276 280 280 281 286 287 290 293 294 297 300 300 304 307 309 313 316 318 323 325 329 333 337 341 345 347 350 350 348 346 343 340 338 336 334 332 330 326 324 322 321 320 317 316 313 312 312 309 308 306 303 302 302 299 299 298 298 298 299 300 299 300 300 302 302 302 304 304 306 305 306 307 309 311 312 312 314 316
271 271 274 275 277 279 279 280 284 285 285 290 291 293 298 298 300 303 304 307 310 313 315 319 322 324 330 334 336 340 345 348 352 354 354 353 350 346 345 342 341 338 337 332 331 328 328 326 324 322 320 318 318 316 315 312 310 309 308 306 305 304 304 303 305 306 306 305 306 306 308 308 308 308 310 312 311 311 313 314 316 316 319 321 323
276 277 277 281 282 282 284 287 287 289 291 292 297 298 299 302 304 306 308 310 313 317 320 324 326 329 333 336 340 345 347 350 352 357 357 355 351 349 347 345 344 343 339 337 336 335 333 331 329 326 325 325 322 321 318 317 317 314 314 313 311 308 307 308 308 310 310 310 312 313 314 315 313 315 317 317 318 318 318 320 321 322 323 323 327
280 281 283 285 286 286 288 291 292 294 296 297 301 301 304 306 308 310 313 315 317 321 323 326 330 333 335 339 343 345 350 352 355 357 357 356 354 353 352 350 348 346 343 342 341 339 338 335 333 331 331 330 327 325 325 323 321 320 317 317 316 315 313 314 314 315 316 315 316 316 320 321 319 321 321 323 323 322 324 326 325 327 328 329 331
283 286 288 289 291 291 293 295 296 296 300 301 302 306 306 309 312 313 314 319 321 323 325 328 330 335 338 341 345 347 350 354 357 358 358 358 358 356 354 350 350 348 348 346 344 344 340 340 338 337 336 334 331 331 330 329 327 324 323 322 322 319 319 319 320 321 322 321 322 322 324 325 325 325 327 328 328 329 331 331 332 333 334 335 337
289 291 292 293 293 295 297 300 300 300 304 305 305 307 310 312 314 316 319 322 323 325 330 332 335 339 342 344 346 349 352 354 357 360 359 360 358 356 355 354 352 352 351 350 348 346 344 344 342 341 341 338 337 336 336 333 331 330 327 327 326 326 323 324 325 326 326 326 326 328 330 330 331 332 334 334 335 334 335 337 338 339 341 342 344
294 295 297 298 298 300 302 303 305 305 307 309 310 312 314 315 316 320 321 322 327 329 330 334 337 339 344 346 349 350 354 356 357 359 360 358 358 358 357 357 357 355 354 354 351 351 349 349 349 347 344 343 343 342 340 337 336 336 333 333 332 330 329 329 329 333 333 333 333 335 335 336 337 338 338 340 339 339 341 344 343 344 345 346 349
300 300 302 303 303 305 307 308 310 309 311 313 314 314 317 319 320 323 325 327 327 331 334 336 339 342 344 348 351 352 354 359 360 360 361 361 361 361 359 359 359 359 357 356 356 356 353 353 353 352 349 349 348 347 345 343 342 341 341 336 336 335 335 334 336 336 339 338 339 339 341 340 341 342 345 345 346 346 346 348 349 351 351 353 356
305 305 306 308 308 309 312 312 312 314 314 316 319 319 321 322 322 325 327 329 331 334 336 339 343 345 346 349 353 354 357 358 362 362 363 363 363 363 364 363 363 361 361 361 361 360 358 358 356 356 354 354 354 353 350 350 348 347 345 343 341 341 340 341 342 342 343 344 345 345 345 347 346 349 349 351 351 350 352 354 356 355 355 359 363
310 310 311 313 313 313 316 316 317 319 319 319 323 324 324 327 327 327 329 331 334 335 338 341 343 348 349 351 354 356 359 360 361 361 362 362 362 363 364 364 364 364 365 364 364 363 363 363 361 361 360 359 358 357 356 354 354 353 350 350 347 346 346 347 347 348 350 351 351 352 352 352 354 354 355 358 357 357 357 359 360 364 364 366 367
314 315 315 316 318 318 319 321 321 321 323 323 323 327 327 327 329 331 331 335 336 337 340 343 345 349 353 354 356 357 362 362 363 363 364 364 365 365 366 367 367 367 367 367 367 367 367 367 365 365 365 364 364 361 361 360 360 358 356 356 354 350 350 353 355 355 355 357 356 357 358 358 361 360 362 362 363 362 364 368 369 369 370 373 374
319 320 321 321 323 323 323 326 326 326 327 328 328 330 331 331 333 333 335 335 340 341 343 347 348 351 353 356 359 360 362 363 365 366 366 366 367 367 370 370 372 372 372 372 372 372 372 370 370 370 370 370 369 367 367 367 366 365 363 362 362 359 357 360 361 361 363 364 364 364 365 366 365 366 366 369 368 368 370 372 373 375 375 377 378
325 327 326 326 328 328 329 330 330 332 332 333 333 332 334 334 334 337 338 338 342 344 346 348 352 353 357 359 362 365 365 366 367 367 369 370 370 372 373 375 376 377 377 377 377 377 377 375 375 375 375 375 375 372 372 372 372 372 369 369 371 371 371 369 369 369 370 370 370 370 373 373 372 372 373 373 376 375 377 378 378 379 379 383 384
330 332 333 332 334 334 334 335 335 335 334 336 337 337 339 338 338 338 340 341 342 347 349 350 354 358 361 362 364 367 368 369 369 370 370 371 375 376 378 380 381 381 382 382 382 382 382 380 380 380 380 380 380 382 380 379 379 379 379 379 378 378 378 378 378 378 377 376 375 379 379 378 377 378 379 380 381 382 381 383 384 385 386 387 388
335 337 337 338 339 339 339 338 340 340 339 341 340 340 339 343 342 340 342 344 345 347 353 355 357 360 364 366 367 368 371 374 374 375 375 376 377 380 383 383 385 385 385 387 387 388 388 386 386 387 387 386 386 386 386 384 384 386 386 386 386 386 385 384 384 384 383 382 384 384 384 385 384 383 385 386 385 386 388 388 389 390 390 392 394
341 342 342 342 344 343 343 343 344 344 343 344 345 345 344 346 345 345 344 346 349 352 355 359 360 364 366 369 370 373 374 374 375 379 379 380 382 383 385 387 388 390 390 392 392 392 392 390 390 392 392 392 392 392 392 393 390 390 390 390 392 390 390 390 389 389 389 389 390 390 390 389 391 392 392 392 393 392 393 393 394 395 396 397 400
345 347 348 347 349 349 346 346 347 347 347 348 350 349 349 348 351 351 348 348 354 356 360 361 366 369 370 372 375 376 378 379 380 381 384 385 386 387 388 390 393 394 394 395 397 397 397 397 395 396 396 396 396 396 398 398 398 398 398 396 396 396 396 395 398 398 398 397 396 396 396 399 397 397 397 398 397 399 400 402 402 402 403 406 408
351 352 352 352 353 352 352 351 353 352 352 352 353 355 354 354 354 356 359 358 359 362 365 366 369 372 374 375 378 379 382 384 384 385 388 390 391 392 393 394 396 399 400 400 401 401 401 402 402 402 401 402 402 402 403 403 402 402 402 402 402 402 402 402 403 403 402 401 401 404 405 404 403 403 404 406 405 406 405 407 408 409 410 411 413
358 358 357 357 357 356 357 357 358 358 358 357 359 358 359 358 360 360 363 363 364 367 370 372 374 377 378 381 382 384 384 387 390 390 391 392 395 398 398 399 400 401 405 405 405 407 407 407 407 407 408 407 407 406 408 408 408 408 408 408 408 408 408 407 409 409 408 409 410 410 410 409 408 411 411 411 411 411 411 412 414 414 415 417 418
363 362 362 362 362 362 362 361 363 362 361 361 363 363 363 362 364 365 368 370 371 372 375 377 378 381 384 386 386 389 390 390 394 395 395 398 398 401 402 403 405 406 409 409 410 411 411 411 411 411 413 413 413 413 412 412 412 412 412 412 412 412 413 415 416 416 417 416 415 415 415 416 417 416 416 416 417 416 416 419 420 420 420 422 424
369 368 368 369 367 367 367 367 367 366 366 366 367 368 368 369 369 370 372 374 375 376 380 381 384 385 387 391 392 393 394 395 395 398 401 402 403 403 408 408 410 410 413 415 415 415 416 417 417 417 418 419 418 418 418 420 420 420 420 420 420 420 420 419 421 421 422 420 420 423 423 423 422 422 421 423 422 424 423 425 426 426 427 427 430
375 372 373 373 373 372 371 373 372 372 370 371 372 372 373 373 373 377 378 379 380 382 385 387 389 390 393 393 395 398 398 400 401 403 403 406 408 409 412 413 415 416 418 419 419 420 422 422 422 422 423 423 423 423 423 425 425 426 426 426 426 426 426 425 426 428 429 428 429 429 429 428 429 428 428 430 429 428 429 429 431 432 433 434 435
380 378 380 379 378 378 378 377 376 376 376 377 377 377 377 377 377 382 382 384 384 387 391 392 395 396 399 400 401 401 402 404 406 407 408 409 412 413 414 418 419 420 422 425 425 425 425 425 426 426 427 427 429 429 429 429 430 430 430 430 430 432 432 433 434 436 435 435 435 435 436 436 434 434 436 437 437 436 435 435 439 435 438 440 441
385 386 386 383 384 382 384 382 382 382 380 381 381 381 381 381 382 386 387 388 389 392 396 398 400 403 403 405 405 407 407 408 409 411 412 414 415 418 419 422 424 425 428 428 429 430 430 430 430 432 432 432 432 433 433 433 435 438 438 438 438 438 438 439 439 440 441 440 441 441 442 445 444 443 443 443 442 441 441 444 443 443 443 446 448
393 393 391 389 389 389 389 387 387 386 388 385 385 385 385 387 388 388 391 392 394 396 400 403 405 407 409 411 411 412 412 412 412 415 415 418 419 420 424 425 428 429 432 433 433 435 435 435 435 435 436 436 437 439 441 441 441 442 442 442 442 443 443 444 446 448 449 449 448 450 450 449 450 449 449 449 448 447 449 449 449 449 448 452 453
400 398 396 398 397 395 393 393 391 393 392 389 390 391 391 389 393 394 394 396 399 401 406 409 412 413 415 416 414 414 416 416 416 418 420 420 423 425 428 429 432 434 438 438 438 438 438 441 441 441 441 442 442 444 445 445 445 446 448 448 450 450 450 451 453 455 454 454 455 456 457 456 455 456 456 456 455 454 454 456 458 454 457 457 460
406 404 404 404 402 401 398 398 399 398 396 396 395 395 393 395 396 396 399 400 404 408 411 415 417 420 422 421 420 420 419 419 420 420 421 423 426 428 429 433 435 439 441 444 444 444 444 444 444 445 445 445 449 450 450 451 451 451 454 454 456 456 456 456 458 459 461 462 463 463 464 464 464 464 464 464 464 463 463 463 463 463 462 465 467
413 411 411 410 408 406 406 405 403 403 402 400 399 399 400 400 401 401 402 404 407 411 416 420 424 428 428 428 427 426 423 422 422 425 425 426 429 430 434 435 439 442 445 447 447 447 447 448 448 448 451 451 453 454 454 456 458 459 460 460 460 464 465 466 467 469 470 471 472 472 474 473 471 471 471 472 472 471 472 472 472 470 471 471 471
