data_and_outputs/predictor_data/120/bioclim_17.asc
NCOLS 1199 
NROWS 625 
XLLCORNER -17.966918 
YLLCORNER -10.0196949358429 
CELLSIZE 0.0416666688395203 
NODATA_value -9999 
[rows 390 to 428 of 625, columns 623 to 711 of 1199]
-9999 -9999 -9999 -9999 -9999 -9999 -9999 -9999 -9999 -9999 -9999 -9999 -9999 -9999 -9999 -9999 -9999 -9999 -9999 -9999 -9999 -9999 -9999 -9999 -9999 -9999 -9999 -9999 -9999 -9999 -9999 -9999 12 13 14 14 14 15 15 15 16 17 17 18 19 20 20 20 21 22 22 23 24 25 26 27 28 29 29 30 30 31 31 30 31 31 30 30 30 30 32 32 30 30 32 32 32 30 29 29 29 29 28 27 28 29 27 27 26
-9999 -9999 -9999 -9999 -9999 -9999 -9999 -9999 -9999 -9999 -9999 -9999 -9999 -9999 -9999 -9999 -9999 -9999 -9999 -9999 -9999 -9999 -9999 -9999 -9999 -9999 -9999 -9999 -9999 -9999 -9999 -9999 12 12 13 14 14 14 15 15 15 16 16 18 19 19 20 20 21 21 22 23 24 24 26 26 27 29 30 30 29 30 30 30 31 30 30 30 30 32 32 32 32 32 32 32 34 32 29 29 29 27 27 27 28 29 27 27 26
-9999 -9999 -9999 -9999 -9999 -9999 -9999 -9999 -9999 -9999 -9999 -9999 -9999 -9999 -9999 -9999 -9999 -9999 -9999 -9999 -9999 -9999 -9999 -9999 -9999 -9999 -9999 -9999 -9999 -9999 -9999 10 11 12 12 14 14 14 14 15 15 16 16 16 18 19 20 20 21 21 22 23 23 24 25 26 27 28 30 29 29 30 30 30 30 30 30 30 30 30 30 32 33 31 31 32 32 31 29 28 28 27 26 27 31 30 28 27 26
-9999 -9999 -9999 -9999 -9999 -9999 -9999 -9999 -9999 -9999 -9999 -9999 -9999 -9999 -9999 -9999 -9999 -9999 -9999 -9999 -9999 -9999 -9999 -9999 -9999 -9999 -9999 -9999 -9999 -9999 -9999 10 10 11 12 14 14 14 14 14 15 15 16 16 17 18 18 20 21 21 22 22 23 24 25 27 26 27 29 29 30 30 30 30 30 30 30 30 32 30 30 30 31 32 31 32 34 31 28 27 30 27 26 25 29 30 29 27 27
-9999 -9999 -9999 -9999 -9999 -9999 -9999 -9999 -9999 -9999 -9999 -9999 -9999 -9999 -9999 -9999 -9999 -9999 -9999 -9999 -9999 -9999 -9999 -9999 -9999 -9999 -9999 -9999 -9999 -9999 10 10 10 11 12 13 14 14 14 14 15 15 15 16 16 17 18 20 21 21 21 22 23 23 24 26 26 28 29 29 30 30 30 31 30 30 30 30 30 30 30 30 32 32 32 33 33 29 28 27 27 26 26 26 27 27 31 31 28
-9999 -9999 -9999 -9999 -9999 -9999 -9999 -9999 -9999 -9999 -9999 -9999 -9999 -9999 -9999 -9999 -9999 -9999 -9999 -9999 -9999 -9999 -9999 -9999 -9999 -9999 -9999 -9999 -9999 9 9 10 10 10 12 14 14 14 14 14 14 15 15 15 16 17 17 18 19 21 20 21 22 22 23 25 27 28 28 29 29 30 31 31 31 30 30 30 30 30 30 30 31 32 32 34 31 29 27 27 28 26 26 26 24 26 30 30 27
-9999 -9999 -9999 -9999 -9999 -9999 -9999 -9999 -9999 -9999 -9999 -9999 -9999 -9999 -9999 -9999 -9999 -9999 -9999 -9999 -9999 -9999 -9999 -9999 -9999 -9999 -9999 -9999 -9999 9 9 10 10 10 11 13 13 14 14 14 14 14 15 15 15 17 17 17 18 19 20 21 21 22 23 25 26 27 28 29 30 30 30 31 31 31 30 30 30 31 30 30 31 31 32 33 32 31 27 27 27 27 26 26 25 24 27 31 29
-9999 -9999 -9999 -9999 -9999 -9999 -9999 -9999 -9999 -9999 -9999 -9999 -9999 -9999 -9999 -9999 -9999 -9999 -9999 -9999 -9999 -9999 -9999 -9999 -9999 -9999 -9999 -9999 9 9 9 10 10 10 11 13 13 14 12 13 14 14 14 15 15 16 17 17 17 18 19 20 22 21 23 25 26 27 28 29 30 30 31 31 31 31 30 30 30 32 30 30 31 31 32 33 34 30 27 29 29 29 26 26 25 24 26 28 29
-9999 -9999 -9999 -9999 -9999 -9999 -9999 -9999 -9999 -9999 -9999 -9999 -9999 -9999 -9999 -9999 -9999 -9999 -9999 -9999 -9999 -9999 -9999 -9999 -9999 -9999 -9999 8 9 9 9 10 10 10 10 12 13 14 12 12 13 13 14 15 15 16 16 17 17 17 18 20 21 21 23 24 25 27 28 29 30 30 30 31 31 31 30 30 30 31 30 30 31 32 32 33 33 30 29 29 29 29 26 26 26 24 25 28 28
-9999 -9999 -9999 -9999 -9999 -9999 -9999 -9999 -9999 -9999 -9999 -9999 -9999 -9999 -9999 -9999 -9999 7 5 -9999 -9999 -9999 -9999 -9999 -9999 -9999 8 8 9 9 9 9 10 10 10 12 13 14 12 12 12 13 14 15 15 16 16 16 17 17 18 19 20 21 22 23 25 26 27 28 29 29 30 31 31 31 31 30 30 31 31 29 31 31 33 33 30 29 29 28 29 31 26 26 25 24 25 29 28
-9999 -9999 -9999 -9999 -9999 -9999 -9999 -9999 -9999 -9999 -9999 -9999 -9999 -9999 -9999 -9999 -9999 -9999 7 -9999 -9999 -9999 -9999 8 8 8 8 8 9 9 9 9 10 10 10 12 12 12 12 12 12 13 13 14 15 16 16 16 17 17 17 18 21 20 21 23 26 26 27 28 29 29 29 30 31 31 30 30 30 31 29 29 29 30 31 31 29 29 29 29 28 29 28 25 25 25 25 28 27
-9999 -9999 -9999 -9999 -9999 -9999 -9999 -9999 -9999 -9999 -9999 -9999 -9999 -9999 -9999 -9999 -9999 -9999 8 7 7 8 8 8 8 8 8 8 9 9 9 9 10 10 10 11 12 12 12 12 12 13 13 13 14 16 16 16 16 17 17 17 19 20 21 23 26 26 28 29 29 29 30 30 30 30 31 30 29 31 29 29 29 28 29 28 28 29 29 29 28 29 28 25 25 25 25 27 25
-9999 -9999 -9999 -9999 -9999 -9999 -9999 -9999 -9999 -9999 -9999 -9999 -9999 -9999 -9999 -9999 -9999 -9999 -9999 8 8 8 8 8 8 8 8 8 9 9 9 9 10 10 10 11 12 12 12 12 12 12 13 13 14 15 16 16 16 17 17 18 19 20 21 23 26 27 28 29 30 29 30 29 29 30 30 29 29 29 29 28 28 28 29 28 27 28 29 30 30 29 28 25 27 25 25 27 25
-9999 -9999 -9999 -9999 -9999 -9999 -9999 -9999 -9999 -9999 -9999 -9999 -9999 -9999 -9999 -9999 -9999 -9999 -9999 9 8 8 8 8 8 8 8 8 9 9 9 9 10 10 10 11 11 12 12 12 12 12 13 13 14 15 15 16 16 17 18 18 19 21 22 25 26 28 28 29 29 29 29 28 29 29 29 30 29 29 29 28 28 28 29 26 26 26 27 27 30 28 28 26 27 25 25 28 26
-9999 -9999 -9999 -9999 -9999 -9999 -9999 -9999 -9999 -9999 -9999 -9999 -9999 -9999 -9999 -9999 -9999 -9999 -9999 -9999 9 9 8 8 8 8 8 9 9 9 9 9 10 10 10 11 11 12 12 12 12 12 13 13 14 15 15 15 17 17 19 19 20 21 24 25 27 28 29 28 29 29 29 29 28 28 28 28 29 29 30 28 28 28 27 27 25 25 25 25 27 27 28 27 27 26 26 27 27
-9999 -9999 -9999 -9999 -9999 -9999 -9999 -9999 -9999 -9999 -9999 -9999 -9999 -9999 -9999 -9999 -9999 -9999 -9999 -9999 9 9 9 9 9 9 9 9 9 9 9 9 9 10 10 11 11 11 12 12 12 12 13 13 14 15 15 15 16 18 19 20 20 23 24 26 29 30 30 29 29 29 29 29 28 28 28 28 28 29 29 30 28 27 27 27 25 26 25 25 26 26 26 26 27 26 26 25 27
-9999 -9999 -9999 -9999 -9999 -9999 -9999 -9999 -9999 -9999 -9999 -9999 -9999 -9999 -9999 -9999 -9999 -9999 -9999 -9999 -9999 9 9 9 9 9 9 9 9 9 9 9 9 10 10 11 11 11 12 12 12 12 13 14 15 15 15 16 16 18 18 19 21 23 25 26 29 30 29 29 29 29 29 29 28 28 28 28 27 27 28 29 27 27 27 27 26 25 25 26 26 25 26 26 26 26 24 24 26
-9999 -9999 -9999 -9999 -9999 -9999 -9999 -9999 -9999 -9999 -9999 -9999 -9999 -9999 -9999 -9999 -9999 -9999 -9999 -9999 -9999 9 9 9 9 9 9 9 9 9 9 9 9 10 10 11 11 11 12 12 12 12 13 14 15 15 15 16 16 18 19 19 20 22 24 25 29 29 28 29 29 29 29 29 28 28 28 28 27 28 26 27 27 27 26 26 25 25 25 25 25 25 26 27 26 24 24 24 24
-9999 -9999 -9999 -9999 -9999 -9999 -9999 -9999 -9999 -9999 -9999 -9999 -9999 -9999 -9999 -9999 -9999 -9999 -9999 -9999 -9999 -9999 9 9 9 9 9 9 9 10 10 10 10 10 10 11 11 11 12 12 12 13 13 14 15 15 16 16 17 19 19 19 20 22 24 25 26 28 28 29 30 30 30 29 28 28 28 28 28 27 26 26 27 27 25 26 24 24 24 25 25 24 26 26 27 26 23 24 23
-9999 -9999 -9999 -9999 -9999 -9999 -9999 -9999 -9999 -9999 -9999 -9999 -9999 -9999 -9999 -9999 -9999 -9999 -9999 -9999 -9999 -9999 9 10 10 10 10 10 10 10 10 10 10 10 10 11 11 11 12 12 12 13 13 14 15 15 16 16 17 19 19 20 21 23 24 25 26 28 28 29 30 30 30 28 27 29 28 28 28 28 26 25 26 25 25 26 24 24 24 24 24 23 24 25 26 25 25 27 23
-9999 -9999 -9999 -9999 -9999 -9999 -9999 -9999 -9999 -9999 -9999 -9999 -9999 -9999 -9999 -9999 -9999 -9999 -9999 -9999 -9999 -9999 -9999 10 10 10 10 10 10 10 10 10 10 10 11 11 11 12 12 12 12 13 13 15 15 16 16 16 17 19 20 20 21 22 24 25 26 27 28 29 29 28 28 28 27 27 28 27 27 26 26 25 25 27 26 25 24 24 24 23 24 23 23 25 26 26 26 25 23
-9999 -9999 -9999 -9999 -9999 -9999 -9999 -9999 -9999 -9999 -9999 -9999 -9999 -9999 -9999 -9999 -9999 -9999 -9999 -9999 -9999 -9999 -9999 10 10 10 10 10 10 10 10 10 10 10 11 11 11 12 12 12 12 13 13 15 15 16 16 16 17 19 20 20 21 22 24 25 26 25 28 29 29 28 28 27 27 27 26 27 26 27 26 25 24 26 26 25 24 24 24 23 23 23 23 25 27 27 26 25 26
-9999 -9999 -9999 -9999 -9999 -9999 -9999 -9999 -9999 -9999 -9999 -9999 -9999 -9999 -9999 -9999 -9999 -9999 -9999 -9999 -9999 -9999 -9999 -9999 10 10 10 10 10 10 10 10 10 10 11 11 11 12 12 12 13 13 13 15 15 16 16 17 17 19 20 20 21 22 23 25 24 26 27 27 28 27 27 27 27 26 27 27 26 27 25 25 24 24 25 25 24 23 24 24 25 23 22 24 25 28 26 24 23
-9999 -9999 -9999 -9999 -9999 -9999 -9999 -9999 -9999 -9999 -9999 -9999 -9999 -9999 -9999 -9999 -9999 -9999 -9999 -9999 -9999 -9999 -9999 -9999 -9999 10 10 10 10 10 10 10 10 10 11 11 11 12 12 12 13 13 13 15 16 16 16 17 18 18 20 21 21 22 23 24 26 27 26 27 27 27 27 27 26 27 27 27 25 26 26 26 25 23 25 24 24 23 24 25 25 23 23 22 24 24 26 23 23
-9999 -9999 -9999 -9999 -9999 -9999 -9999 -9999 -9999 -9999 -9999 -9999 -9999 -9999 -9999 -9999 -9999 -9999 -9999 -9999 -9999 -9999 -9999 -9999 -9999 10 10 10 10 10 10 10 10 11 11 11 11 12 12 13 13 13 14 15 16 16 17 17 18 18 20 21 21 22 23 24 25 26 26 26 26 27 26 26 26 27 26 26 26 26 26 26 25 23 25 25 24 23 24 24 25 25 26 23 22 21 26 22 24
-9999 -9999 -9999 -9999 -9999 -9999 -9999 -9999 -9999 -9999 -9999 -9999 -9999 -9999 -9999 -9999 -9999 -9999 -9999 -9999 -9999 -9999 -9999 -9999 -9999 -9999 10 10 10 10 10 10 10 11 11 11 12 12 12 13 13 13 14 15 16 16 17 17 18 18 19 20 21 22 22 23 24 25 25 25 27 26 25 25 25 26 26 25 25 25 25 25 26 24 22 26 24 23 23 23 26 26 24 24 25 23 26 26 24
-9999 -9999 -9999 -9999 -9999 -9999 -9999 -9999 -9999 -9999 -9999 -9999 -9999 -9999 -9999 -9999 -9999 -9999 -9999 -9999 -9999 -9999 -9999 -9999 -9999 10 -9999 10 10 10 10 10 10 11 11 11 12 12 12 13 13 13 14 14 16 16 17 17 18 18 19 20 21 21 22 22 23 24 25 25 25 27 24 24 24 24 25 25 24 23 25 25 25 25 22 25 25 23 23 26 25 24 24 25 24 23 24 25 26
-9999 -9999 -9999 -9999 -9999 -9999 -9999 -9999 -9999 -9999 -9999 -9999 -9999 -9999 -9999 -9999 -9999 -9999 -9999 -9999 -9999 -9999 -9999 -9999 -9999 10 -9999 -9999 -9999 10 -9999 -9999 10 11 11 12 12 12 12 13 13 13 14 14 16 16 16 17 17 18 18 19 20 21 21 22 23 23 25 24 26 25 25 23 23 23 24 24 24 24 25 25 25 24 22 23 25 24 24 24 24 25 24 25 25 25 26 25 26
-9999 -9999 -9999 -9999 -9999 -9999 -9999 -9999 -9999 -9999 -9999 -9999 -9999 -9999 -9999 -9999 -9999 -9999 -9999 -9999 -9999 -9999 -9999 -9999 -9999 -9999 11 -9999 -9999 -9999 -9999 -9999 11 12 12 12 12 12 13 13 13 14 14 14 16 16 16 17 17 18 18 19 19 20 21 22 22 23 24 25 25 25 24 23 22 23 23 23 23 23 24 24 25 25 23 22 25 24 23 23 23 25 25 26 25 26 26 25 25
-9999 -9999 -9999 -9999 -9999 -9999 -9999 -9999 -9999 -9999 -9999 -9999 -9999 -9999 -9999 -9999 -9999 -9999 -9999 -9999 -9999 -9999 -9999 -9999 -9999 -9999 -9999 11 -9999 -9999 -9999 11 11 12 12 12 12 12 13 13 13 14 14 14 15 16 16 16 17 17 18 18 19 19 21 21 22 22 22 23 23 23 23 23 23 23 22 22 22 22 23 24 24 24 23 22 25 25 23 23 23 24 27 27 26 23 24 24 24
-9999 -9999 -9999 -9999 -9999 -9999 -9999 -9999 -9999 -9999 -9999 -9999 -9999 -9999 -9999 -9999 -9999 -9999 -9999 -9999 -9999 -9999 -9999 -9999 -9999 -9999 -9999 11 11 -9999 -9999 11 11 12 12 12 12 12 13 13 13 14 14 14 14 16 16 16 17 17 18 18 18 19 19 21 21 22 22 22 22 22 22 22 22 22 22 21 21 21 21 22 23 24 24 22 24 25 23 24 25 25 26 26 24 23 25 24 22
-9999 -9999 -9999 -9999 -9999 -9999 -9999 -9999 -9999 -9999 -9999 -9999 -9999 -9999 -9999 -9999 -9999 -9999 -9999 -9999 -9999 -9999 -9999 -9999 -9999 -9999 -9999 -9999 11 11 -9999 -9999 -9999 -9999 -9999 -9999 12 12 13 13 13 14 14 14 14 15 16 16 16 17 17 18 18 18 19 19 21 21 21 21 21 21 21 21 21 21 21 21 20 20 20 21 22 23 24 23 22 24 24 24 25 25 26 26 24 21 24 21 22
-9999 -9999 -9999 -9999 -9999 -9999 -9999 -9999 -9999 -9999 -9999 -9999 -9999 -9999 -9999 -9999 -9999 -9999 -9999 -9999 -9999 -9999 -9999 -9999 -9999 -9999 -9999 -9999 -9999 11 11 -9999 -9999 -9999 -9999 -9999 -9999 12 13 13 13 14 14 14 14 14 16 16 16 16 17 17 17 18 19 19 19 19 20 21 21 21 21 21 21 20 20 20 20 20 20 21 21 21 23 23 22 23 23 23 25 25 25 23 23 21 21 21 21
-9999 -9999 -9999 -9999 -9999 -9999 -9999 -9999 -9999 -9999 -9999 -9999 -9999 -9999 -9999 -9999 -9999 -9999 -9999 -9999 -9999 -9999 -9999 -9999 -9999 -9999 -9999 -9999 -9999 11 11 11 -9999 -9999 -9999 12 12 13 13 13 13 13 14 14 14 14 14 16 16 16 17 17 17 18 19 19 19 19 19 20 21 20 20 20 20 20 20 20 20 20 20 21 20 21 22 22 21 22 21 22 23 24 23 21 22 21 20 21 21
-9999 -9999 -9999 -9999 -9999 -9999 -9999 -9999 -9999 -9999 -9999 -9999 -9999 -9999 -9999 -9999 -9999 -9999 -9999 -9999 -9999 -9999 -9999 -9999 -9999 -9999 -9999 -9999 -9999 -9999 11 11 11 12 12 12 12 13 13 13 13 13 14 14 14 14 14 16 16 16 16 16 17 18 18 18 18 18 18 19 19 19 20 20 20 20 20 20 20 19 20 20 20 20 20 20 22 21 20 22 22 23 20 20 21 20 20 21 21
-9999 -9999 -9999 -9999 -9999 -9999 -9999 -9999 -9999 -9999 -9999 -9999 -9999 -9999 -9999 -9999 -9999 -9999 -9999 -9999 -9999 -9999 -9999 -9999 -9999 -9999 -9999 -9999 -9999 -9999 11 11 11 12 12 12 12 13 13 13 13 13 13 14 14 14 14 14 16 16 16 16 17 17 18 18 18 18 18 19 19 19 19 20 20 20 19 19 20 20 20 20 20 20 19 19 21 20 20 21 21 21 20 19 21 20 20 20 21
-9999 -9999 -9999 -9999 -9999 -9999 -9999 -9999 -9999 -9999 -9999 -9999 -9999 -9999 -9999 -9999 -9999 -9999 -9999 -9999 -9999 -9999 -9999 -9999 -9999 -9999 -9999 -9999 -9999 -9999 11 11 11 12 12 12 12 13 13 13 13 13 13 13 14 14 14 14 14 16 16 16 16 17 17 17 17 17 18 19 19 19 19 19 20 20 20 20 19 19 19 19 19 19 20 20 20 19 19 19 19 19 19 19 20 19 19 19 20
-9999 -9999 -9999 -9999 -9999 -9999 -9999 -9999 -9999 -9999 -9999 -9999 -9999 -9999 -9999 -9999 -9999 -9999 -9999 -9999 -9999 -9999 -9999 -9999 -9999 -9999 -9999 -9999 -9999 -9999 11 11 11 11 12 12 12 13 13 13 13 13 13 13 14 14 14 14 14 14 16 16 16 16 17 17 17 17 18 18 19 20 20 19 19 20 20 19 19 19 19 18 18 18 19 19 20 17 18 19 19 18 18 19 19 18 18 18 18
-9999 -9999 -9999 -9999 -9999 -9999 -9999 -9999 -9999 -9999 -9999 -9999 -9999 -9999 -9999 -9999 -9999 -9999 -9999 -9999 -9999 -9999 -9999 -9999 -9999 -9999 -9999 -9999 -9999 -9999 -9999 -9999 -9999 11 13 13 13 13 14 13 13 13 13 13 13 14 14 14 14 14 14 15 16 16 17 18 17 17 17 18 18 19 19 19 19 19 19 19 19 18 18 18 18 18 18 18 18 17 17 17 19 19 18 18 18 18 17 18 18
