data_and_outputs/predictor_data/120/bioclim_01.asc
NCOLS 1199 
NROWS 625 
XLLCORNER -17.966918 
YLLCORNER -10.0196949358429 
CELLSIZE 0.0416666688395203 
NODATA_value -9999 
[rows 532 to 569 of 625, columns 1105 to 1189 of 1199]
237 236 238 239 237 233 235 234 234 231 232 230 235 235 233 230 227 221 219 208 208 212 215 215 216 220 227 235 238 241 241 241 241 242 242 242 243 243 243 242 205 181 206 205 221 221 222 226 226 226 222 209 204 209 213 218 221 223 221 219 216 211 219 227 232 232 234 236 236 235 230 236 236 239 243 245 243 241 240 242 243 244 244 243 245
235 235 236 238 235 233 233 234 234 232 230 229 231 234 235 230 226 222 215 211 210 213 213 213 210 216 225 229 236 241 241 241 242 242 242 243 243 243 243 240 214 197 184 201 215 223 223 228 229 228 226 217 204 201 206 212 217 222 223 226 218 214 218 229 232 232 235 235 239 241 239 237 235 236 243 245 246 243 241 241 242 244 244 245 246
236 234 234 238 236 233 232 234 233 232 228 227 228 231 234 233 230 226 221 211 209 211 210 209 211 216 223 227 234 238 241 242 242 242 243 243 243 244 243 233 216 210 190 183 204 215 223 228 231 230 230 225 217 207 208 212 213 220 221 225 232 226 229 233 233 232 238 238 240 242 244 243 240 237 241 245 246 245 243 243 243 241 242 246 246
238 237 235 236 237 234 233 232 231 230 226 226 226 226 227 233 232 226 223 217 210 207 207 211 214 215 219 223 229 234 241 242 242 242 243 243 244 244 245 243 223 221 218 190 194 210 223 230 232 231 233 230 228 227 218 217 217 223 226 226 233 235 235 239 240 237 239 244 243 244 246 246 245 242 241 244 246 247 245 244 244 243 244 243 245
240 237 235 235 235 235 234 232 231 230 226 224 223 225 223 227 230 224 219 221 219 214 208 208 209 212 215 222 226 227 240 242 242 243 243 243 244 244 244 246 242 227 225 219 203 203 221 232 234 234 235 233 232 231 229 222 221 231 229 230 236 239 240 241 244 243 244 247 246 244 247 248 248 247 246 246 246 247 246 246 245 245 243 242 242
241 240 238 236 237 237 236 234 231 226 225 223 221 222 224 227 231 229 226 221 217 213 210 208 206 211 215 221 219 223 237 242 243 243 243 244 243 244 244 246 247 241 228 233 233 218 215 231 237 237 232 233 235 234 232 233 229 232 230 224 230 239 242 245 245 247 249 250 250 248 249 250 250 249 249 249 248 248 246 246 246 245 244 242 240
240 238 238 238 237 236 235 234 232 229 224 223 220 221 224 223 229 228 223 223 217 210 208 210 211 207 210 221 214 212 230 241 243 243 244 244 244 245 245 246 247 248 240 239 237 241 227 237 240 239 238 233 236 236 236 236 236 233 227 228 227 231 242 247 248 247 251 252 252 251 252 250 250 250 249 251 252 252 251 248 246 245 244 244 241
240 236 237 236 237 236 233 233 233 230 229 226 223 220 223 225 228 229 222 221 220 215 211 211 214 210 213 221 216 206 226 240 243 244 245 245 246 245 246 247 247 248 248 246 242 245 246 248 250 243 238 237 238 238 238 238 239 238 237 230 229 233 235 245 250 251 252 253 254 254 253 251 251 252 251 252 252 254 254 250 248 246 245 244 243
240 237 240 239 238 236 233 233 231 230 228 226 224 220 222 223 225 230 221 219 216 216 212 211 214 216 218 220 212 210 223 234 243 244 244 246 246 246 246 247 247 248 249 249 250 249 250 251 252 251 238 237 239 239 238 239 241 240 232 230 232 237 242 245 250 252 253 254 255 255 254 250 252 253 253 254 254 254 255 255 252 247 245 243 244
239 242 241 238 241 239 237 236 231 230 227 225 223 223 220 224 226 229 227 221 217 213 209 208 213 215 216 217 215 212 215 222 242 244 244 246 247 247 247 248 248 248 249 249 250 251 251 252 252 253 251 241 241 240 240 240 242 243 234 230 233 241 245 248 247 252 254 255 256 256 254 253 253 255 255 256 254 254 255 256 255 251 246 243 243
243 243 241 241 243 242 242 238 234 235 229 225 222 219 220 224 223 224 229 224 222 217 209 209 212 212 212 207 213 213 214 222 237 241 245 246 247 247 247 248 248 249 249 250 250 251 252 252 253 254 254 252 243 242 242 243 245 245 243 236 232 242 246 247 246 248 254 255 257 257 256 256 256 257 257 256 256 256 256 257 256 255 251 245 243
246 245 245 245 245 243 241 238 238 237 232 228 226 221 220 223 220 222 227 226 221 218 212 208 209 211 207 204 209 212 216 214 230 242 247 247 247 247 247 248 249 250 250 250 251 251 252 253 254 254 255 256 253 247 245 244 247 246 247 246 239 243 247 247 249 249 254 255 258 258 258 258 259 258 258 257 257 257 257 257 256 255 255 252 245
245 244 243 245 244 244 240 240 237 235 233 231 229 224 223 219 222 225 225 227 221 217 212 207 207 205 205 203 208 212 211 216 232 242 247 247 247 247 247 248 249 250 251 251 251 252 253 254 254 255 256 257 257 258 254 248 251 249 250 249 249 250 249 250 252 254 254 256 259 259 260 260 260 260 258 258 258 258 258 257 256 256 256 253 246
244 243 242 244 243 243 243 241 238 236 234 234 231 228 225 220 221 223 225 228 223 220 217 211 202 201 203 204 206 211 204 219 230 238 247 247 247 247 248 248 250 251 251 251 252 253 253 254 255 256 257 257 258 259 259 256 256 255 252 252 252 254 252 253 255 256 257 258 259 260 260 261 261 261 261 260 259 259 259 257 257 257 256 255 248
244 245 246 243 242 240 241 242 241 240 238 236 234 230 226 223 220 223 224 227 226 220 217 211 203 202 202 206 209 213 217 221 226 232 245 247 247 248 249 249 250 251 252 252 253 253 254 255 256 257 258 258 259 259 260 260 259 259 255 255 255 256 255 255 256 258 258 259 260 261 261 262 262 262 262 262 260 259 259 259 258 257 256 254 250
249 247 248 246 242 242 242 240 239 239 236 236 232 229 226 225 220 221 223 225 223 224 221 214 205 200 203 204 207 217 228 229 227 231 234 244 248 249 249 250 250 251 252 252 253 254 255 256 257 257 258 259 259 260 261 261 261 260 258 258 258 259 258 257 258 258 260 260 261 262 262 263 263 263 263 263 261 260 259 260 259 258 256 253 245
251 250 250 248 244 245 242 239 237 237 235 235 233 229 226 223 220 219 222 224 220 220 221 213 206 199 199 206 208 216 228 230 224 222 221 228 238 250 250 250 251 251 252 253 254 255 256 257 257 258 259 259 260 261 262 262 262 262 261 260 261 261 261 260 260 260 261 261 262 263 263 264 264 264 263 263 262 261 261 259 258 258 257 248 239
251 251 251 250 248 246 244 242 240 240 235 234 231 228 227 226 224 219 222 223 222 217 220 216 208 197 200 212 215 224 230 230 223 218 219 215 210 238 250 250 251 252 253 254 254 255 257 257 258 259 260 260 261 262 262 263 264 261 264 263 261 260 260 262 262 261 262 262 263 264 264 264 264 264 264 263 263 262 262 260 259 259 257 246 240
250 249 249 249 246 245 243 241 244 240 238 237 234 234 232 229 225 223 219 221 222 217 217 210 202 196 202 214 206 220 228 220 223 220 216 219 212 222 251 251 252 253 253 254 255 256 257 258 259 260 260 261 262 263 263 264 265 264 262 264 263 262 260 259 260 261 261 261 263 264 265 265 265 264 264 264 263 263 262 261 261 259 257 249 242
248 247 249 246 245 242 242 244 246 242 244 242 238 238 236 232 229 224 220 218 221 215 213 211 200 201 206 209 206 219 228 217 216 218 217 216 210 207 235 251 252 253 254 255 256 256 258 259 259 260 261 262 263 264 264 265 266 267 266 262 264 263 262 260 259 260 261 260 262 264 265 265 265 265 264 264 263 263 262 262 261 260 259 256 244
250 247 246 244 243 243 244 246 247 244 240 237 233 232 231 232 225 222 222 218 217 214 209 209 199 205 205 200 203 215 226 227 217 214 215 212 211 215 224 246 252 253 254 255 256 257 258 259 260 261 262 263 264 265 266 266 267 268 269 269 263 262 262 261 260 259 260 261 261 264 265 265 265 265 264 264 263 263 262 262 261 261 260 259 252
249 247 245 245 246 246 248 248 245 242 238 232 231 230 232 230 229 226 222 215 215 216 206 203 202 200 196 194 208 217 223 225 217 210 211 211 212 223 234 243 253 254 255 256 257 263 259 262 263 264 264 264 265 266 267 267 268 269 270 270 268 264 260 261 261 259 259 260 261 262 265 265 265 265 264 264 263 263 262 262 261 261 260 259 256
248 247 248 250 248 249 249 247 243 242 236 234 235 234 230 228 228 224 220 212 212 211 206 202 202 196 193 195 211 214 218 223 216 206 204 209 210 223 231 235 244 251 255 257 259 264 260 263 264 264 264 265 266 266 267 268 269 270 271 271 270 265 262 259 260 260 259 258 260 259 263 265 265 265 264 264 264 263 262 262 261 260 260 259 256
252 251 251 252 250 249 248 248 246 241 238 238 239 233 229 229 228 224 219 212 209 208 205 203 202 194 194 206 211 212 216 219 220 213 205 203 215 220 226 232 236 241 245 243 246 260 261 264 265 264 265 266 267 268 268 269 270 271 271 272 270 267 264 262 260 261 260 259 258 259 261 264 265 264 264 264 263 263 262 262 261 260 259 258 256
255 254 253 252 251 250 250 249 247 247 245 242 239 235 231 228 225 224 219 211 208 205 204 203 202 195 203 206 209 209 213 220 221 216 210 206 206 222 225 227 234 230 217 224 230 243 260 265 266 266 265 266 267 269 270 270 271 272 272 273 272 269 264 263 262 261 260 260 259 258 259 261 263 264 263 263 263 262 262 261 260 260 259 258 256
252 253 251 249 249 250 249 249 246 244 241 240 238 234 230 228 224 221 215 211 207 205 206 205 203 201 204 205 205 210 217 220 221 215 208 207 208 220 224 222 233 228 202 203 202 226 230 258 267 268 267 267 268 269 271 271 272 273 273 270 272 269 266 263 263 262 260 260 260 259 258 259 261 261 259 260 261 261 261 260 260 259 258 257 256
250 251 250 248 245 246 245 247 246 244 241 234 234 230 231 230 223 218 212 209 206 207 207 208 205 206 205 202 206 214 220 219 216 217 214 209 214 217 221 219 224 217 201 201 194 202 220 229 253 267 267 268 269 270 271 272 273 274 275 268 268 270 269 265 264 263 261 260 261 260 260 260 260 260 260 258 258 257 259 259 259 258 257 256 256
249 248 247 246 245 240 241 245 248 247 244 238 231 226 228 225 223 216 213 208 207 208 209 209 209 206 204 201 209 216 219 217 217 212 209 206 214 217 219 217 216 216 209 202 198 199 204 221 237 265 267 268 269 271 272 273 274 275 276 275 271 262 266 268 267 265 262 260 261 260 260 261 260 260 260 259 258 257 256 258 258 257 256 255 254
251 250 249 245 240 239 235 242 245 247 244 236 229 227 225 221 219 214 212 208 207 208 208 211 210 206 204 201 209 216 216 217 212 209 210 209 215 219 214 215 215 215 210 200 198 196 199 218 244 262 268 269 270 271 273 274 275 276 276 277 276 272 270 269 267 266 264 261 260 260 261 261 261 261 260 259 259 257 255 258 257 256 255 254 253
253 252 249 246 235 238 241 237 241 247 247 239 231 230 227 222 218 213 210 209 210 212 211 214 211 207 205 202 207 213 215 218 214 209 207 208 214 217 216 215 215 216 212 199 197 200 213 224 226 252 267 269 271 272 273 274 275 276 277 278 278 278 275 270 269 267 264 261 261 261 261 262 262 262 261 260 261 259 255 257 256 255 254 253 252
255 252 251 250 241 228 244 241 241 245 245 235 231 229 223 218 215 212 212 210 210 214 216 216 211 209 208 204 201 207 216 219 209 205 207 211 216 216 215 215 210 205 206 202 192 197 210 206 214 232 261 270 271 273 274 275 276 277 278 279 279 279 277 272 266 265 263 262 261 261 262 262 263 263 263 259 261 260 254 256 255 254 253 252 252
255 254 251 252 250 248 242 239 238 238 240 231 225 226 220 215 213 212 214 212 212 214 217 215 213 210 206 201 200 212 219 218 216 213 212 214 215 216 214 215 212 201 200 192 194 194 201 195 202 232 257 270 272 273 274 275 276 277 278 279 278 278 277 275 265 264 264 264 262 261 262 263 263 264 264 262 259 260 254 255 254 253 252 251 250
256 252 253 251 246 246 242 235 231 230 231 232 226 221 217 215 215 212 214 216 215 215 219 216 213 211 205 210 217 214 219 217 214 214 213 212 210 208 207 213 212 209 205 198 198 193 203 199 202 217 243 271 273 273 274 275 276 277 278 278 278 274 274 275 273 266 262 262 262 261 262 263 263 264 266 267 263 258 260 251 253 252 250 250 249
255 251 253 251 247 239 237 233 225 228 228 227 224 218 215 216 217 215 214 218 219 217 218 218 214 212 206 221 224 218 219 218 217 213 210 209 210 201 206 211 209 207 207 202 194 189 193 206 207 215 235 271 272 273 274 275 276 277 278 278 277 274 269 268 270 266 260 260 260 261 262 262 263 263 265 268 267 258 260 254 248 250 249 248 247
256 250 250 250 248 241 235 226 222 229 230 226 220 216 216 215 216 217 215 218 222 220 222 219 215 213 214 226 227 221 218 218 214 212 210 211 205 204 207 208 203 200 202 199 194 193 192 198 230 236 250 271 272 273 274 275 276 276 277 278 278 274 272 265 264 260 261 258 259 260 261 262 263 262 263 268 251 264 259 250 247 247 247 246 246
256 252 250 248 245 242 232 226 227 233 231 227 220 219 219 219 219 219 218 220 222 224 221 218 216 213 220 227 224 222 216 216 217 217 214 213 206 205 206 202 199 200 201 197 195 195 195 196 208 238 259 271 272 273 274 274 275 276 277 277 277 276 272 268 262 260 259 258 255 258 260 260 261 261 261 263 265 252 256 249 245 242 245 245 244
256 254 251 247 243 247 238 232 231 237 231 225 221 222 221 223 222 221 221 223 224 221 218 217 214 214 226 221 221 223 216 213 214 211 211 207 211 211 207 206 203 203 201 197 198 200 199 201 211 218 254 272 273 274 273 274 275 276 276 276 277 277 274 269 265 259 255 257 256 255 258 259 259 259 259 259 260 254 250 245 241 238 242 242 243
253 255 253 243 244 245 239 228 233 234 229 229 223 223 225 226 224 221 222 224 222 217 221 217 221 225 228 216 218 218 215 210 209 206 206 205 209 205 204 206 203 202 198 199 201 205 205 214 218 227 242 270 274 274 273 274 274 275 276 276 276 276 276 274 267 262 255 253 255 254 255 256 257 257 256 255 255 251 243 242 237 233 233 240 242
