data_and_outputs/predictor_data/120/bioclim_01.asc
NCOLS 1199 
NROWS 625 
XLLCORNER -17.966918 
YLLCORNER -10.0196949358429 
CELLSIZE 0.0416666688395203 
NODATA_value -9999 
[rows 304 to 341 of 625, columns 1105 to 1189 of 1199]
247 246 246 248 248 248 249 249 249 249 249 250 248 249 250 249 249 250 249 249 250 249 245 244 243 245 248 248 249 248 247 247 246 245 245 245 244 243 243 243 242 242 243 243 242 242 242 241 242 241 241 239 240 241 240 238 236 235 235 235 235 234 234 233 233 234 233 232 234 237 237 242 244 243 245 246 249 253 257 259 260 262 263 263 265
247 247 247 248 247 248 249 250 250 250 250 250 249 249 249 248 249 250 248 249 249 248 244 243 242 243 246 247 248 249 247 247 248 247 246 245 244 244 244 244 243 243 243 242 242 242 241 240 240 241 241 241 241 241 240 239 237 236 235 234 235 234 233 232 233 233 232 232 234 238 240 243 245 245 245 247 251 255 258 260 259 261 262 264 264
246 247 247 247 247 248 249 249 249 250 250 250 250 249 249 249 249 249 248 249 248 247 244 243 244 244 241 242 243 246 247 244 247 247 246 244 245 244 244 243 242 242 243 243 242 241 241 241 240 240 240 240 240 240 240 239 236 235 234 233 234 233 232 231 232 232 231 232 234 237 240 243 245 246 247 249 252 256 258 259 261 261 262 263 263
245 246 247 246 247 248 248 248 249 249 250 250 250 250 249 249 248 247 247 248 248 247 245 245 246 244 243 243 244 244 245 242 244 247 247 244 243 243 243 242 242 239 241 242 242 240 239 241 241 240 239 239 239 238 238 237 236 235 234 232 233 232 232 231 231 231 231 232 234 237 238 242 245 247 249 252 256 258 259 260 261 260 261 263 261
246 246 246 246 246 248 248 248 249 249 249 249 249 249 249 249 248 247 247 248 246 246 246 245 244 243 244 241 241 242 242 239 241 247 246 243 241 241 241 240 241 239 238 241 241 241 241 242 241 241 240 240 240 238 235 236 236 234 233 232 232 232 230 231 230 230 231 233 235 238 242 243 244 249 252 255 257 258 259 260 260 261 261 261 255
246 246 246 245 245 247 246 247 248 249 248 249 249 247 247 247 247 247 247 246 246 246 245 243 242 243 243 243 243 242 240 239 243 245 246 244 242 241 241 239 240 240 238 239 241 242 242 242 241 240 240 239 239 237 236 235 235 235 234 232 231 231 230 230 230 230 232 233 235 236 238 244 247 250 252 253 255 257 258 259 260 260 261 256 249
246 246 245 245 245 246 245 246 247 248 248 247 247 246 246 246 246 247 246 246 245 245 245 244 244 242 243 243 243 242 242 244 244 243 246 245 244 242 241 235 240 241 238 238 239 240 237 240 240 241 240 239 238 237 235 235 233 233 233 232 232 232 230 229 229 229 231 232 233 233 238 243 246 248 252 254 255 256 257 257 257 260 255 248 246
246 245 245 244 245 245 245 245 247 247 245 246 246 246 246 246 247 246 245 244 246 245 245 245 244 244 242 242 242 240 240 238 243 244 242 241 244 244 243 243 243 240 240 237 236 237 235 240 240 239 238 239 239 238 238 235 233 232 233 233 232 231 230 228 228 230 231 232 232 235 238 243 246 248 252 254 255 255 255 256 257 258 248 244 243
246 244 244 245 245 245 245 245 245 245 245 246 245 242 244 246 245 246 246 245 245 245 244 244 244 243 242 239 240 240 239 239 242 243 237 237 239 238 238 240 240 241 240 236 234 230 232 239 238 239 236 237 239 237 237 235 233 233 232 232 231 230 229 228 228 229 230 231 232 234 240 244 247 249 251 252 254 255 256 255 257 256 247 244 243
243 244 244 246 245 245 245 245 246 246 246 246 245 241 234 245 246 246 245 246 246 245 244 244 243 243 242 240 238 239 240 239 239 242 238 237 238 237 237 239 239 239 240 239 239 236 227 238 237 238 235 235 238 238 237 237 236 234 231 229 228 228 228 228 228 227 228 230 232 235 240 244 245 248 251 253 254 255 254 256 256 250 244 243 242
242 243 244 244 245 246 246 245 245 246 246 245 244 245 244 246 246 245 245 245 244 244 245 244 243 243 241 239 235 234 239 240 240 240 238 237 235 237 235 238 237 235 236 238 238 239 237 238 237 237 235 235 236 237 236 235 235 234 231 228 228 228 227 227 225 226 226 229 233 233 238 242 245 248 251 254 254 255 255 255 254 246 244 243 242
243 244 244 244 244 245 246 246 246 246 245 244 245 246 246 245 245 245 245 245 244 244 244 243 243 243 242 241 239 234 234 240 240 238 233 237 234 235 235 236 235 235 232 234 234 238 238 238 237 237 236 236 236 236 236 235 234 233 231 228 228 227 226 226 226 225 225 226 233 238 241 242 244 249 252 253 254 255 256 255 247 246 244 243 242
243 243 243 244 244 244 245 245 245 245 245 245 246 245 246 246 246 245 245 245 245 245 244 243 243 242 242 239 239 238 235 237 239 238 236 237 235 234 234 234 235 234 232 231 232 234 237 238 237 236 236 236 236 235 236 236 235 232 231 227 228 227 226 225 224 223 223 223 231 237 240 239 243 249 250 252 254 254 256 253 248 247 245 245 243
242 243 243 243 244 244 244 244 244 245 245 245 245 245 245 245 245 246 246 246 246 245 245 245 243 243 242 240 240 239 238 234 236 236 235 236 236 234 233 233 234 235 234 230 231 233 236 236 234 235 235 236 235 234 234 235 233 229 228 226 227 225 225 224 221 222 220 221 230 236 236 241 244 248 251 253 254 253 255 254 251 249 247 246 246
242 243 243 244 244 244 244 244 244 245 244 245 244 245 244 244 245 244 244 245 245 245 245 245 244 243 243 241 241 240 240 236 235 234 233 234 233 233 232 231 230 230 228 229 228 231 234 235 233 233 234 234 235 234 233 233 230 228 224 225 226 226 225 224 219 218 216 221 229 234 235 240 244 247 250 252 252 253 255 255 254 251 250 250 245
243 244 244 244 244 244 244 243 243 244 244 244 244 244 244 243 244 244 244 244 244 244 245 245 244 243 241 239 240 238 238 235 235 234 232 229 232 231 231 230 228 227 225 225 226 230 231 232 232 230 231 230 233 231 230 229 230 227 224 225 225 223 223 219 218 214 216 222 227 230 238 240 242 245 248 251 251 252 254 255 255 252 254 250 244
244 244 244 243 243 243 244 243 243 244 243 243 243 243 243 243 243 243 243 244 244 244 244 244 244 241 238 238 238 238 237 235 233 231 231 229 230 229 229 228 226 225 223 223 226 229 228 226 228 226 227 224 231 229 226 226 229 225 225 225 222 222 219 214 214 213 216 221 226 233 239 242 242 246 248 250 252 252 254 254 255 254 252 248 244
243 243 243 244 243 243 243 243 244 244 243 242 243 242 242 242 242 242 243 243 243 243 244 243 242 241 240 239 239 238 237 236 234 232 231 230 229 228 228 227 226 224 224 224 224 226 225 223 222 223 223 223 226 227 222 225 229 225 224 224 222 220 215 212 211 211 215 218 222 232 238 241 244 245 246 248 248 249 252 253 254 253 251 249 246
243 243 243 243 243 243 243 243 243 243 243 243 243 243 242 242 242 243 243 242 243 243 243 242 242 240 240 239 238 239 237 235 234 232 231 230 229 227 226 226 227 224 224 225 224 224 224 222 220 221 221 221 224 221 221 223 226 224 221 219 218 216 209 208 207 210 213 216 219 230 238 241 241 242 245 245 244 248 251 253 254 253 253 249 247
243 244 243 243 243 243 243 243 243 243 243 243 243 243 243 243 243 243 243 243 243 243 243 242 240 239 239 239 238 238 237 235 234 232 230 229 228 226 226 227 226 224 224 225 224 225 225 223 220 222 223 222 220 218 219 223 225 222 219 217 214 212 207 205 205 210 212 213 214 226 236 238 239 241 242 241 243 247 250 251 252 252 249 247 245
243 243 243 243 243 243 244 243 243 243 243 243 243 243 243 244 243 243 243 243 244 244 243 241 238 238 239 238 238 237 235 234 233 232 231 229 228 227 227 226 224 225 224 225 225 225 224 224 222 225 224 222 219 215 218 222 222 219 218 216 210 208 206 204 204 205 206 207 212 222 231 232 237 239 239 238 243 247 250 250 250 253 251 250 247
243 243 243 243 243 244 244 243 243 244 244 243 243 244 244 244 244 244 244 244 244 243 242 239 237 237 238 237 237 237 235 233 232 231 231 229 229 226 227 226 225 225 224 221 225 225 225 225 224 224 223 218 215 215 217 222 218 215 214 207 204 203 204 201 202 201 203 204 208 216 221 231 235 236 236 237 243 247 248 249 250 253 254 251 249
244 243 243 243 243 244 244 244 244 244 244 244 244 244 243 243 244 244 243 243 242 242 240 239 236 236 237 236 236 236 235 235 233 231 231 229 227 226 226 226 225 226 224 224 225 225 225 224 223 223 221 219 215 213 217 220 215 212 209 200 200 202 202 199 200 202 204 204 206 210 217 225 233 231 232 238 242 245 248 249 252 254 254 253 252
244 244 244 244 244 244 244 244 245 244 244 244 243 243 243 242 243 243 242 241 241 241 240 239 238 236 235 235 235 234 234 234 232 230 229 228 226 225 226 227 226 226 226 227 226 226 225 224 223 222 219 216 214 213 217 215 211 210 204 199 199 199 200 198 199 202 201 201 203 207 213 221 224 223 233 239 241 243 249 252 -9999 254 253 253 253
244 243 244 243 244 244 243 244 244 244 244 244 243 243 243 242 242 242 242 241 240 239 239 238 237 235 233 233 234 234 233 232 231 232 231 229 228 226 226 228 227 227 228 228 227 227 225 224 223 222 219 214 214 214 216 211 210 206 199 199 198 199 197 196 198 200 199 198 195 203 208 213 211 219 235 238 240 243 252 -9999 -9999 254 253 252 252
243 243 244 244 243 243 243 243 243 243 243 243 243 242 242 243 242 240 240 239 238 238 237 237 236 234 233 233 233 232 233 232 231 232 233 231 229 227 226 228 229 228 229 229 228 227 226 225 222 221 220 213 212 214 212 211 208 201 198 197 198 198 196 194 196 196 196 193 190 199 202 208 208 224 234 236 240 247 254 -9999 254 252 252 253 253
242 242 243 243 243 242 242 242 242 242 242 242 243 242 240 241 241 239 240 238 237 236 235 236 235 234 234 235 234 233 233 233 232 233 232 231 229 227 227 227 229 229 230 229 229 228 227 224 223 222 219 218 212 212 209 211 207 200 198 197 198 197 196 194 193 192 189 188 190 196 202 207 212 225 233 236 240 251 -9999 254 255 254 255 255 255
242 242 243 242 242 242 242 241 240 241 241 241 242 241 239 239 240 240 238 238 236 236 237 237 237 236 235 235 234 233 233 233 232 233 233 231 229 226 227 227 229 230 230 229 229 228 224 224 222 221 217 211 212 209 207 204 205 199 198 196 197 195 194 193 191 190 186 186 190 193 199 209 214 227 233 236 244 -9999 -9999 256 256 255 254 251 252
243 242 241 242 241 241 241 240 239 239 238 240 241 241 240 237 237 238 236 236 236 236 237 238 238 238 238 236 235 233 233 234 233 233 233 231 229 227 227 229 229 228 228 230 229 225 218 224 220 216 211 209 210 206 204 199 199 199 198 194 193 193 191 190 189 187 181 185 189 193 203 213 220 232 234 239 252 -9999 -9999 -9999 255 253 252 250 250
243 241 241 241 241 240 241 240 239 238 235 237 240 240 241 237 235 237 236 237 235 237 235 238 238 238 238 237 236 233 233 234 232 232 232 231 228 226 226 229 229 227 229 229 229 226 221 225 216 213 208 208 207 204 201 199 199 199 197 193 191 190 190 189 185 183 178 179 183 191 202 211 214 231 236 247 -9999 -9999 -9999 -9999 255 253 252 251 252
242 241 240 240 239 239 239 241 238 236 237 235 237 238 239 239 238 235 235 237 235 234 237 237 239 240 238 237 236 233 234 234 233 232 230 229 227 223 222 227 230 229 229 230 228 225 226 222 209 209 208 205 205 203 202 199 198 195 194 191 190 191 189 188 183 179 177 175 181 194 215 212 224 225 248 -9999 -9999 -9999 -9999 -9999 255 254 253 253 252
241 240 240 239 238 237 237 237 239 237 237 237 234 237 239 236 233 235 234 236 236 235 238 240 240 240 237 236 233 233 234 234 232 231 229 228 227 223 221 224 227 229 229 230 229 229 224 214 210 212 207 201 203 202 203 199 197 193 192 192 192 189 188 185 180 175 174 175 180 205 228 237 228 -9999 -9999 -9999 -9999 -9999 -9999 -9999 256 255 254 254 253
242 241 239 240 237 236 236 236 238 238 237 236 235 233 237 234 232 235 236 236 237 237 238 241 241 238 237 236 233 233 234 233 233 233 230 231 230 225 222 223 227 227 227 226 228 221 212 215 217 216 208 198 202 203 203 199 195 192 192 193 192 189 187 182 179 175 172 174 191 224 237 241 -9999 -9999 -9999 -9999 -9999 -9999 -9999 -9999 256 256 255 255 254
242 241 240 240 239 239 239 239 238 238 236 235 235 235 236 234 231 236 235 238 238 239 238 240 241 238 235 232 232 233 234 232 233 234 234 232 233 226 224 222 225 224 225 225 227 225 219 221 219 218 214 206 204 206 203 198 193 192 193 192 191 189 186 183 178 176 178 187 229 240 246 -9999 -9999 -9999 -9999 -9999 -9999 -9999 -9999 -9999 257 256 256 255 253
243 243 241 240 238 239 241 240 238 236 236 235 236 236 236 235 233 236 235 238 239 241 238 241 240 237 233 231 233 233 235 234 234 235 229 233 232 227 225 222 219 220 223 222 225 226 215 222 222 216 208 209 208 209 199 196 192 193 193 191 188 185 182 180 174 175 185 216 238 -9999 -9999 -9999 -9999 -9999 -9999 -9999 -9999 -9999 -9999 -9999 257 256 255 253 246
244 243 242 241 239 239 241 239 239 237 236 236 237 238 236 235 238 237 236 238 241 241 239 242 238 235 233 232 232 234 236 234 236 235 235 233 232 230 226 224 222 221 222 225 225 225 210 224 221 212 211 213 210 206 200 200 200 196 194 191 187 185 183 179 175 176 201 241 -9999 -9999 -9999 -9999 -9999 -9999 -9999 -9999 -9999 -9999 -9999 -9999 256 255 252 245 239
244 243 243 242 241 241 242 239 237 237 237 236 238 238 236 237 237 238 240 240 242 242 243 241 237 234 232 231 234 236 238 237 237 234 233 230 232 228 228 225 224 223 223 225 227 227 223 226 220 217 212 209 211 203 200 204 202 196 192 187 187 185 182 178 177 197 -9999 -9999 -9999 -9999 -9999 -9999 -9999 -9999 -9999 -9999 -9999 -9999 -9999 257 255 249 241 239 237
244 243 243 243 242 243 243 239 237 239 238 237 237 238 238 239 239 239 240 242 243 243 241 239 233 235 237 237 237 237 238 238 237 234 233 233 232 230 231 228 225 223 225 224 226 229 228 226 222 220 212 211 209 203 206 207 200 194 189 186 185 184 182 179 193 -9999 -9999 -9999 -9999 -9999 -9999 -9999 -9999 -9999 -9999 -9999 -9999 -9999 257 254 242 239 237 236 235
