data_and_outputs/predictor_data/120/bioclim_12.asc
NCOLS 1199 
NROWS 625 
XLLCORNER -17.966918 
YLLCORNER -10.0196949358429 
CELLSIZE 0.0416666688395203 
NODATA_value -9999 
[rows 360 to 395 of 625, columns 1053 to 1133 of 1199]
1763 1763 1764 1766 1770 1769 1770 1773 1777 1781 1789 1793 1794 1800 1805 1810 1820 1824 1826 1829 1833 1830 1830 1834 1832 1822 1807 1798 1789 1778 1772 1782 1787 1782 1767 1751 1745 1743 1741 1731 1720 1707 1705 1707 1713 1714 1713 1708 1692 1659 1642 1629 1622 1616 1613 1618 1640 1645 1628 1617 1596 1585 1586 1565 1547 1542 1531 1534 1531 1520 1513 1512 1521 1523 1505 1491 1477 1469 1461 1440 1430
1762 1762 1763 1761 1764 1767 1767 1770 1770 1776 1778 1786 1788 1794 1801 1807 1812 1812 1813 1816 1817 1817 1822 1822 1821 1817 1814 1806 1791 1773 1766 1765 1771 1770 1761 1751 1735 1737 1733 1721 1710 1703 1696 1699 1701 1698 1695 1693 1697 1673 1649 1624 1616 1606 1607 1613 1634 1634 1624 1611 1596 1584 1578 1573 1562 1548 1526 1513 1507 1509 1507 1511 1516 1522 1513 1506 1489 1469 1470 1440 1424
1766 1759 1758 1759 1759 1761 1765 1766 1768 1772 1773 1781 1787 1789 1792 1796 1798 1801 1805 1806 1809 1810 1813 1810 1808 1805 1804 1799 1787 1776 1760 1756 1756 1758 1747 1743 1729 1725 1721 1710 1707 1703 1692 1685 1680 1681 1680 1680 1688 1675 1650 1631 1604 1599 1603 1608 1618 1623 1619 1606 1597 1582 1581 1576 1564 1547 1537 1515 1505 1492 1485 1483 1491 1497 1492 1495 1482 1486 1478 1448 1427
1770 1770 1758 1755 1756 1761 1763 1760 1763 1768 1777 1778 1784 1788 1791 1793 1795 1797 1797 1800 1805 1804 1807 1805 1800 1801 1797 1793 1784 1774 1757 1754 1743 1742 1737 1730 1721 1713 1709 1705 1700 1696 1687 1674 1669 1667 1674 1669 1664 1656 1636 1624 1605 1592 1601 1605 1620 1619 1615 1605 1595 1585 1577 1567 1551 1557 1579 1521 1508 1490 1488 1470 1462 1468 1475 1483 1461 1463 1443 1442 1436
1768 1775 1760 1755 1753 1756 1758 1761 1763 1766 1771 1770 1774 1776 1778 1780 1789 1793 1795 1796 1800 1803 1801 1799 1797 1793 1790 1789 1778 1771 1756 1756 1742 1733 1723 1718 1713 1710 1701 1695 1689 1684 1681 1666 1662 1659 1658 1654 1649 1638 1625 1624 1600 1590 1597 1613 1631 1598 1595 1590 1579 1578 1575 1567 1552 1543 1566 1523 1504 1485 1489 1467 1462 1459 1445 1448 1437 1436 1426 1427 1439
1747 1749 1747 1748 1748 1753 1755 1758 1763 1764 1766 1765 1769 1768 1772 1774 1781 1786 1792 1793 1796 1796 1796 1791 1792 1793 1784 1783 1773 1769 1753 1751 1749 1733 1723 1712 1709 1707 1703 1690 1683 1676 1664 1660 1652 1649 1648 1644 1642 1631 1619 1616 1589 1602 1625 1616 1594 1576 1574 1573 1566 1565 1568 1567 1549 1538 1532 1515 1498 1480 1487 1475 1466 1474 1453 1426 1437 1447 1447 1446 1441
1741 1742 1742 1743 1746 1749 1751 1755 1754 1760 1761 1761 1765 1767 1766 1770 1775 1783 1789 1791 1793 1795 1792 1789 1794 1791 1775 1769 1764 1762 1748 1750 1745 1737 1719 1710 1700 1695 1696 1692 1677 1672 1662 1654 1648 1640 1636 1635 1634 1619 1601 1593 1579 1578 1608 1598 1571 1557 1560 1557 1560 1563 1563 1559 1546 1535 1522 1506 1489 1480 1481 1479 1475 1480 1466 1431 1411 1410 1426 1462 1456
1737 1738 1740 1740 1744 1749 1756 1750 1752 1758 1758 1760 1764 1763 1766 1772 1791 1790 1787 1788 1793 1795 1792 1796 1797 1781 1768 1765 1761 1755 1745 1741 1742 1735 1721 1708 1697 1687 1689 1690 1678 1670 1654 1644 1639 1634 1629 1622 1615 1608 1592 1582 1574 1587 1569 1564 1559 1545 1552 1547 1548 1552 1550 1547 1548 1537 1510 1493 1485 1478 1470 1472 1470 1480 1464 1441 1428 1409 1407 1449 1430
1736 1736 1741 1740 1739 1743 1764 1763 1754 1754 1756 1760 1758 1767 1776 1785 1797 1791 1780 1775 1777 1790 1793 1791 1790 1783 1764 1763 1767 1749 1742 1735 1735 1731 1722 1712 1693 1682 1680 1678 1675 1666 1655 1643 1632 1625 1616 1610 1601 1595 1583 1574 1582 1584 1573 1553 1543 1543 1535 1533 1531 1536 1536 1531 1532 1544 1503 1484 1482 1472 1465 1459 1477 1480 1466 1445 1426 1400 1411 1407 1403
1740 1741 1741 1742 1738 1747 1759 1762 1753 1753 1750 1753 1754 1757 1772 1768 1776 1777 1768 1760 1767 1782 1781 1782 1781 1780 1772 1769 1766 1755 1741 1726 1726 1730 1722 1715 1692 1679 1678 1676 1668 1655 1653 1641 1621 1614 1607 1602 1590 1582 1575 1569 1602 1591 1569 1549 1534 1526 1528 1522 1518 1519 1521 1513 1510 1527 1508 1481 1473 1463 1460 1450 1445 1452 1464 1423 1402 1386 1375 1385 1412
1736 1735 1739 1743 1737 1742 1745 1749 1749 1745 1750 1749 1752 1749 1752 1754 1751 1752 1749 1754 1758 1768 1770 1770 1772 1778 1777 1772 1761 1754 1741 1723 1719 1715 1714 1715 1689 1676 1680 1679 1661 1644 1644 1633 1614 1612 1603 1595 1582 1576 1565 1564 1591 1594 1578 1541 1538 1524 1524 1523 1512 1504 1504 1504 1500 1503 1513 1521 1520 1492 1502 1503 1443 1431 1430 1403 1402 1374 1388 1372 1395
1731 1739 1747 1743 1741 1742 1743 1744 1743 1744 1746 1746 1744 1744 1744 1745 1745 1753 1751 1763 1773 1773 1775 1769 1772 1768 1768 1767 1756 1746 1742 1730 1722 1715 1712 1718 1700 1672 1676 1677 1669 1640 1634 1618 1612 1608 1598 1587 1575 1566 1561 1563 1573 1581 1571 1536 1526 1524 1511 1516 1509 1498 1491 1487 1487 1492 1522 1520 1526 1540 1538 1459 1425 1456 1436 1391 1389 1374 1376 1393 1389
1737 1785 1784 1767 1753 1753 1742 1740 1744 1741 1741 1741 1743 1743 1743 1740 1744 1753 1767 1769 1778 1778 1775 1770 1778 1768 1765 1760 1756 1745 1739 1730 1727 1724 1714 1727 1702 1670 1664 1667 1654 1637 1625 1617 1605 1595 1593 1580 1565 1561 1562 1574 1572 1552 1551 1532 1523 1522 1509 1502 1505 1494 1481 1481 1512 1519 1498 1525 1535 1534 1532 1473 1425 1409 1393 1399 1395 1379 1386 1368 1380
1727 1738 1785 1781 1772 1745 1739 1740 1753 1746 1744 1739 1739 1743 1743 1742 1752 1745 1760 1771 1776 1777 1775 1773 1772 1766 1761 1758 1754 1746 1738 1728 1723 1719 1718 1711 1695 1669 1658 1666 1650 1633 1622 1613 1603 1591 1580 1569 1567 1568 1545 1550 1542 1542 1543 1535 1524 1521 1513 1511 1507 1491 1486 1480 1484 1460 1497 1523 1531 1532 1522 1450 1425 1439 1392 1393 1386 1380 1390 1367 1379
1726 1730 1736 1752 1751 1747 1737 1738 1742 1745 1748 1742 1736 1741 1748 1752 1755 1749 1762 1769 1774 1772 1771 1775 1772 1767 1762 1758 1751 1747 1739 1725 1724 1718 1711 1707 1679 1659 1651 1654 1641 1626 1617 1609 1601 1589 1575 1566 1566 1560 1540 1546 1539 1544 1542 1532 1520 1513 1515 1522 1504 1491 1488 1477 1459 1449 1468 1512 1475 1454 1459 1449 1435 1433 1426 1458 1428 1443 1386 1370 1390
1728 1727 1730 1735 1738 1740 1743 1743 1761 1772 1756 1747 1741 1753 1755 1760 1759 1757 1761 1772 1766 1769 1768 1767 1764 1761 1756 1754 1749 1741 1734 1725 1724 1714 1708 1700 1672 1655 1652 1652 1637 1620 1615 1604 1597 1580 1568 1563 1568 1561 1538 1541 1538 1529 1532 1529 1518 1522 1535 1501 1485 1484 1469 1457 1452 1440 1430 1434 1481 1489 1475 1441 1413 1400 1413 1463 1489 1475 1386 1374 1383
1726 1729 1729 1731 1734 1738 1739 1745 1761 1795 1781 1776 1763 1751 1752 1759 1759 1761 1759 1762 1764 1763 1760 1760 1758 1754 1750 1745 1741 1732 1727 1724 1720 1710 1702 1693 1685 1660 1650 1640 1625 1616 1614 1606 1591 1579 1561 1556 1554 1557 1538 1526 1544 1523 1520 1519 1529 1533 1504 1474 1469 1469 1459 1451 1444 1447 1450 1441 1432 1434 1417 1415 1401 1399 1405 1416 1459 1493 1445 1396 1404
1730 1733 1730 1731 1732 1733 1747 1741 1749 1796 1817 1812 1777 1751 1745 1749 1752 1751 1753 1758 1756 1754 1753 1753 1754 1752 1743 1738 1735 1728 1724 1720 1715 1705 1694 1687 1678 1669 1643 1629 1620 1617 1618 1613 1591 1569 1555 1550 1552 1551 1538 1522 1537 1525 1502 1511 1509 1478 1475 1473 1471 1454 1451 1449 1448 1450 1479 1452 1440 1433 1412 1405 1388 1379 1389 1412 1417 1464 1491 1435 1440
1728 1731 1730 1728 1730 1734 1745 1739 1740 1767 1802 1796 1802 1778 1753 1746 1759 1766 1767 1765 1761 1760 1757 1751 1751 1743 1739 1730 1727 1723 1718 1715 1711 1705 1692 1680 1668 1657 1635 1627 1621 1612 1613 1607 1586 1564 1550 1550 1549 1544 1547 1521 1517 1506 1516 1497 1468 1463 1472 1467 1443 1430 1440 1453 1465 1435 1453 1460 1447 1427 1443 1381 1361 1369 1383 1428 1470 1489 1469 1419 1457
1728 1739 1736 1733 1734 1731 1735 1735 1739 1743 1747 1759 1766 1780 1772 1750 1757 1761 1761 1759 1762 1758 1755 1750 1748 1739 1737 1732 1724 1720 1712 1707 1704 1700 1687 1674 1664 1653 1641 1629 1621 1618 1608 1597 1583 1560 1546 1553 1549 1543 1564 1549 1496 1480 1481 1460 1449 1446 1448 1432 1424 1425 1442 1444 1441 1429 1449 1436 1440 1447 1430 1364 1357 1421 1465 1453 1461 1456 1456 1449 1456
1728 1751 1760 1749 1766 1753 1733 1734 1735 1738 1741 1745 1758 1764 1775 1780 1744 1754 1755 1751 1751 1753 1751 1748 1743 1739 1734 1726 1722 1716 1710 1704 1698 1695 1690 1682 1672 1667 1645 1629 1625 1613 1598 1583 1571 1554 1540 1545 1556 1563 1545 1532 1496 1471 1461 1466 1456 1437 1427 1416 1415 1409 1423 1416 1418 1438 1414 1390 1416 1441 1398 1359 1352 1370 1444 1462 1460 1447 1451 1450 1441
1723 1726 1730 1739 1753 1759 1776 1766 1757 1756 1755 1759 1758 1747 1756 1755 1749 1740 1750 1752 1752 1749 1747 1744 1742 1740 1737 1728 1721 1715 1710 1702 1696 1692 1687 1684 1678 1670 1643 1625 1618 1606 1589 1573 1563 1547 1533 1535 1549 1536 1519 1512 1499 1467 1452 1459 1454 1438 1426 1416 1413 1414 1413 1400 1398 1404 1377 1388 1414 1428 1372 1345 1338 1362 1384 1439 1456 1453 1442 1441 1432
1722 1723 1726 1726 1727 1728 1732 1737 1731 1731 1742 1749 1750 1740 1746 1747 1753 1746 1743 1752 1751 1751 1744 1741 1740 1739 1736 1728 1717 1715 1705 1701 1697 1693 1691 1686 1675 1654 1631 1615 1609 1596 1584 1570 1557 1542 1533 1532 1518 1513 1513 1494 1476 1468 1453 1450 1435 1423 1414 1404 1400 1397 1387 1379 1376 1368 1383 1387 1404 1396 1376 1353 1334 1329 1327 1349 1401 1430 1391 1403 1402
1719 1718 1722 1723 1727 1723 1726 1727 1726 1725 1725 1725 1726 1730 1729 1738 1752 1749 1745 1744 1746 1746 1741 1738 1735 1734 1734 1726 1714 1712 1706 1703 1700 1694 1692 1685 1674 1646 1633 1616 1598 1589 1575 1563 1551 1542 1530 1517 1513 1516 1513 1486 1471 1476 1463 1433 1429 1426 1421 1410 1403 1389 1382 1377 1365 1364 1359 1353 1357 1361 1364 1357 1335 1307 1319 1325 1324 1349 1371 1392 1387
1717 1720 1721 1723 1721 1724 1723 1723 1723 1726 1730 1728 1729 1725 1725 1737 1748 1741 1741 1742 1741 1740 1738 1733 1734 1733 1732 1733 1721 1712 1707 1704 1702 1697 1690 1686 1665 1652 1625 1606 1594 1582 1577 1563 1560 1546 1527 1513 1505 1506 1512 1487 1465 1471 1469 1438 1430 1423 1424 1415 1411 1390 1387 1377 1366 1358 1350 1343 1335 1324 1325 1342 1346 1318 1310 1337 1347 1367 1387 1382 1374
1720 1721 1726 1724 1725 1725 1726 1727 1727 1730 1730 1730 1730 1729 1737 1737 1731 1731 1733 1738 1742 1739 1732 1727 1729 1729 1731 1733 1727 1711 1711 1706 1700 1698 1694 1683 1666 1645 1627 1606 1592 1585 1576 1560 1545 1534 1519 1507 1500 1497 1507 1482 1457 1457 1463 1449 1433 1427 1425 1409 1401 1385 1373 1361 1349 1353 1343 1333 1312 1316 1299 1300 1323 1321 1324 1370 1350 1367 1372 1363 1356
1726 1720 1725 1726 1727 1726 1723 1724 1728 1729 1729 1730 1734 1736 1739 1754 1747 1753 1753 1746 1742 1737 1729 1728 1724 1724 1721 1727 1728 1713 1713 1712 1704 1699 1690 1674 1659 1640 1621 1607 1595 1586 1565 1560 1555 1532 1516 1507 1510 1496 1500 1483 1454 1451 1470 1455 1439 1426 1407 1398 1383 1367 1366 1363 1357 1348 1329 1311 1304 1302 1284 1273 1268 1290 1365 1360 1371 1360 1354 1351 1335
1725 1721 1725 1727 1726 1727 1725 1724 1724 1726 1723 1725 1728 1728 1739 1750 1758 1746 1736 1780 1768 1720 1724 1724 1723 1723 1726 1727 1728 1716 1714 1708 1703 1695 1678 1663 1652 1639 1626 1606 1599 1587 1561 1562 1597 1565 1517 1504 1508 1497 1491 1495 1449 1445 1451 1431 1425 1402 1388 1379 1367 1359 1363 1363 1353 1348 1334 1311 1293 1283 1278 1268 1267 1247 1251 1324 1352 1353 1344 1332 1316
1721 1718 1724 1725 1728 1731 1726 1724 1721 1723 1725 1725 1731 1731 1729 1738 1735 1729 1720 1742 1723 1725 1725 1718 1714 1715 1716 1731 1726 1719 1715 1707 1699 1682 1664 1652 1643 1630 1616 1603 1589 1571 1561 1555 1575 1593 1531 1498 1493 1494 1480 1480 1453 1441 1426 1418 1403 1396 1388 1377 1369 1359 1374 1403 1359 1345 1337 1310 1296 1273 1269 1268 1269 1251 1300 1343 1353 1331 1323 1320 1299
1721 1724 1723 1723 1728 1731 1729 1726 1726 1724 1721 1724 1725 1729 1732 1738 1736 1722 1713 1713 1718 1729 1729 1717 1705 1707 1708 1718 1710 1712 1715 1709 1693 1681 1667 1654 1644 1635 1614 1601 1584 1572 1563 1553 1556 1574 1551 1500 1486 1489 1479 1465 1443 1423 1427 1417 1412 1399 1384 1380 1369 1357 1342 1346 1351 1334 1319 1313 1298 1275 1262 1257 1251 1243 1280 1346 1333 1326 1305 1287 1348
1727 1726 1722 1726 1726 1729 1731 1731 1731 1727 1725 1723 1732 1753 1739 1731 1734 1727 1713 1735 1725 1734 1724 1699 1694 1703 1704 1704 1704 1698 1701 1707 1690 1682 1669 1657 1644 1630 1612 1609 1590 1570 1564 1555 1542 1535 1530 1500 1485 1477 1466 1453 1432 1422 1415 1410 1414 1403 1391 1379 1372 1361 1344 1343 1333 1326 1305 1287 1277 1271 1264 1274 1311 1300 1347 1338 1335 1298 1276 1292 1371
1733 1728 1726 1726 1725 1725 1729 1731 1732 1729 1733 1733 1731 1734 1728 1734 1724 1713 1713 1723 1717 1703 1694 1695 1706 1700 1702 1705 1699 1692 1693 1691 1686 1677 1668 1658 1641 1630 1612 1612 1590 1568 1562 1556 1542 1528 1534 1503 1485 1472 1459 1445 1429 1425 1416 1403 1406 1391 1378 1374 1370 1364 1357 1353 1346 1330 1312 1290 1280 1263 1261 1264 1368 1317 1347 1342 1313 1284 1272 1291 1321
1734 1731 1729 1729 1727 1728 1727 1729 1733 1734 1730 1729 1723 1727 1725 1723 1726 1722 1708 1725 1708 1701 1705 1697 1703 1708 1699 1699 1697 1691 1689 1689 1685 1683 1674 1659 1645 1634 1622 1612 1596 1573 1570 1561 1545 1541 1523 1512 1489 1468 1456 1444 1427 1415 1410 1402 1394 1380 1379 1375 1365 1350 1347 1345 1333 1326 1312 1288 1271 1269 1303 1346 1373 1368 1355 1336 1321 1293 1284 1282 1343
1734 1738 1732 1733 1731 1729 1730 1732 1730 1734 1730 1725 1725 1721 1721 1721 1720 1718 1711 1712 1711 1705 1705 1718 1715 1713 1707 1698 1699 1691 1687 1682 1678 1676 1674 1668 1649 1637 1629 1614 1595 1576 1575 1566 1546 1538 1526 1513 1488 1470 1455 1440 1425 1419 1422 1413 1397 1381 1372 1367 1356 1345 1335 1335 1319 1310 1317 1371 1307 1362 1334 1347 1384 1373 1352 1338 1323 1307 1297 1290 1334
1733 1735 1734 1730 1732 1735 1738 1736 1734 1733 1736 1733 1729 1722 1718 1718 1717 1713 1710 1708 1708 1713 1707 1714 1723 1719 1722 1718 1706 1691 1685 1677 1677 1674 1667 1665 1661 1649 1636 1614 1589 1575 1580 1565 1551 1538 1530 1504 1491 1473 1453 1443 1431 1432 1425 1419 1392 1377 1364 1355 1348 1341 1325 1319 1357 1309 1327 1306 1295 1312 1328 1362 1380 1372 1354 1341 1329 1316 1307 1295 1316
1733 1734 1734 1731 1732 1733 1735 1738 1739 1739 1737 1740 1729 1726 1719 1720 1717 1712 1710 1708 1704 1704 1701 1707 1718 1721 1725 1714 1703 1699 1691 1676 1668 1667 1664 1658 1650 1646 1643 1630 1602 1585 1571 1568 1555 1543 1530 1506 1501 1473 1465 1438 1436 1438 1437 1415 1396 1373 1364 1353 1343 1324 1306 1307 1419 1406 1369 1320 1348 1343 1368 1361 1381 1372 1354 1346 1337 1328 1329 1303 1292
