data_and_outputs/predictor_data/120/bioclim_04.asc
NCOLS 1199 
NROWS 625 
XLLCORNER -17.966918 
YLLCORNER -10.0196949358429 
CELLSIZE 0.0416666688395203 
NODATA_value -9999 
[rows 195 to 233 of 625, columns 356 to 444 of 1199]
121 121 121 122 122 123 121 121 122 123 121 121 120 119 117 116 114 115 116 116 115 114 114 114 116 114 116 114 114 116 115 116 119 118 119 119 121 121 122 120 122 121 122 123 122 123 123 124 122 122 122 123 123 122 122 124 121 124 124 123 126 125 126 126 126 125 128 129 128 129 128 127 131 131 131 130 130 129 127 127 128 125 124 123 126 129 125 125 124
119 119 119 119 121 122 123 121 121 122 120 119 120 118 117 118 115 116 115 117 115 113 114 116 114 114 116 116 116 116 114 114 116 119 120 119 118 121 119 120 120 120 120 122 120 121 121 121 122 122 121 122 121 122 122 124 123 123 123 125 124 125 126 126 126 128 127 127 129 129 129 128 130 129 130 130 127 128 126 126 125 126 124 123 126 124 123 123 124
119 119 119 119 120 120 122 123 120 121 121 118 118 118 118 116 115 115 114 113 115 114 114 115 114 115 115 116 114 115 115 114 116 115 114 118 118 119 119 119 117 118 120 120 119 119 119 119 122 120 121 119 120 122 120 121 122 123 123 124 124 125 127 125 125 127 127 128 126 129 129 128 128 129 131 130 128 127 127 125 125 124 126 124 126 123 123 122 122
119 119 119 119 121 120 120 120 118 118 119 118 119 118 116 115 115 116 115 113 113 112 112 114 115 114 114 114 114 115 115 114 114 115 116 115 116 115 116 117 116 118 118 119 119 119 118 118 120 120 118 122 118 118 122 120 122 122 123 122 123 124 124 125 125 125 127 127 127 127 127 129 130 129 129 129 126 127 127 124 124 123 122 122 124 122 124 123 120
117 117 117 120 119 119 119 119 117 118 117 116 116 116 115 114 113 112 114 114 112 112 112 114 115 114 114 113 114 113 114 113 112 114 115 113 116 114 115 116 116 116 116 116 117 117 116 118 117 118 118 119 120 118 120 119 120 122 121 122 123 124 124 124 125 125 125 125 126 126 127 129 127 128 128 127 127 127 125 124 123 124 121 123 123 122 124 121 120
119 117 119 117 117 119 121 119 116 119 116 115 115 115 115 114 114 114 112 111 112 112 112 112 113 113 114 113 112 111 113 113 112 113 114 112 112 114 114 114 114 116 116 117 114 115 116 116 117 117 118 118 118 116 120 120 121 121 121 119 121 121 123 123 123 124 124 124 125 126 126 127 127 125 125 124 124 124 124 123 124 122 122 122 121 122 120 120 122
117 116 117 117 117 117 119 115 115 115 114 116 116 115 114 112 112 112 112 112 110 109 111 112 113 110 112 110 111 111 111 111 111 110 112 112 113 113 112 113 112 114 113 113 113 115 116 116 116 115 117 119 120 118 117 119 119 119 120 121 120 122 123 122 123 123 123 123 123 124 125 125 124 127 124 124 124 124 123 123 124 121 121 121 122 120 123 121 119
116 117 117 116 115 117 117 116 116 115 116 114 113 115 111 111 111 111 111 110 111 111 109 110 111 111 111 111 111 111 110 110 110 110 110 110 110 112 112 111 111 111 113 112 113 112 113 115 115 115 115 117 117 117 119 118 118 119 119 120 121 122 121 121 122 123 121 123 124 125 125 125 123 125 125 124 125 123 123 123 123 122 122 122 122 123 120 121 120
116 116 114 116 115 117 117 115 115 115 115 113 113 114 111 112 110 109 110 109 109 109 110 109 109 109 109 109 109 109 109 109 109 109 109 108 107 111 108 109 109 110 112 111 112 112 112 113 115 116 114 114 117 116 117 117 119 118 118 118 120 120 120 122 119 122 122 123 123 124 124 122 124 123 122 123 124 122 123 121 121 123 121 122 120 120 120 120 121
114 116 115 114 116 116 116 115 114 114 112 113 112 113 112 111 111 110 109 108 109 107 108 109 109 109 108 109 107 109 107 109 108 110 108 108 110 107 108 109 107 108 108 110 110 112 111 114 114 114 115 115 117 115 115 117 117 117 118 119 119 119 122 120 122 120 120 122 122 122 122 123 121 121 124 122 123 121 121 120 123 121 120 120 123 120 121 121 121
115 115 114 113 113 116 113 114 114 113 115 111 113 112 110 111 111 110 108 109 107 108 109 109 108 109 107 109 107 108 106 107 108 107 108 106 107 108 107 107 107 107 107 108 108 108 111 112 111 112 114 113 113 115 115 115 117 116 117 117 118 116 120 118 119 119 119 119 120 121 120 121 122 121 122 122 120 121 122 122 119 119 121 120 120 123 121 120 121
115 114 115 115 113 113 113 113 113 114 115 114 111 111 110 109 109 108 108 108 105 106 108 108 108 106 107 108 108 108 107 107 107 106 106 108 105 107 104 104 106 107 105 105 107 110 109 111 112 110 110 110 113 113 115 113 115 115 117 116 118 118 118 118 118 120 118 118 120 120 121 120 119 121 121 120 121 119 120 119 119 119 120 121 120 121 121 121 121
114 114 115 114 114 115 115 114 113 114 111 111 113 111 111 109 110 108 108 107 107 107 105 108 108 108 106 106 107 107 106 105 105 106 106 105 105 104 106 104 105 105 105 105 106 107 108 110 111 111 110 110 113 113 113 113 113 115 115 115 116 117 118 117 118 118 118 118 119 118 119 118 121 118 121 119 119 119 119 120 120 119 119 120 121 119 121 121 121
115 115 114 114 114 114 114 113 113 112 110 110 112 110 109 109 108 109 109 107 109 107 108 106 106 108 105 108 106 104 105 105 104 104 106 104 103 103 104 103 104 103 103 106 105 106 107 110 109 110 110 111 112 113 112 113 115 113 115 115 115 114 114 118 118 117 117 117 118 118 117 118 117 118 118 117 118 118 120 118 119 119 120 120 120 120 121 122 122
114 113 114 115 114 112 114 112 111 111 113 113 110 110 111 109 108 109 108 108 106 107 108 106 108 107 104 106 106 105 104 106 104 104 103 105 103 103 103 105 104 104 104 105 106 106 107 107 108 108 108 110 112 111 112 113 111 115 115 114 115 116 116 116 116 116 117 116 116 117 116 118 117 117 118 118 118 119 118 117 118 118 119 120 120 120 122 121 122
113 114 112 114 112 112 114 112 113 112 110 109 110 110 110 108 110 108 108 105 108 106 106 106 106 105 105 106 104 103 105 106 105 105 104 104 104 103 103 102 100 104 104 106 106 106 107 108 107 108 109 109 111 111 111 112 112 113 112 113 114 115 112 115 116 116 115 115 114 114 115 116 116 118 116 117 116 118 118 117 118 118 120 121 120 120 119 120 120
113 113 113 114 111 112 111 112 111 111 112 111 112 109 110 109 108 107 108 108 108 108 105 105 104 105 106 105 105 105 102 104 102 104 103 103 103 103 103 103 102 102 104 103 108 106 108 107 108 108 109 110 110 109 112 112 111 111 112 113 113 113 113 112 113 114 114 114 115 115 115 115 116 116 117 115 116 116 115 117 118 118 117 119 120 122 121 120 119
113 115 113 112 112 112 113 114 111 112 111 111 111 110 109 110 109 108 108 107 108 108 107 106 107 107 105 106 105 105 107 104 105 104 103 104 104 103 103 103 104 105 105 103 107 106 107 108 108 107 110 109 110 109 111 111 111 110 110 110 113 113 113 112 113 112 113 114 115 112 115 115 115 115 115 116 117 115 115 116 116 117 117 119 119 119 118 119 118
113 114 112 112 113 115 113 111 111 111 111 111 108 109 111 108 108 109 109 106 107 107 107 105 107 106 107 107 106 106 106 105 103 103 105 103 102 104 104 102 104 103 103 105 105 105 106 108 107 109 109 110 109 110 111 109 111 111 113 113 113 110 110 113 110 110 113 114 113 113 113 113 114 113 113 116 115 115 115 115 115 117 117 119 119 119 119 118 118
113 113 113 112 113 113 112 113 112 111 111 111 111 109 109 108 109 108 108 106 109 108 105 106 105 105 107 105 105 106 106 105 105 105 104 103 105 103 105 104 103 102 105 104 104 107 106 108 109 107 109 110 107 111 109 110 110 109 110 110 109 109 112 112 111 113 112 113 110 113 111 113 114 112 113 114 115 113 115 114 114 115 117 116 118 118 119 118 115
113 113 113 113 113 113 110 113 111 112 111 109 112 110 108 108 108 108 108 108 108 106 106 106 107 106 107 105 105 105 105 105 107 104 104 106 104 105 103 105 103 104 105 105 105 105 107 107 109 110 108 110 109 111 110 110 109 109 108 108 110 110 112 110 109 110 110 112 112 109 110 112 113 111 112 114 112 114 114 112 113 114 117 116 116 115 116 115 114
114 113 112 113 112 110 113 112 112 111 110 112 110 110 110 107 109 107 106 106 105 108 108 105 107 107 105 105 107 106 105 104 105 104 103 103 105 104 103 105 105 105 104 106 105 106 107 108 107 108 108 109 108 109 111 109 109 109 108 108 109 110 112 109 108 110 110 112 111 111 110 112 113 113 113 113 112 113 111 113 112 114 114 116 115 115 115 114 117
111 114 114 112 113 112 112 112 111 112 111 110 111 110 109 110 109 108 107 108 108 107 107 105 107 107 107 106 106 106 106 105 104 106 104 106 106 105 105 104 105 105 105 105 106 105 106 106 110 110 108 109 108 112 111 109 109 109 109 110 108 108 109 110 110 110 108 108 111 112 111 111 111 111 112 112 112 111 110 111 113 113 113 113 114 115 115 114 117
113 113 111 112 112 112 112 111 111 112 111 111 110 111 110 110 108 107 107 107 107 107 107 107 107 107 107 105 107 107 106 106 106 106 105 106 106 105 105 107 105 104 105 106 104 106 108 109 109 110 108 110 110 109 109 108 107 107 110 106 106 109 107 109 107 109 109 110 108 109 111 110 111 111 110 111 111 111 111 112 112 111 111 113 113 115 115 118 117
113 112 112 113 112 112 112 112 112 110 112 112 111 110 110 108 107 109 109 107 109 107 107 107 106 106 108 107 107 106 106 107 106 108 106 107 106 107 106 105 107 106 105 106 105 105 107 109 109 110 110 112 110 109 108 108 109 107 109 107 106 107 106 110 110 109 109 108 108 106 108 108 111 111 110 109 111 110 110 110 112 111 111 111 111 114 118 116 118
111 113 111 114 112 112 112 112 112 112 110 110 111 110 110 109 108 106 107 109 107 107 108 107 107 109 108 108 108 107 106 107 109 108 108 110 108 110 106 106 104 107 106 104 105 106 107 106 107 108 109 110 110 108 108 107 108 108 107 105 108 108 106 107 107 110 107 108 107 107 107 110 110 108 110 110 110 110 108 109 109 111 109 110 112 115 115 112 112
113 113 114 113 114 113 112 112 112 112 110 111 110 110 110 109 107 109 108 108 108 108 107 108 111 111 108 107 107 107 106 109 109 108 111 111 109 110 109 108 107 106 105 104 105 108 105 107 105 106 109 111 108 109 107 107 108 105 105 105 106 106 106 106 107 107 110 106 106 108 110 108 108 108 108 108 110 110 108 108 109 109 107 109 113 116 113 113 109
113 113 113 114 111 111 112 111 111 110 114 113 110 110 110 108 109 108 108 106 108 108 109 111 111 111 108 107 109 109 107 109 109 110 112 113 113 113 110 108 106 106 104 105 104 108 107 107 106 105 106 106 108 108 108 107 105 104 106 105 104 105 107 107 106 106 106 107 107 108 108 108 110 108 108 108 110 111 111 108 107 109 108 109 115 111 114 113 110
113 114 114 113 113 111 111 113 113 111 111 114 110 110 110 110 108 108 108 108 107 107 111 111 111 109 108 108 108 109 108 109 108 110 112 112 116 113 110 109 106 106 106 102 104 106 106 107 107 106 106 106 107 107 107 106 104 104 106 104 105 105 105 105 105 106 105 105 106 107 107 108 108 107 107 110 109 109 110 109 107 108 107 114 109 111 115 114 112
112 113 114 112 113 112 114 114 114 113 113 112 110 110 110 109 109 108 107 108 108 110 113 111 109 109 107 108 108 108 109 108 108 110 112 112 113 111 109 107 105 105 102 101 103 102 105 105 109 108 105 107 107 107 107 107 105 107 105 105 105 104 106 107 105 104 106 105 107 107 107 106 107 109 109 110 107 109 109 109 108 107 106 111 110 115 115 117 116
114 114 114 113 113 111 114 114 114 113 115 112 113 110 108 109 108 106 106 107 109 112 112 108 109 108 108 108 108 108 109 110 109 110 110 112 110 109 108 106 103 101 102 101 98 99 101 105 109 106 105 107 107 107 105 105 105 105 106 105 106 105 106 104 105 105 105 105 105 107 108 108 108 108 108 109 109 109 109 109 109 109 110 110 112 119 120 118 118
113 115 115 112 112 112 114 114 112 114 113 111 110 113 108 109 110 107 107 108 110 108 109 109 108 106 109 108 110 110 109 108 109 110 109 107 109 106 106 103 103 100 101 100 97 98 98 101 104 106 105 105 105 104 106 104 106 105 106 105 106 105 105 105 106 105 104 104 106 105 106 108 107 110 108 110 109 111 113 112 111 111 112 113 116 124 125 122 120
115 114 114 113 113 113 117 115 114 113 113 112 113 111 111 109 107 107 106 107 107 108 109 108 108 108 107 108 110 109 108 107 108 107 110 105 104 104 104 103 101 100 99 99 98 98 98 99 102 105 105 105 105 105 105 105 104 104 104 106 106 106 104 105 107 107 107 106 106 105 106 105 107 108 110 110 111 111 115 116 119 118 115 116 121 122 120 120 121
116 113 114 114 113 114 118 113 114 114 113 113 113 111 108 108 109 108 107 107 106 106 106 108 109 109 108 108 111 111 110 108 108 107 105 105 105 103 101 101 100 100 98 97 98 96 99 100 102 103 103 103 104 104 104 104 102 105 103 104 105 106 106 106 106 106 107 108 106 105 105 106 107 108 109 110 111 111 114 115 118 118 118 119 121 121 123 121 120
114 114 113 115 113 117 115 115 114 114 113 113 113 111 110 107 108 107 108 106 107 106 109 109 108 109 109 108 110 110 110 108 108 108 105 104 101 102 100 102 99 100 98 97 98 96 99 98 101 100 102 102 104 102 102 105 104 104 102 104 104 106 109 108 107 108 107 108 107 106 107 107 108 108 109 110 112 112 117 118 117 116 119 120 119 120 121 119 120
114 114 114 114 115 117 117 114 115 114 114 113 113 113 111 110 109 110 114 108 109 110 109 110 110 109 109 109 108 110 108 107 108 106 104 104 102 102 101 101 100 100 98 96 98 98 97 98 100 100 100 102 103 103 103 103 104 103 103 104 103 105 108 109 108 109 109 108 107 109 107 110 109 108 110 110 113 112 116 115 116 119 118 120 119 120 120 122 122
115 117 115 115 115 117 116 115 115 115 115 114 113 115 114 111 109 112 116 108 108 108 107 110 111 109 110 109 109 109 109 108 109 106 105 104 102 102 102 100 100 97 98 98 97 98 97 98 100 101 100 102 103 103 104 103 104 102 104 104 104 103 104 105 105 105 109 108 105 109 110 108 108 108 110 111 113 113 115 116 118 118 117 119 120 121 120 120 120
117 115 117 116 116 115 116 116 115 114 115 115 116 114 114 113 112 117 114 111 111 109 110 110 114 111 109 110 110 110 109 109 108 105 105 105 104 103 101 100 102 99 97 98 97 97 98 97 99 99 100 99 101 102 102 102 102 103 104 104 104 105 106 103 106 109 107 108 109 109 107 108 110 108 110 111 114 115 116 115 116 119 119 122 120 120 121 121 122
115 115 115 116 116 115 117 115 114 116 116 117 115 115 115 114 111 120 120 112 111 111 111 114 114 111 110 110 111 109 109 109 109 109 107 104 104 102 100 101 102 98 96 97 97 97 97 98 99 100 100 102 101 102 101 103 102 103 104 104 104 108 107 104 102 107 109 108 111 111 109 109 110 109 109 112 112 115 115 117 117 118 118 121 120 120 122 122 123
