data_and_outputs/predictor_data/120/bioclim_12.asc
NCOLS 1199 
NROWS 625 
XLLCORNER -17.966918 
YLLCORNER -10.0196949358429 
CELLSIZE 0.0416666688395203 
NODATA_value -9999 
[rows 0 to 35 of 625, columns 810 to 890 of 1199]
-9999 -9999 -9999 -9999 -9999 -9999 -9999 -9999 -9999 -9999 -9999 -9999 -9999 -9999 -9999 -9999 -9999 -9999 -9999 -9999 -9999 -9999 -9999 -9999 -9999 -9999 -9999 -9999 -9999 -9999 -9999 -9999 -9999 -9999 -9999 -9999 -9999 -9999 -9999 -9999 -9999 -9999 -9999 -9999 -9999 -9999 -9999 -9999 -9999 -9999 -9999 -9999 -9999 -9999 -9999 -9999 -9999 -9999 -9999 -9999 -9999 -9999 -9999 -9999 -9999 -9999 -9999 -9999 -9999 -9999 -9999 -9999 -9999 -9999 -9999 -9999 -9999 -9999 -9999 -9999 -9999
124 124 124 124 122 122 122 122 122 120 120 120 118 118 118 118 116 116 117 116 116 117 115 116 117 116 116 114 115 114 115 115 113 114 113 114 109 109 108 109 106 107 105 106 103 104 102 102 100 101 97 97 95 95 94 94 92 91 92 90 90 90 87 88 88 92 95 95 97 98 100 102 103 106 111 114 114 116 116 119 122
129 129 129 127 127 126 126 126 126 124 123 123 122 122 122 122 120 120 120 117 118 119 118 118 117 118 118 117 117 117 116 117 115 116 114 115 114 114 112 113 110 110 107 107 106 106 104 104 103 103 101 101 99 100 96 96 94 94 95 93 92 93 93 94 94 94 97 97 100 103 106 108 108 111 113 116 116 119 121 121 124
133 133 131 131 131 131 130 127 127 127 126 126 126 124 124 123 121 121 122 121 122 123 121 122 123 122 122 121 121 118 119 119 118 118 117 118 116 116 114 115 114 113 112 113 111 109 107 108 106 105 103 104 102 102 100 101 101 99 99 97 95 96 96 97 97 99 102 102 106 108 108 111 113 115 116 119 119 123 126 126 129
135 135 135 134 134 133 133 131 131 131 129 128 128 125 125 125 125 124 124 123 124 124 123 124 125 124 124 122 123 122 123 123 121 122 121 119 117 118 117 118 115 116 114 115 113 113 112 112 110 108 107 107 104 105 106 104 104 102 102 102 100 100 101 102 105 105 105 107 110 110 113 116 116 120 120 124 124 126 128 130 132
139 139 139 138 136 136 136 136 135 135 134 132 132 132 130 130 129 126 125 125 126 126 125 126 126 125 126 124 125 125 124 125 123 124 122 123 121 122 120 121 118 118 115 116 115 115 114 113 112 113 111 110 111 110 110 106 106 106 105 105 105 103 105 107 107 108 110 110 115 117 117 119 121 123 125 125 129 129 131 133 134
142 142 140 141 141 140 139 139 139 137 136 136 135 135 135 133 132 131 131 131 130 131 130 129 130 130 130 131 129 128 126 127 125 125 124 125 123 123 122 123 122 121 119 120 119 117 115 115 116 115 114 113 113 112 111 112 110 111 111 110 109 109 110 111 112 114 115 117 120 120 122 122 125 126 128 128 132 135 135 137 137
144 144 144 144 144 144 144 141 141 140 138 138 139 137 137 134 134 134 134 135 133 134 134 133 133 133 132 132 131 132 131 130 129 130 129 130 127 126 126 125 125 123 124 123 122 121 121 120 121 118 119 115 116 115 114 114 115 113 114 113 114 114 115 115 116 116 117 119 121 123 125 128 130 132 133 135 135 137 140 140 143
150 148 148 148 148 147 147 147 144 144 144 142 142 143 140 140 138 138 137 138 137 136 136 137 136 137 135 134 133 134 134 133 133 132 133 131 132 130 131 129 130 129 127 125 126 124 124 123 122 123 122 122 119 120 121 119 120 117 116 116 117 117 118 118 119 121 121 127 127 129 131 133 133 135 138 138 141 140 144 146 150
152 152 152 150 150 150 148 148 148 146 146 146 144 144 144 142 142 140 140 140 141 141 140 141 141 140 141 140 140 139 138 135 135 134 134 133 134 133 132 131 132 133 131 131 130 131 129 126 125 126 125 124 124 123 124 124 122 122 122 123 124 124 125 126 126 127 129 130 132 132 135 135 137 138 142 143 145 147 150 153 153
155 155 155 155 153 154 153 153 152 152 150 150 149 149 148 148 144 144 143 144 143 144 143 142 143 143 143 142 142 141 142 143 141 140 139 140 138 138 135 135 134 134 132 133 132 133 130 131 131 130 131 128 129 130 126 125 126 124 125 126 126 127 127 128 131 131 131 136 136 139 139 142 142 144 145 149 150 152 154 155 157
159 159 158 158 158 157 156 156 156 154 154 154 152 152 150 150 150 148 149 148 149 148 148 147 148 149 148 146 145 146 144 145 142 143 142 143 140 140 139 140 141 138 139 138 139 134 135 133 133 134 132 132 133 132 132 130 130 131 132 132 133 133 134 135 135 137 139 139 141 141 144 145 149 149 151 153 156 158 158 160 161
164 164 164 164 161 161 161 160 160 160 158 157 157 154 154 153 152 150 151 152 151 151 150 151 150 151 150 149 150 150 151 149 149 148 149 146 146 145 145 142 142 140 141 140 141 141 139 140 139 138 139 137 136 137 134 134 135 135 136 135 135 138 139 140 141 143 145 145 149 151 151 153 154 156 156 158 161 161 163 163 166
168 168 166 165 165 165 164 164 164 162 162 161 160 160 158 158 156 156 155 156 156 155 156 153 154 154 153 152 153 152 152 151 152 151 152 150 150 151 150 151 149 149 148 145 143 144 144 142 143 141 142 142 141 142 142 142 140 141 142 143 143 144 145 148 149 150 154 154 154 156 156 158 159 161 161 163 166 168 169 171 172
173 172 172 171 169 169 169 168 168 166 164 165 164 162 162 161 160 158 159 158 159 158 158 157 159 159 158 158 157 158 157 157 156 155 154 154 153 154 153 153 154 152 153 152 152 151 151 150 148 149 147 146 147 145 145 146 146 147 148 149 149 149 150 151 154 157 157 159 161 161 163 163 166 166 169 169 172 172 174 174 176
177 177 177 174 174 174 173 173 173 171 170 169 169 169 167 166 165 165 164 165 164 163 162 163 161 162 162 161 162 160 161 160 160 160 160 159 160 158 158 158 157 157 156 156 155 155 154 155 155 156 154 155 152 153 153 153 153 154 157 158 158 158 159 160 161 164 164 164 166 166 167 170 170 172 172 174 175 179 179 181 183
181 181 181 180 180 178 178 177 175 175 173 173 173 171 171 169 169 167 168 168 168 167 168 167 167 167 167 166 167 166 167 165 164 164 163 164 162 163 161 162 161 162 162 160 161 160 161 161 160 158 159 157 158 159 160 160 158 159 160 161 161 163 164 165 166 167 170 170 173 174 174 177 177 179 179 181 182 184 184 186 187
185 185 185 184 182 182 182 181 181 179 178 178 177 177 175 174 173 173 172 173 172 171 170 171 170 171 170 170 168 170 171 170 170 168 170 169 169 168 168 168 167 165 166 165 164 165 163 164 164 165 164 164 165 166 165 165 165 166 167 168 168 169 170 171 175 176 176 177 177 179 179 181 182 182 184 184 190 191 193 193 196
191 191 189 188 189 189 187 186 184 184 183 182 182 180 180 178 178 176 177 176 176 176 176 175 175 175 176 174 174 174 175 172 173 173 172 173 172 173 171 172 171 172 172 171 172 171 171 172 172 171 169 170 169 170 171 171 172 173 173 173 174 174 175 176 180 180 183 185 185 185 188 188 191 191 193 193 196 196 198 198 201
196 194 194 194 193 192 192 190 190 190 187 187 186 186 184 183 182 182 181 182 181 181 179 180 179 180 179 179 177 178 178 179 179 177 179 178 178 177 177 177 176 176 175 175 175 175 176 175 176 176 176 175 176 177 178 178 179 180 181 182 182 183 184 185 188 188 189 189 191 193 194 194 196 196 199 202 202 204 204 206 207
201 200 200 200 197 197 196 196 196 192 192 190 190 188 188 186 187 185 186 185 186 186 186 185 186 185 186 185 185 185 186 183 183 183 183 183 182 183 181 182 183 182 182 181 182 183 181 182 183 183 182 182 181 182 183 183 184 185 184 188 188 188 189 194 197 197 197 197 200 200 202 202 202 204 204 207 207 209 210 211 213
204 204 204 202 202 201 200 200 199 199 196 196 195 195 195 192 192 191 192 191 192 191 190 189 190 190 189 189 188 189 190 189 190 188 189 189 189 188 188 190 189 187 185 185 187 186 186 187 188 187 187 187 188 189 191 189 190 191 193 194 194 197 198 199 200 202 202 203 205 205 207 209 209 211 213 215 215 217 217 220 220
210 211 209 209 209 208 207 205 205 205 204 203 200 200 198 197 196 196 195 196 195 196 195 196 194 195 195 195 194 195 195 195 192 192 192 193 192 192 193 192 193 192 192 194 192 193 193 194 194 195 196 196 196 195 196 197 197 198 200 201 203 204 205 206 208 210 210 210 212 213 213 215 215 218 218 218 220 220 226 226 228
217 217 215 213 212 212 211 209 209 208 208 205 205 204 204 201 201 200 201 201 201 201 201 199 199 199 200 198 200 198 200 198 198 197 198 198 198 199 198 199 198 198 199 199 200 198 198 197 198 200 200 199 200 201 202 203 202 204 206 207 207 210 211 212 213 216 219 219 221 221 221 224 224 224 226 226 228 228 231 232 234
223 223 221 221 219 219 216 215 214 214 214 212 209 209 206 206 204 204 203 205 204 205 203 205 203 205 204 204 204 205 204 205 204 205 202 203 203 202 203 201 203 203 202 203 205 206 203 204 205 207 205 206 207 208 209 210 210 212 213 215 215 218 219 220 221 222 224 224 226 227 227 229 229 229 234 234 236 237 239 239 242
230 228 227 227 226 224 223 223 220 218 217 217 214 214 213 213 210 209 210 210 210 210 209 209 210 208 208 207 208 207 209 208 208 208 208 209 208 209 208 210 210 209 209 211 212 211 212 213 213 212 213 214 215 216 217 218 218 220 221 222 223 223 226 228 229 229 231 232 232 234 235 237 238 238 240 241 243 243 245 247 249
234 232 232 231 230 228 228 227 226 224 224 223 220 218 219 217 216 213 214 214 216 214 213 214 214 214 214 214 214 214 213 214 214 214 215 214 215 213 215 214 214 214 214 215 215 216 216 217 217 218 219 219 219 221 222 223 223 224 226 227 228 228 231 233 236 236 239 241 241 243 243 245 245 245 248 248 250 250 253 253 256
239 238 238 236 235 234 234 232 232 230 228 227 227 224 221 221 219 219 218 219 220 220 218 220 220 220 220 220 220 219 218 220 218 220 219 219 220 218 220 221 221 221 222 221 222 223 224 225 224 226 226 227 228 229 231 232 232 233 235 236 236 238 241 243 244 244 246 246 248 248 248 251 252 252 257 257 259 259 262 262 264
245 244 244 241 241 239 239 237 236 235 233 233 232 231 229 229 228 225 225 225 227 224 223 223 225 225 225 223 225 225 226 224 225 224 226 227 226 226 227 227 228 229 228 228 230 230 230 229 231 233 233 234 236 237 239 239 240 241 243 244 245 245 249 250 251 254 254 255 257 257 257 260 260 260 262 262 264 265 267 269 271
249 249 247 247 245 245 243 243 241 241 239 240 238 236 234 232 232 231 231 229 231 231 229 230 230 231 230 230 229 231 231 231 231 231 232 230 231 231 231 232 233 231 232 234 235 237 235 236 238 239 239 239 241 242 244 244 245 246 248 249 250 252 254 255 257 260 263 263 265 265 265 267 267 269 270 272 272 273 275 277 277
255 255 254 253 252 252 251 250 247 245 244 243 243 241 240 239 236 237 235 237 237 237 234 236 236 236 235 235 234 236 236 237 234 235 235 236 237 236 238 239 240 238 239 241 242 242 242 243 245 246 247 247 249 250 252 253 253 254 256 257 258 261 263 264 266 268 268 268 270 270 271 273 276 278 278 280 280 282 284 287 288
263 263 260 260 257 257 256 253 253 251 251 249 247 247 245 245 243 243 240 240 242 242 242 240 240 240 241 240 240 240 242 241 242 242 242 244 244 243 245 246 246 246 247 248 247 248 248 250 251 253 254 254 256 258 260 260 261 262 264 265 266 269 270 272 273 276 276 278 280 280 282 282 282 284 284 288 292 293 293 296 296
268 267 265 265 264 261 261 260 259 257 256 255 251 251 249 247 247 245 247 246 248 247 246 246 247 248 246 247 245 246 246 247 248 247 249 251 247 247 249 249 250 251 252 253 253 254 255 256 258 259 260 261 262 264 265 266 267 268 270 271 274 277 279 281 285 285 285 288 288 288 290 290 295 295 296 297 299 299 301 304 306
274 274 272 270 270 268 268 266 263 262 261 261 258 257 257 254 254 252 252 252 252 253 252 252 251 253 252 252 252 251 251 252 252 253 254 254 255 256 256 256 258 258 259 259 261 262 262 264 265 267 268 268 270 272 273 274 274 276 278 281 282 283 285 289 291 291 296 296 296 300 300 301 303 303 305 305 307 307 310 310 312
280 278 278 276 274 273 270 270 269 268 266 265 265 262 261 261 256 256 256 256 257 257 257 258 259 258 259 258 259 259 260 261 258 260 262 262 262 263 263 265 265 266 265 267 269 270 269 270 272 274 275 275 277 279 281 282 282 284 287 290 291 292 293 297 299 299 303 304 304 306 306 310 310 310 313 313 316 316 318 320 320
287 282 282 282 281 279 278 277 275 274 273 271 268 267 266 266 262 261 262 262 265 263 264 263 264 265 264 265 264 266 267 267 267 269 268 268 269 268 269 271 273 271 272 274 276 277 278 279 281 283 284 284 286 288 289 290 291 292 296 298 298 299 303 308 310 313 313 312 314 314 314 316 317 319 319 323 323 325 325 328 329
