data_and_outputs/predictor_data/120/bioclim_04.asc
NCOLS 1199 
NROWS 625 
XLLCORNER -17.966918 
YLLCORNER -10.0196949358429 
CELLSIZE 0.0416666688395203 
NODATA_value -9999 
[rows 195 to 233 of 625, columns 979 to 1067 of 1199]
122 122 121 121 125 124 124 124 125 126 126 124 124 127 125 126 127 126 127 125 125 125 127 128 126 127 127 125 125 126 129 127 127 127 127 127 128 128 128 127 128 128 126 128 128 128 128 126 128 128 127 128 127 127 127 127 126 126 125 127 127 126 126 127 127 126 128 126 127 126 127 127 127 126 126 125 126 125 127 125 127 125 125 125 126 125 125 126 125
121 123 121 123 122 122 121 123 123 125 123 124 124 125 125 125 124 123 124 125 123 125 125 126 124 125 125 126 126 126 127 127 126 126 126 127 127 126 127 128 127 127 125 125 124 126 126 128 124 127 127 127 125 125 125 124 125 125 125 125 125 125 125 127 127 126 126 125 126 126 125 124 126 126 124 124 125 123 125 123 124 125 123 124 125 125 124 124 124
122 122 120 122 120 122 121 123 123 122 123 122 123 123 123 124 124 123 125 125 124 124 124 124 123 125 125 124 124 124 123 126 126 126 125 126 125 123 126 124 124 124 125 124 125 125 125 125 126 126 124 124 125 126 123 126 125 124 124 125 124 124 124 126 124 125 124 124 123 122 124 123 122 123 121 123 123 122 124 123 123 122 123 123 122 122 122 123 123
120 122 122 119 119 120 120 120 121 121 123 123 123 122 122 122 123 123 124 122 123 124 124 123 122 123 123 123 123 123 123 123 123 123 122 125 122 122 126 123 123 124 124 124 122 124 123 124 124 125 125 124 124 123 122 123 122 123 122 123 123 122 121 120 123 124 123 122 121 122 123 122 122 123 121 122 121 119 120 121 123 121 121 121 121 121 121 121 122
118 119 120 120 119 119 119 120 121 120 120 121 121 122 122 122 121 122 122 123 122 122 122 122 121 122 122 121 122 123 122 123 122 122 120 122 122 122 123 123 123 122 123 122 123 123 123 123 123 121 121 122 122 122 121 122 122 120 120 121 121 121 122 122 122 122 122 121 121 120 121 121 120 121 120 122 121 121 121 120 119 121 120 119 118 119 121 121 121
117 118 118 116 120 118 120 120 121 117 118 119 120 120 118 122 120 121 121 122 121 121 121 120 119 122 121 121 120 120 120 120 120 122 121 121 121 120 121 122 121 120 122 120 121 122 122 122 121 121 121 122 122 120 121 121 121 119 118 120 118 119 120 119 119 121 121 120 119 120 118 120 120 120 120 120 121 120 120 121 118 118 117 119 117 118 117 118 118
115 117 117 117 117 117 119 117 117 118 118 118 118 119 118 120 119 120 121 119 121 118 120 118 121 121 120 119 120 119 118 120 120 120 120 122 119 120 120 122 118 122 122 118 122 120 120 121 120 119 120 120 120 121 118 120 118 118 117 119 120 118 118 118 117 117 119 119 119 118 119 119 116 117 117 117 118 118 118 117 117 117 116 116 115 118 118 117 117
115 115 117 116 118 116 115 118 118 117 117 117 116 118 119 117 117 117 118 118 118 119 118 117 119 119 118 117 118 119 118 118 118 120 119 120 120 119 119 119 121 119 118 120 119 120 120 120 116 118 118 119 119 117 115 116 117 117 118 118 117 118 118 116 117 116 117 117 117 117 118 118 116 116 117 117 115 118 116 115 116 116 117 117 115 117 114 117 116
115 114 116 117 116 115 115 116 115 115 115 116 114 116 117 116 117 116 117 118 116 116 117 116 117 117 117 117 118 117 117 119 117 117 119 117 117 117 118 119 119 119 117 120 116 120 117 118 116 116 118 119 119 117 116 116 116 116 116 118 116 117 115 114 118 117 116 116 116 116 116 116 116 114 115 115 116 116 113 113 115 115 114 114 114 114 113 113 114
115 114 117 114 114 114 115 115 115 114 113 114 113 116 115 115 114 114 115 118 116 115 117 116 115 117 116 117 118 116 117 118 115 117 117 117 117 117 116 118 117 118 118 116 117 118 117 116 117 117 117 117 115 115 115 115 116 116 115 117 116 115 116 114 116 116 114 114 114 115 116 113 113 114 115 114 114 112 114 113 113 112 113 113 114 113 113 115 112
113 114 112 114 113 115 112 112 112 112 113 113 112 113 114 115 114 114 114 116 115 116 114 116 115 115 116 115 117 115 116 116 116 116 116 116 115 117 117 116 116 117 116 117 115 116 116 116 116 116 115 114 115 114 114 114 114 114 114 114 113 113 113 114 113 114 111 114 114 115 113 111 112 114 112 112 112 112 111 111 111 112 110 111 111 112 111 113 112
112 113 113 114 112 114 112 112 112 111 113 111 112 112 113 114 116 115 115 115 114 113 114 114 114 114 115 114 114 115 114 115 115 115 113 115 113 113 115 115 115 114 114 115 114 113 115 114 114 113 113 114 114 113 114 113 113 112 113 112 112 110 113 111 111 112 111 110 111 111 111 110 110 111 111 110 111 110 110 109 109 109 109 109 110 111 113 111 110
112 111 111 112 112 112 114 110 112 113 111 111 112 111 112 112 115 112 114 115 114 114 114 114 112 113 114 113 114 113 113 115 114 113 114 115 113 113 113 114 114 114 114 113 113 112 115 114 113 113 112 113 112 111 112 111 112 112 111 109 111 111 111 110 108 110 111 111 110 110 109 109 109 110 110 109 110 109 110 108 109 108 109 109 110 111 108 109 109
110 113 110 110 111 110 110 110 110 111 111 110 112 111 111 112 112 112 113 113 113 114 111 110 113 112 112 113 112 112 113 113 112 113 112 112 114 112 112 113 113 112 112 113 111 113 111 113 111 111 111 111 111 111 111 110 109 111 110 108 111 109 109 109 109 109 108 109 109 109 106 108 109 108 108 108 108 108 106 106 106 109 106 106 108 108 106 109 107
109 110 109 110 110 110 108 110 111 109 109 109 111 111 112 110 112 111 110 111 111 111 114 111 112 111 111 112 112 112 112 112 110 112 112 112 112 110 111 112 112 111 111 111 111 110 110 111 109 111 112 109 111 110 108 111 108 108 109 109 108 107 107 106 107 105 107 107 107 107 106 106 107 107 106 106 106 106 106 107 105 107 106 106 107 105 105 106 106
109 109 110 110 108 110 108 107 108 109 108 108 108 109 110 109 111 109 110 111 110 112 110 111 110 111 111 111 111 111 111 112 111 110 110 110 111 111 112 110 110 110 111 112 111 110 109 110 109 109 109 109 108 108 109 107 107 107 106 106 106 106 105 107 106 107 106 104 106 105 106 106 104 106 105 105 105 103 103 105 105 105 105 105 106 105 105 105 106
109 109 109 110 110 109 107 109 109 109 108 108 108 110 108 109 109 109 109 111 111 110 110 110 110 111 110 111 109 109 111 109 111 110 111 110 109 109 109 108 110 110 108 111 108 108 108 109 106 107 108 108 108 107 108 107 107 107 106 106 106 106 105 106 105 106 104 103 103 102 104 104 104 104 104 103 104 102 102 101 104 102 102 105 102 103 103 104 104
107 107 107 107 106 109 107 107 107 106 107 107 108 108 108 109 108 107 109 109 109 109 108 110 110 107 107 111 109 110 109 107 109 109 109 107 108 108 108 109 109 109 108 109 109 107 107 106 108 107 107 107 106 106 106 107 105 105 105 103 104 103 105 103 104 104 101 104 102 103 102 101 102 102 104 104 103 101 102 101 101 101 103 102 102 102 102 103 102
108 107 106 107 106 106 106 106 106 108 107 107 108 108 108 107 108 107 108 109 108 108 107 108 108 108 107 110 108 110 109 107 108 109 109 109 106 107 107 108 108 108 106 106 107 107 107 108 106 106 106 106 105 105 105 105 105 104 104 104 104 103 103 103 104 103 100 101 101 101 100 100 100 101 101 100 100 101 101 101 100 101 101 100 101 100 101 102 100
105 106 106 106 105 106 105 105 105 106 106 106 106 108 105 106 107 107 109 108 107 107 107 108 107 109 107 108 107 109 107 107 106 106 107 107 106 105 106 107 107 107 106 105 107 103 107 105 105 106 104 104 104 102 104 104 102 102 102 103 103 103 102 103 101 102 100 100 100 100 100 101 98 98 100 99 99 101 100 98 99 99 98 101 101 100 100 99 102
105 106 104 104 104 104 105 105 105 105 106 105 106 104 106 106 106 108 108 108 105 107 107 107 107 109 107 107 106 107 107 105 104 106 105 104 106 107 106 105 105 105 104 105 103 104 104 103 104 104 104 103 101 104 102 103 101 102 102 100 102 100 100 100 101 100 101 98 100 98 98 99 100 98 97 98 97 98 97 97 98 97 98 99 99 99 96 99 98
104 105 105 104 103 103 103 104 105 103 104 103 103 104 103 104 106 106 108 106 105 108 106 106 106 106 106 106 106 105 106 104 105 107 105 106 105 105 105 105 105 105 105 104 103 103 103 103 103 104 104 104 102 101 101 101 101 102 100 101 100 101 101 100 101 100 98 98 98 99 99 97 97 97 99 97 95 97 98 97 96 95 97 97 97 98 97 98 99
103 103 103 102 103 102 101 102 103 103 105 103 103 103 105 103 105 105 104 105 105 105 106 105 105 106 106 104 105 105 104 104 104 104 104 105 103 104 102 105 102 103 105 102 101 100 102 102 101 102 102 102 101 101 101 100 100 100 99 99 99 98 98 98 98 98 98 96 96 97 96 96 95 96 98 96 94 96 96 96 95 95 97 97 96 97 96 96 96
103 101 101 100 102 102 101 102 103 102 104 102 102 102 102 103 103 104 103 104 104 103 103 105 104 105 105 103 104 103 104 104 102 104 102 104 103 102 102 101 102 101 102 101 102 102 101 99 99 100 101 99 101 99 99 99 99 100 99 99 98 98 97 99 97 96 97 95 97 97 95 96 95 94 95 95 96 96 95 95 95 95 95 96 93 96 96 95 96
102 100 101 100 102 102 101 101 101 101 102 102 101 101 102 103 103 104 104 103 103 103 103 105 103 103 103 103 102 104 101 102 102 102 102 102 102 103 100 100 101 102 99 101 100 99 101 100 99 99 97 99 98 99 99 99 98 96 98 97 97 97 97 97 95 96 95 96 95 94 95 95 93 93 94 94 93 92 95 95 95 95 94 94 94 92 94 94 94
99 101 101 100 101 100 98 100 99 101 101 102 101 102 102 102 101 102 101 102 101 103 102 101 102 102 102 102 102 102 101 101 101 103 101 103 102 101 100 101 99 100 100 99 98 100 99 100 98 99 99 98 98 97 98 96 97 96 97 96 96 97 95 95 94 95 94 92 94 94 92 93 92 91 93 92 93 93 91 92 92 93 92 93 93 92 93 94 92
99 100 100 98 98 97 99 100 98 100 100 100 100 102 102 101 102 101 102 101 101 102 101 101 101 99 102 101 100 101 101 101 100 102 100 100 100 100 100 99 98 100 98 100 97 96 96 98 97 99 98 98 97 95 98 95 96 95 95 93 94 94 94 93 95 93 93 93 94 93 91 91 92 92 92 90 92 92 92 91 92 92 91 91 92 93 91 92 92
98 98 98 97 98 98 99 97 98 97 98 100 100 101 100 103 101 102 101 102 102 101 102 99 100 99 99 102 100 100 100 100 100 100 100 99 100 97 99 99 100 96 98 97 99 96 98 96 97 94 94 94 94 95 95 95 95 93 94 93 93 94 92 92 93 92 92 93 92 93 91 91 89 92 90 89 90 90 90 91 90 89 91 92 91 91 91 91 92
98 96 97 96 97 95 95 97 98 97 97 100 102 101 100 99 101 101 101 101 101 100 101 100 99 98 97 100 100 100 97 97 99 98 98 99 99 97 98 98 96 97 97 96 97 96 97 97 96 97 96 97 95 94 95 94 95 93 92 93 93 93 92 92 92 92 92 92 90 91 90 88 90 90 90 88 90 90 90 90 89 89 89 90 90 89 89 88 89
97 97 97 96 97 94 96 95 96 97 98 98 99 100 100 100 101 101 100 100 101 99 99 100 96 100 98 99 96 98 97 98 98 99 97 98 97 96 98 96 96 95 96 96 95 96 95 94 95 95 94 94 93 93 93 95 93 93 92 91 93 91 90 91 91 89 89 90 90 89 89 90 90 88 88 88 88 89 89 88 88 88 88 90 89 89 90 90 88
95 96 96 94 96 94 96 94 95 95 97 99 99 101 99 98 101 98 101 101 101 98 97 100 98 99 97 97 97 97 96 96 98 98 97 94 98 95 97 97 95 96 94 94 96 95 94 95 94 94 94 92 92 93 94 93 93 92 90 92 90 92 88 89 91 89 89 89 89 88 88 88 88 89 87 88 87 87 88 88 87 87 89 89 87 87 87 88 89
96 95 94 95 93 95 91 94 94 94 97 99 100 100 99 101 100 98 98 100 98 100 97 98 97 97 95 97 95 97 97 95 95 95 96 94 95 94 94 95 94 95 93 93 94 92 95 94 92 93 93 92 91 91 91 90 92 89 91 90 91 89 88 89 88 89 88 88 87 87 87 87 87 89 87 87 88 86 87 86 87 87 86 88 88 88 89 88 88
93 94 93 93 93 94 92 93 92 95 96 101 101 100 101 102 98 98 100 98 97 98 96 95 96 95 95 95 96 96 94 94 95 94 96 94 93 94 93 94 93 94 93 96 93 93 92 92 91 93 91 91 92 90 91 88 90 89 88 89 89 90 89 88 88 86 88 87 88 86 87 88 89 86 85 87 86 86 85 86 85 85 86 88 86 86 86 86 88
92 94 93 92 92 91 91 91 91 92 97 99 98 100 99 98 98 98 98 99 97 97 96 97 95 95 96 96 94 96 95 93 95 94 93 93 93 92 92 92 92 94 91 93 92 92 90 91 91 92 91 91 90 90 88 89 89 87 90 88 87 87 88 88 87 87 86 86 86 86 86 86 85 85 85 86 85 85 85 85 85 86 85 85 86 86 85 88 88
91 91 91 92 92 90 91 89 93 94 98 100 100 100 98 98 98 98 97 97 96 97 96 93 94 94 94 92 93 92 93 92 93 93 94 94 92 90 90 90 92 90 91 90 92 91 91 90 91 89 90 89 88 88 88 89 86 89 87 89 86 87 86 86 86 86 85 85 87 86 85 85 85 84 85 85 83 84 84 85 83 86 84 84 85 84 86 85 86
93 91 91 91 90 91 90 91 92 94 97 100 100 99 95 97 97 97 97 97 96 93 95 95 93 93 93 93 92 92 93 93 92 92 94 94 91 92 90 90 89 89 90 89 90 91 90 87 90 88 88 90 89 86 89 86 87 86 88 85 86 84 84 85 86 86 84 84 84 85 85 84 84 84 84 85 84 85 85 85 84 85 84 84 85 85 85 86 86
89 91 90 89 90 90 91 90 92 93 95 97 97 97 97 97 96 95 96 93 96 94 93 94 93 93 93 93 90 93 93 92 92 90 90 90 90 89 90 90 90 90 89 90 88 90 89 87 87 88 87 87 86 88 86 86 87 84 84 84 85 84 86 85 84 83 84 85 83 85 84 82 84 84 84 84 83 83 84 84 83 83 84 84 84 85 85 85 85
90 88 89 87 89 90 90 90 93 94 93 93 97 96 96 95 94 93 93 94 93 92 92 91 91 92 90 93 91 92 91 90 92 90 90 89 88 88 90 88 90 90 88 89 88 88 86 86 87 85 87 87 85 86 86 85 85 86 84 85 84 85 83 83 83 83 81 85 82 83 84 81 84 83 83 84 83 84 83 83 82 83 83 84 85 85 85 85 85
87 88 90 88 89 88 89 91 91 92 93 93 93 94 94 95 93 94 92 93 92 91 92 89 91 90 89 90 90 91 90 90 90 90 89 89 88 89 87 87 86 86 85 87 87 86 88 86 88 87 86 85 87 85 85 84 84 84 85 85 83 84 82 83 84 84 83 82 81 80 81 82 82 81 82 84 82 82 82 83 83 83 83 83 83 82 84 84 86
