data_and_outputs/predictor_data/006/bioclim_12.asc
NCOLS 1199 
NROWS 625 
XLLCORNER -17.966918 
YLLCORNER -10.0196949358429 
CELLSIZE 0.0416666688395203 
NODATA_value -9999 
[rows 324 to 359 of 625, columns 729 to 809 of 1199]
1456 1457 1456 1455 1462 1455 1449 1449 1448 1448 1450 1452 1451 1455 1454 1454 1455 1452 1449 1447 1445 1444 1446 1446 1448 1447 1442 1446 1450 1447 1450 1445 1445 1442 1443 1441 1437 1437 1447 1445 1448 1442 1441 1454 1460 1458 1456 1454 1455 1455 1455 1455 1458 1455 1453 1453 1450 1447 1456 1454 1451 1449 1454 1450 1453 1444 1436 1432 1428 1430 1437 1448 1455 1455 1455 1459 1464 1468 1470 1470 1468
1457 1453 1451 1453 1451 1451 1449 1445 1446 1445 1448 1450 1446 1447 1451 1453 1456 1453 1444 1440 1439 1440 1440 1443 1441 1439 1437 1442 1451 1447 1446 1443 1443 1441 1442 1439 1443 1448 1446 1442 1439 1435 1441 1446 1454 1456 1454 1453 1448 1445 1451 1458 1456 1455 1453 1452 1449 1444 1448 1447 1442 1441 1438 1439 1438 1433 1433 1424 1420 1431 1438 1438 1450 1449 1453 1462 1464 1465 1466 1464 1459
1455 1453 1448 1451 1446 1446 1446 1447 1443 1443 1442 1444 1444 1447 1450 1452 1453 1453 1444 1437 1432 1435 1436 1436 1435 1436 1437 1445 1444 1440 1438 1442 1439 1439 1440 1443 1450 1449 1439 1440 1444 1435 1438 1447 1453 1445 1452 1444 1445 1444 1454 1451 1456 1454 1451 1451 1447 1447 1443 1446 1433 1432 1438 1435 1432 1435 1442 1424 1431 1433 1443 1439 1445 1449 1454 1458 1461 1463 1462 1458 1458
1449 1449 1445 1445 1446 1444 1442 1441 1438 1441 1438 1438 1440 1443 1445 1442 1441 1439 1438 1433 1430 1431 1433 1435 1438 1436 1433 1435 1435 1434 1435 1435 1437 1436 1436 1438 1449 1452 1444 1443 1446 1435 1437 1447 1444 1437 1441 1430 1433 1437 1447 1448 1449 1451 1449 1447 1444 1444 1441 1436 1436 1431 1433 1431 1434 1424 1417 1429 1433 1437 1443 1442 1447 1449 1449 1450 1452 1458 1456 1452 1453
1448 1444 1444 1444 1444 1442 1439 1439 1439 1436 1435 1441 1437 1434 1435 1434 1432 1431 1430 1426 1430 1430 1428 1431 1432 1431 1428 1427 1429 1430 1433 1434 1433 1433 1438 1438 1445 1450 1447 1448 1443 1442 1435 1433 1438 1444 1433 1433 1431 1431 1444 1442 1446 1444 1445 1447 1444 1442 1438 1438 1439 1433 1431 1427 1429 1407 1419 1434 1439 1443 1442 1443 1442 1440 1439 1440 1447 1450 1448 1449 1451
1446 1445 1443 1442 1442 1439 1438 1436 1435 1435 1432 1432 1431 1430 1427 1430 1429 1425 1426 1423 1425 1423 1421 1424 1423 1423 1422 1426 1427 1423 1424 1426 1429 1432 1436 1439 1441 1451 1449 1445 1444 1443 1437 1441 1443 1443 1437 1444 1441 1433 1443 1436 1444 1433 1435 1440 1441 1434 1431 1433 1429 1422 1424 1409 1403 1408 1415 1425 1434 1433 1442 1443 1433 1434 1438 1439 1444 1450 1448 1448 1455
1441 1442 1439 1438 1440 1435 1434 1433 1434 1429 1428 1429 1427 1426 1426 1427 1422 1418 1417 1419 1416 1421 1422 1421 1423 1425 1423 1424 1424 1416 1419 1420 1427 1431 1436 1439 1440 1446 1450 1448 1448 1445 1445 1447 1445 1444 1449 1444 1441 1425 1422 1422 1430 1425 1428 1428 1423 1428 1418 1418 1409 1407 1419 1408 1400 1403 1405 1421 1418 1428 1434 1426 1428 1427 1430 1436 1441 1449 1450 1462 1474
1442 1439 1437 1436 1435 1434 1432 1429 1428 1427 1425 1425 1424 1421 1423 1421 1419 1421 1420 1418 1413 1415 1419 1417 1416 1420 1421 1419 1417 1413 1415 1416 1417 1426 1431 1435 1448 1440 1436 1446 1452 1448 1450 1449 1449 1448 1446 1444 1439 1435 1424 1411 1424 1419 1417 1419 1412 1424 1415 1404 1402 1395 1407 1392 1385 1391 1404 1416 1407 1407 1411 1419 1420 1423 1428 1431 1437 1448 1469 1472 1474
1441 1439 1437 1435 1435 1433 1431 1429 1429 1425 1427 1428 1424 1422 1421 1425 1419 1421 1421 1413 1409 1408 1413 1409 1411 1413 1415 1411 1413 1411 1411 1413 1410 1410 1411 1414 1429 1424 1430 1450 1454 1454 1451 1453 1451 1450 1436 1431 1430 1422 1430 1417 1409 1417 1407 1410 1409 1404 1402 1403 1392 1387 1397 1401 1383 1382 1399 1397 1390 1401 1413 1408 1415 1421 1423 1423 1434 1460 1467 1459 1465
1442 1436 1436 1435 1432 1432 1428 1429 1426 1426 1421 1425 1424 1421 1421 1422 1418 1418 1417 1409 1406 1404 1407 1407 1408 1410 1411 1407 1405 1406 1406 1405 1404 1404 1404 1407 1410 1420 1425 1427 1435 1448 1454 1454 1453 1445 1438 1435 1431 1424 1416 1426 1416 1395 1398 1397 1409 1409 1395 1397 1387 1384 1404 1404 1393 1380 1386 1375 1385 1402 1401 1402 1413 1411 1414 1424 1441 1469 1458 1454 1452
1440 1437 1434 1433 1433 1432 1431 1427 1426 1423 1422 1421 1421 1421 1419 1419 1419 1416 1411 1408 1403 1401 1402 1404 1404 1402 1401 1401 1401 1401 1401 1400 1400 1400 1401 1402 1402 1409 1410 1415 1426 1442 1452 1455 1452 1449 1437 1433 1425 1418 1431 1426 1414 1405 1396 1390 1395 1395 1383 1384 1381 1382 1404 1405 1390 1369 1368 1368 1381 1388 1393 1409 1413 1404 1411 1421 1442 1451 1467 1452 1446
1436 1435 1433 1434 1431 1431 1430 1426 1423 1418 1420 1420 1418 1418 1417 1417 1419 1406 1405 1400 1400 1398 1398 1401 1401 1400 1397 1395 1399 1398 1396 1396 1396 1397 1397 1397 1397 1396 1400 1408 1423 1438 1447 1459 1455 1450 1442 1435 1435 1432 1426 1425 1413 1403 1398 1402 1394 1388 1386 1377 1383 1381 1400 1396 1388 1372 1360 1363 1373 1380 1399 1403 1401 1400 1407 1427 1436 1443 1459 1457 1446
1434 1434 1433 1430 1429 1428 1430 1425 1421 1415 1418 1415 1413 1417 1408 1408 1413 1404 1396 1397 1394 1397 1400 1399 1397 1394 1392 1392 1393 1394 1392 1391 1391 1391 1396 1395 1394 1394 1397 1406 1418 1427 1437 1451 1452 1447 1434 1430 1427 1427 1424 1420 1413 1408 1398 1404 1401 1390 1378 1373 1372 1369 1375 1376 1370 1362 1362 1363 1367 1378 1395 1393 1393 1396 1413 1442 1426 1435 1450 1446 1446
1435 1430 1432 1426 1427 1428 1424 1419 1416 1410 1412 1410 1407 1407 1403 1399 1404 1405 1398 1394 1395 1396 1396 1396 1392 1393 1390 1391 1390 1391 1391 1389 1390 1390 1392 1394 1393 1393 1396 1403 1412 1418 1427 1440 1448 1448 1438 1437 1430 1427 1418 1414 1406 1401 1394 1389 1392 1380 1376 1382 1377 1375 1372 1366 1368 1376 1372 1370 1367 1374 1385 1384 1389 1395 1411 1422 1419 1425 1441 1440 1446
1431 1431 1428 1426 1427 1422 1420 1417 1410 1408 1408 1405 1403 1401 1399 1397 1396 1395 1394 1396 1393 1393 1393 1390 1390 1389 1387 1386 1387 1387 1387 1385 1387 1388 1391 1392 1392 1394 1395 1399 1407 1411 1417 1424 1448 1449 1444 1433 1418 1416 1410 1411 1404 1394 1388 1389 1382 1389 1402 1404 1402 1391 1383 1371 1371 1389 1377 1367 1375 1371 1377 1384 1391 1401 1415 1418 1418 1425 1437 1436 1444
1434 1429 1429 1427 1424 1416 1414 1415 1407 1402 1401 1402 1401 1396 1399 1399 1414 1402 1398 1407 1402 1406 1411 1396 1395 1398 1385 1384 1385 1385 1383 1381 1383 1383 1386 1388 1388 1390 1392 1395 1402 1406 1413 1418 1445 1449 1440 1429 1423 1408 1402 1396 1395 1386 1382 1382 1385 1396 1396 1400 1403 1397 1385 1380 1385 1390 1369 1375 1388 1377 1379 1384 1396 1418 1446 1417 1418 1449 1442 1436 1441
1428 1430 1426 1427 1421 1413 1410 1404 1403 1403 1405 1401 1400 1397 1392 1396 1394 1394 1386 1387 1390 1387 1385 1385 1384 1381 1380 1382 1389 1386 1378 1379 1380 1383 1385 1394 1388 1405 1391 1394 1395 1402 1410 1413 1434 1449 1441 1430 1415 1414 1411 1394 1388 1383 1388 1379 1376 1389 1390 1388 1390 1383 1386 1384 1391 1377 1376 1384 1384 1379 1379 1386 1408 1443 1444 1416 1421 1451 1435 1438 1444
1428 1425 1427 1421 1415 1408 1405 1403 1401 1397 1400 1397 1400 1393 1389 1390 1390 1388 1384 1386 1386 1387 1385 1382 1381 1380 1380 1380 1379 1381 1379 1376 1378 1381 1381 1390 1389 1405 1387 1391 1395 1399 1400 1407 1413 1427 1435 1425 1421 1415 1406 1388 1383 1377 1375 1378 1378 1381 1386 1380 1378 1380 1385 1387 1377 1372 1376 1388 1382 1380 1391 1400 1429 1450 1444 1443 1428 1439 1439 1442 1443
1429 1426 1423 1424 1417 1410 1405 1400 1401 1397 1393 1397 1397 1393 1388 1387 1387 1384 1384 1385 1386 1386 1385 1382 1379 1376 1378 1376 1375 1375 1375 1376 1378 1382 1379 1381 1381 1381 1384 1387 1399 1395 1396 1401 1403 1408 1422 1424 1425 1423 1422 1392 1379 1375 1384 1383 1380 1375 1375 1376 1380 1381 1383 1387 1372 1375 1378 1389 1383 1387 1411 1439 1449 1450 1453 1445 1433 1433 1437 1443 1445
1428 1423 1418 1418 1414 1415 1407 1401 1418 1411 1402 1395 1393 1390 1389 1387 1386 1381 1381 1385 1386 1385 1382 1380 1378 1375 1375 1373 1373 1373 1374 1373 1375 1377 1375 1377 1377 1379 1382 1386 1392 1390 1392 1395 1398 1402 1427 1424 1420 1435 1432 1420 1387 1380 1392 1383 1381 1377 1386 1383 1378 1379 1385 1384 1375 1383 1388 1392 1389 1409 1436 1444 1446 1448 1447 1443 1430 1429 1435 1441 1447
1426 1423 1412 1414 1408 1408 1403 1399 1397 1428 1395 1393 1389 1389 1385 1383 1382 1379 1381 1382 1383 1381 1379 1376 1374 1374 1369 1371 1370 1372 1372 1372 1373 1374 1374 1373 1374 1380 1380 1385 1386 1387 1388 1391 1394 1398 1407 1411 1421 1433 1422 1389 1381 1378 1382 1384 1377 1376 1382 1382 1383 1387 1391 1391 1378 1384 1391 1402 1406 1436 1441 1442 1445 1437 1443 1445 1434 1425 1437 1444 1451
1429 1422 1411 1406 1404 1403 1398 1396 1393 1416 1399 1388 1387 1389 1385 1383 1380 1377 1378 1382 1380 1378 1375 1374 1371 1369 1368 1369 1370 1371 1373 1372 1373 1372 1371 1371 1373 1378 1381 1380 1381 1382 1385 1388 1390 1396 1399 1403 1418 1432 1412 1380 1378 1381 1388 1380 1378 1379 1380 1385 1395 1399 1393 1388 1378 1386 1398 1408 1419 1440 1440 1436 1435 1433 1436 1436 1427 1429 1439 1448 1458
1428 1421 1417 1408 1405 1399 1398 1395 1392 1407 1413 1388 1387 1387 1386 1384 1378 1377 1379 1379 1378 1374 1373 1371 1369 1367 1367 1370 1369 1369 1371 1371 1371 1370 1371 1368 1370 1374 1377 1380 1378 1379 1383 1386 1389 1392 1395 1401 1421 1432 1409 1384 1382 1382 1393 1382 1375 1377 1382 1387 1396 1400 1395 1381 1378 1390 1395 1408 1431 1441 1433 1433 1433 1433 1432 1428 1428 1432 1443 1453 1459
1417 1406 1405 1406 1402 1401 1394 1393 1389 1393 1415 1399 1384 1384 1386 1382 1380 1379 1383 1386 1376 1374 1371 1369 1368 1365 1368 1369 1370 1370 1367 1368 1366 1368 1367 1367 1367 1369 1372 1377 1377 1376 1379 1383 1386 1388 1390 1398 1428 1424 1408 1388 1382 1395 1397 1382 1381 1384 1391 1401 1403 1402 1394 1378 1384 1386 1390 1408 1437 1437 1435 1431 1435 1434 1436 1426 1428 1438 1449 1454 1461
1401 1400 1402 1402 1402 1399 1395 1393 1389 1390 1412 1398 1393 1382 1382 1381 1380 1379 1374 1402 1374 1370 1366 1366 1367 1368 1368 1368 1366 1366 1364 1366 1365 1364 1365 1363 1366 1368 1370 1372 1375 1378 1378 1381 1383 1385 1387 1391 1436 1420 1399 1397 1396 1400 1397 1385 1384 1396 1403 1411 1401 1385 1382 1378 1380 1386 1389 1399 1430 1434 1435 1434 1433 1434 1429 1423 1428 1436 1444 1452 1455
1398 1397 1397 1398 1398 1396 1391 1392 1387 1386 1398 1388 1396 1382 1380 1378 1379 1378 1370 1376 1370 1369 1367 1366 1367 1367 1367 1366 1365 1363 1363 1362 1363 1359 1363 1363 1363 1365 1366 1369 1372 1374 1376 1377 1381 1381 1382 1388 1428 1425 1407 1403 1407 1423 1412 1407 1392 1388 1399 1405 1393 1382 1384 1385 1389 1388 1394 1405 1415 1428 1433 1433 1433 1426 1422 1425 1423 1435 1441 1448 1453
1395 1395 1398 1397 1396 1393 1389 1388 1394 1384 1389 1397 1406 1399 1378 1378 1379 1376 1372 1372 1370 1368 1367 1366 1368 1366 1364 1363 1362 1361 1365 1359 1360 1359 1360 1361 1361 1362 1362 1367 1368 1370 1373 1375 1376 1379 1381 1386 1423 1438 1430 1417 1427 1406 1404 1393 1402 1404 1404 1392 1389 1387 1387 1387 1395 1393 1401 1407 1408 1420 1433 1435 1432 1426 1418 1422 1423 1432 1438 1444 1452
1392 1395 1394 1397 1392 1389 1387 1388 1395 1385 1382 1380 1391 1403 1380 1376 1378 1375 1371 1368 1368 1370 1368 1368 1364 1366 1362 1361 1361 1360 1358 1357 1357 1358 1359 1360 1362 1362 1365 1364 1366 1366 1370 1374 1375 1380 1380 1388 1413 1442 1440 1439 1425 1415 1412 1416 1424 1414 1398 1397 1396 1397 1393 1390 1393 1394 1402 1410 1405 1425 1433 1432 1433 1425 1418 1421 1422 1429 1436 1440 1451
1393 1393 1392 1393 1391 1388 1385 1386 1392 1389 1383 1380 1382 1398 1388 1375 1374 1375 1373 1371 1369 1371 1367 1365 1364 1364 1360 1359 1361 1357 1356 1357 1356 1356 1358 1359 1360 1363 1364 1364 1367 1368 1372 1372 1374 1376 1381 1385 1427 1444 1447 1445 1438 1422 1420 1421 1413 1403 1402 1400 1394 1393 1391 1394 1389 1395 1398 1398 1415 1436 1440 1433 1430 1425 1422 1422 1419 1429 1433 1440 1451
1388 1391 1390 1393 1389 1388 1385 1385 1388 1390 1386 1383 1383 1378 1383 1384 1373 1374 1371 1369 1374 1369 1367 1365 1363 1361 1359 1357 1357 1357 1356 1354 1356 1357 1356 1358 1358 1359 1364 1363 1369 1366 1372 1371 1375 1375 1379 1384 1407 1440 1439 1425 1412 1403 1408 1426 1414 1410 1410 1398 1391 1391 1387 1390 1387 1395 1401 1407 1420 1438 1439 1430 1435 1426 1422 1421 1419 1423 1428 1440 1446
1390 1390 1392 1391 1388 1385 1383 1383 1386 1387 1383 1384 1380 1377 1380 1390 1377 1377 1375 1384 1372 1365 1363 1363 1361 1361 1359 1358 1357 1357 1358 1355 1353 1357 1355 1356 1358 1359 1363 1364 1367 1367 1367 1372 1374 1375 1377 1383 1390 1434 1435 1417 1402 1396 1402 1410 1411 1409 1406 1397 1397 1397 1394 1390 1393 1404 1407 1431 1431 1435 1437 1437 1445 1429 1422 1423 1421 1420 1431 1437 1441
1390 1392 1392 1390 1386 1385 1383 1383 1387 1385 1383 1382 1380 1376 1381 1393 1373 1374 1371 1374 1366 1363 1365 1363 1362 1363 1360 1359 1359 1357 1359 1356 1354 1355 1357 1358 1358 1359 1362 1365 1366 1367 1369 1373 1375 1378 1380 1385 1387 1422 1430 1416 1407 1396 1399 1405 1400 1404 1396 1392 1399 1402 1398 1396 1395 1400 1404 1426 1427 1429 1436 1439 1436 1424 1421 1420 1423 1422 1428 1433 1434
1387 1389 1389 1389 1386 1381 1381 1383 1388 1386 1383 1382 1380 1378 1379 1391 1375 1380 1389 1385 1367 1368 1367 1366 1365 1365 1362 1360 1361 1360 1358 1358 1354 1357 1357 1358 1359 1360 1363 1365 1367 1369 1368 1374 1376 1376 1380 1384 1393 1428 1430 1415 1400 1394 1397 1399 1399 1404 1392 1390 1397 1398 1398 1390 1401 1400 1409 1424 1428 1425 1431 1432 1434 1422 1420 1420 1419 1420 1426 1428 1429
1387 1385 1385 1384 1385 1382 1380 1384 1387 1389 1384 1385 1382 1377 1376 1377 1373 1382 1417 1391 1372 1370 1370 1367 1366 1366 1363 1361 1361 1358 1357 1358 1353 1353 1355 1353 1356 1360 1363 1366 1369 1370 1371 1375 1375 1378 1381 1386 1394 1440 1435 1417 1406 1398 1402 1402 1398 1398 1391 1393 1402 1399 1395 1397 1394 1402 1410 1423 1422 1419 1424 1429 1430 1426 1422 1420 1420 1421 1429 1422 1424
1381 1382 1380 1382 1384 1382 1382 1382 1386 1388 1384 1385 1382 1381 1379 1378 1379 1385 1417 1424 1373 1373 1371 1370 1367 1364 1361 1357 1357 1357 1356 1354 1353 1352 1350 1353 1354 1356 1359 1364 1370 1371 1373 1377 1379 1380 1383 1387 1392 1428 1439 1422 1411 1408 1407 1405 1408 1396 1389 1388 1397 1400 1397 1394 1397 1405 1417 1417 1419 1418 1424 1429 1434 1441 1428 1425 1427 1423 1420 1419 1427
1380 1381 1377 1380 1380 1384 1382 1379 1384 1387 1384 1385 1384 1381 1379 1379 1381 1393 1426 1402 1378 1378 1371 1371 1367 1363 1361 1358 1355 1362 1356 1351 1350 1350 1349 1350 1352 1354 1358 1364 1367 1373 1375 1377 1380 1381 1384 1387 1395 1421 1437 1419 1410 1412 1418 1413 1408 1397 1392 1387 1390 1399 1394 1392 1400 1403 1411 1415 1418 1417 1421 1427 1445 1444 1434 1431 1431 1422 1421 1417 1421
