data_and_outputs/predictor_data/006/bioclim_01.asc
NCOLS 1199 
NROWS 625 
XLLCORNER -17.966918 
YLLCORNER -10.0196949358429 
CELLSIZE 0.0416666688395203 
NODATA_value -9999 
[rows 114 to 151 of 625, columns 1105 to 1189 of 1199]
262 262 260 260 259 260 259 258 257 258 259 260 260 259 260 261 262 262 262 262 261 260 259 259 257 257 257 258 259 260 260 260 261 260 259 259 259 259 258 259 260 261 261 261 260 259 258 258 257 256 255 254 252 250 249 248 246 232 240 245 245 247 248 250 251 252 253 253 253 255 256 257 258 257 257 257 258 259 260 260 261 261 262 262 262
262 262 261 261 260 260 261 259 258 258 260 259 261 260 260 261 262 262 262 261 260 260 260 259 257 259 259 259 260 261 262 262 262 257 259 260 260 260 260 260 261 262 262 262 261 260 260 259 258 257 255 253 252 251 250 247 242 236 243 244 244 247 249 250 252 253 253 254 255 255 256 258 258 257 257 257 258 259 260 261 261 261 262 262 262
263 263 262 262 261 261 261 260 259 259 260 261 261 260 259 261 263 262 262 261 261 261 261 261 261 261 260 261 261 262 263 263 260 260 260 261 261 261 260 261 262 262 263 262 262 261 260 259 258 256 254 253 251 252 248 245 240 240 241 242 243 246 248 251 252 253 254 255 255 256 257 258 258 258 258 258 259 260 260 261 261 262 262 263 263
263 263 263 262 261 262 261 260 260 260 261 262 260 261 261 262 263 263 263 262 262 262 262 262 262 261 261 261 262 264 264 264 261 256 260 261 262 261 262 263 262 263 264 263 262 262 261 259 258 257 256 254 253 254 247 248 246 238 237 242 244 248 250 252 253 253 253 255 255 255 256 257 258 259 259 259 259 260 261 261 262 262 262 263 263
263 263 263 263 262 262 261 261 260 260 261 262 262 261 262 263 263 262 261 262 263 263 262 263 262 262 262 262 263 264 265 265 264 263 262 262 262 263 263 258 259 263 264 264 263 262 261 260 259 258 256 255 254 254 252 250 244 238 240 247 244 246 251 253 254 253 253 255 255 256 256 257 258 259 259 259 259 260 261 262 262 262 262 263 263
263 263 263 263 262 262 262 262 261 260 262 262 262 261 262 263 263 260 261 263 264 264 263 263 263 263 264 263 264 265 265 265 264 262 258 259 262 264 265 255 263 265 265 265 263 262 261 260 260 259 257 257 256 255 253 249 244 241 247 250 246 246 249 254 254 255 253 254 256 257 257 257 258 258 259 260 259 260 261 262 262 263 263 263 263
263 263 264 263 263 263 262 262 261 261 263 261 262 262 262 263 263 261 263 264 264 264 264 264 263 263 264 265 265 266 266 265 261 263 263 257 261 264 265 264 266 266 266 265 263 263 262 261 260 259 258 258 256 255 253 251 249 246 252 252 252 251 253 255 255 256 254 254 256 257 258 258 258 258 259 260 259 260 261 262 263 263 264 264 264
264 264 264 264 264 264 263 262 262 263 262 261 262 263 263 262 264 264 264 263 264 263 264 264 263 264 265 265 266 266 266 266 266 265 261 257 260 261 261 264 267 267 266 265 265 264 258 259 261 259 257 257 256 255 253 252 252 253 254 254 254 254 255 256 257 257 256 256 253 257 258 259 259 259 259 260 260 260 261 262 263 263 264 264 264
264 264 264 264 264 264 264 263 263 263 262 261 262 263 264 263 264 262 262 264 264 263 264 264 263 264 265 266 266 267 267 267 267 266 265 262 258 259 258 264 267 267 266 266 265 264 255 259 258 242 249 256 255 255 253 252 253 255 256 255 255 256 256 257 257 257 257 257 253 257 258 259 259 260 260 261 261 260 261 262 263 264 264 265 265
264 264 264 264 264 264 264 264 263 262 261 261 262 263 264 265 264 263 260 261 263 263 263 263 263 264 265 266 267 267 267 267 267 267 267 267 263 260 264 266 266 267 267 266 265 264 257 264 252 246 246 246 241 247 253 254 255 255 257 256 256 257 257 258 258 258 258 258 257 258 259 260 259 259 261 261 261 261 261 262 263 264 264 265 265
264 264 264 265 264 265 264 264 264 263 262 262 263 263 264 265 265 264 263 261 261 261 263 263 263 263 264 266 266 267 268 268 267 267 268 268 267 266 267 267 263 266 267 266 266 265 265 264 259 254 258 253 239 239 249 256 258 258 258 258 258 257 257 258 258 259 259 259 258 258 260 261 259 260 261 261 261 261 262 262 262 263 264 265 265
265 265 265 265 265 265 265 265 265 264 263 263 263 264 265 265 265 264 264 262 260 260 261 262 262 264 262 263 265 266 266 267 268 267 268 268 268 269 267 267 266 266 266 267 267 266 265 264 263 259 262 259 253 246 250 260 259 259 259 259 258 257 257 257 258 258 259 260 260 260 261 261 257 261 261 262 262 261 261 262 263 264 264 265 265
265 265 265 265 265 265 265 265 265 265 264 263 263 265 265 265 265 264 264 263 262 261 261 261 264 264 261 262 263 266 267 268 268 267 268 268 268 269 268 268 268 267 267 267 265 262 265 265 264 263 263 262 262 263 262 261 261 260 260 260 259 258 258 259 259 259 260 260 261 261 261 262 262 262 262 262 262 262 261 262 263 264 264 265 265
265 265 265 265 265 265 265 265 265 265 265 264 264 265 265 264 264 264 264 264 263 264 264 264 265 264 264 264 265 267 268 268 268 268 268 268 269 268 268 268 268 267 267 267 266 262 261 263 263 256 258 263 264 264 263 261 261 261 261 261 260 259 259 259 260 260 259 260 260 261 261 262 262 263 263 263 262 262 262 262 263 264 264 265 266
265 265 265 265 265 265 265 265 265 266 266 265 265 266 265 264 264 264 265 264 265 265 266 266 266 265 266 266 267 268 267 266 267 268 269 268 269 267 268 268 267 267 267 267 267 265 260 262 258 254 255 264 264 261 263 262 262 262 261 261 260 259 259 260 261 260 260 260 261 261 262 262 263 263 263 263 262 263 263 263 263 263 264 265 266
265 265 265 265 265 265 266 266 266 266 266 266 266 266 265 265 265 265 266 265 265 266 266 266 267 267 266 267 268 268 266 264 266 268 269 269 268 268 268 268 267 267 267 267 266 265 266 266 265 261 258 265 262 242 251 263 263 263 262 261 260 260 261 261 261 262 262 262 261 261 262 263 263 263 263 263 263 263 263 264 263 263 264 265 266
266 265 265 266 266 266 266 266 266 266 266 266 266 266 265 266 266 266 266 266 266 267 267 266 267 267 267 268 268 267 266 265 267 269 269 269 269 269 268 268 268 268 268 267 265 260 264 266 267 266 266 265 265 255 261 264 263 263 262 261 261 261 262 262 262 262 262 262 262 262 262 263 263 264 264 264 264 264 264 264 264 263 263 264 265
266 266 266 266 266 266 266 266 266 266 266 266 266 266 265 266 266 267 266 266 267 267 267 267 267 267 268 268 268 267 266 267 268 269 269 269 269 269 269 268 268 268 268 268 267 266 266 267 267 267 266 266 265 265 264 264 263 263 262 262 262 262 263 263 263 263 263 263 263 263 263 263 263 264 264 264 264 264 265 265 265 265 264 264 266
266 266 266 266 266 266 266 266 266 266 266 266 267 267 266 266 266 266 267 266 267 267 267 267 267 267 268 268 268 268 268 268 269 269 269 269 269 268 268 268 268 268 267 266 266 265 267 267 267 267 266 266 265 265 264 264 264 263 263 263 263 263 263 263 263 263 263 264 263 264 264 264 264 264 265 265 265 264 265 265 266 265 265 265 266
266 266 266 266 266 266 266 266 266 267 266 267 267 267 267 267 267 267 267 267 268 268 268 268 268 268 268 268 268 268 268 269 269 268 267 266 267 268 268 268 268 268 267 267 266 266 267 267 267 267 266 266 266 265 264 264 264 264 264 264 264 263 263 263 263 263 264 264 264 264 264 264 265 265 265 265 265 265 265 266 266 266 266 266 266
266 266 266 266 266 266 266 266 266 266 267 267 267 267 267 267 267 267 267 268 268 268 268 268 268 268 268 268 268 268 269 269 269 268 267 266 266 267 268 268 268 267 268 268 267 267 267 267 267 266 266 266 266 265 265 265 265 265 264 264 264 263 263 263 263 263 263 264 264 264 264 265 264 265 265 265 265 265 265 266 266 266 266 266 267
266 266 266 266 266 266 266 266 266 267 267 267 266 267 267 267 267 267 267 268 268 268 268 268 268 268 268 268 268 268 268 268 269 268 268 268 267 266 267 268 268 267 267 267 267 267 267 267 267 267 266 266 266 266 265 265 265 265 265 265 264 263 262 262 262 262 263 263 263 264 264 264 263 264 264 265 266 266 265 265 266 266 266 267 267
266 266 266 266 266 266 266 266 266 267 267 266 267 267 267 267 267 267 268 268 268 268 268 268 268 268 268 268 268 268 268 268 268 268 268 268 268 267 268 267 267 267 267 267 267 267 267 267 267 267 267 266 266 266 266 265 266 266 265 265 265 263 261 259 262 263 263 263 263 263 264 264 264 264 264 265 265 266 266 266 266 267 266 267 268
266 266 266 266 266 266 266 266 266 266 266 267 267 267 267 267 267 267 268 268 268 268 268 268 268 268 268 268 268 268 268 268 268 268 268 268 268 268 267 267 267 267 267 267 267 267 266 267 267 267 267 266 266 266 266 266 266 266 265 265 265 264 259 255 262 262 262 262 262 263 263 264 264 264 265 265 266 266 266 266 267 267 267 267 268
266 266 266 266 266 266 266 266 266 266 266 267 267 267 267 267 267 267 267 268 268 268 268 268 268 268 268 268 268 268 268 268 268 268 268 268 268 267 267 267 267 267 267 267 267 267 266 266 266 266 267 266 266 266 266 266 266 266 266 265 265 265 261 252 261 261 261 260 261 262 263 264 265 265 265 266 266 266 266 266 267 267 267 267 268
266 266 266 266 266 266 266 266 266 266 267 266 266 267 267 267 267 267 267 267 268 268 268 268 268 268 268 268 268 268 268 268 268 268 268 268 267 267 267 267 267 267 266 267 266 266 266 266 266 266 267 266 266 266 266 266 266 266 266 266 265 265 260 251 260 259 259 259 262 263 264 265 265 265 265 266 266 266 266 266 267 267 267 268 268
266 266 266 266 266 266 266 266 266 266 266 266 266 267 267 267 267 267 267 267 267 267 267 268 268 267 267 268 268 267 267 267 267 267 267 267 267 267 267 267 267 267 267 267 266 265 265 266 266 266 266 266 266 266 266 266 266 266 266 266 265 265 265 256 261 262 263 264 263 264 265 265 265 265 266 266 266 266 266 267 267 267 267 268 268
266 266 266 266 266 266 266 266 266 266 266 266 266 266 267 267 267 267 267 267 267 267 267 268 267 267 267 268 267 267 267 267 267 267 267 267 267 267 267 267 267 267 267 266 266 266 266 266 266 267 266 266 266 266 266 266 266 266 265 265 265 265 265 265 265 265 265 265 265 265 265 265 265 266 266 266 266 266 267 267 267 267 268 268 268
266 266 266 266 266 266 266 266 266 266 266 266 266 266 266 267 267 267 267 267 267 267 267 267 267 267 267 267 267 267 267 267 267 267 267 267 267 267 267 267 267 266 266 266 266 266 266 266 266 266 266 266 266 266 266 266 266 266 266 266 265 265 265 266 266 265 265 265 265 265 266 266 266 266 266 266 266 267 267 267 267 267 267 268 268
266 266 266 266 266 266 266 266 266 266 266 266 266 266 266 266 266 266 267 267 267 267 267 267 267 267 267 267 267 267 267 267 267 267 267 267 267 267 267 266 266 266 266 266 266 266 266 266 266 266 266 266 266 266 266 266 266 266 266 266 265 265 265 265 266 266 266 266 266 266 266 266 266 266 267 267 267 267 267 267 267 267 267 268 268
266 266 266 266 266 266 266 266 266 266 266 266 266 266 266 266 266 267 267 267 267 267 267 267 267 267 267 267 267 267 267 267 267 267 267 267 266 266 266 266 266 266 266 266 266 266 266 266 266 266 266 266 266 266 266 266 266 266 266 265 266 265 265 266 266 266 266 266 266 266 266 266 267 267 267 267 267 267 267 267 267 267 268 268 268
266 266 266 266 266 266 266 266 266 266 266 266 266 266 266 266 267 266 267 267 267 267 267 267 267 267 267 267 267 267 267 267 267 267 267 266 266 266 266 266 266 266 266 266 266 266 266 266 266 266 266 266 266 265 265 266 266 266 266 266 266 265 265 266 266 266 266 266 266 266 267 267 267 267 267 267 267 267 267 267 267 267 268 268 268
266 266 266 266 266 266 266 266 266 266 266 266 266 266 266 266 266 267 267 267 267 267 267 267 267 267 267 267 267 267 267 266 266 266 266 266 266 266 266 266 266 266 266 266 266 266 266 266 266 266 266 266 266 266 265 266 266 266 265 266 266 266 266 266 266 266 267 267 267 267 267 267 267 267 267 267 267 267 267 267 267 267 268 268 268
266 266 266 266 266 266 266 266 266 266 266 266 266 266 266 266 266 266 267 266 267 267 267 267 266 267 266 266 267 266 266 266 266 266 266 266 266 266 266 266 266 266 265 265 265 265 266 266 266 266 266 266 266 266 265 266 266 266 266 265 265 266 266 266 266 266 267 267 267 267 267 267 267 267 267 267 267 267 267 267 267 267 268 268 268
266 266 266 266 266 266 266 266 266 266 266 266 266 266 266 266 266 266 266 266 267 267 266 266 266 266 266 266 266 266 266 266 266 266 266 266 266 266 265 265 265 265 265 265 265 265 265 266 265 266 266 266 266 266 266 266 266 266 266 265 266 266 266 266 267 267 267 267 267 267 267 267 267 267 267 267 267 267 267 267 267 268 268 268 268
265 266 266 266 266 266 266 266 266 266 266 266 266 266 266 266 266 266 266 266 266 266 266 266 266 266 266 266 266 266 266 266 266 266 266 266 265 265 265 265 265 265 265 265 265 265 265 265 265 265 266 266 266 266 266 266 266 266 266 266 266 266 266 266 266 267 267 267 267 267 267 267 267 267 267 267 267 267 267 267 267 268 268 268 268
265 266 266 266 266 266 266 266 266 266 266 266 266 266 266 266 266 266 266 266 266 266 266 266 266 266 266 266 266 266 266 265 266 265 266 265 265 265 265 265 265 265 265 265 265 265 265 265 265 265 265 265 266 266 266 266 266 266 266 266 266 266 266 266 266 267 267 267 267 267 267 267 267 267 267 267 267 267 267 267 267 268 268 268 268
266 266 266 266 266 266 266 266 266 266 266 266 266 266 266 266 266 266 266 266 266 266 266 266 266 266 266 266 266 266 265 265 265 265 265 265 265 265 265 265 265 265 265 265 265 265 265 265 265 265 265 265 266 266 266 266 266 266 266 266 266 266 266 266 266 267 267 267 267 267 267 267 267 267 267 267 267 267 267 267 267 267 268 268 268
