data_and_outputs/predictor_data/006/bioclim_04.asc
NCOLS 1199 
NROWS 625 
XLLCORNER -17.966918 
YLLCORNER -10.0196949358429 
CELLSIZE 0.0416666688395203 
NODATA_value -9999 
[rows 240 to 279 of 625, columns 540 to 629 of 1199]
-9999 -9999 -9999 -9999 -9999 -9999 -9999 -9999 92 93 92 92 94 92 92 93 94 93 93 93 93 94 93 91 92 93 95 95 93 95 93 94 96 94 96 95 96 96 95 96 98 100 98 98 100 100 100 99 101 101 102 101 101 101 101 101 102 101 101 100 100 102 101 101 103 102 100 99 101 101 102 101 101 100 102 102 100 100 100 100 100 99 100 99 99 98 98 98 99 99
-9999 -9999 -9999 -9999 -9999 -9999 -9999 -9999 -9999 93 93 92 90 91 92 90 92 90 91 91 92 92 93 92 92 91 93 93 93 93 93 95 93 96 94 95 96 96 94 95 98 99 97 99 99 100 101 101 102 100 101 100 101 101 101 101 101 100 99 99 100 101 101 100 100 100 101 101 100 100 100 102 101 99 99 99 98 100 98 99 98 98 99 98 98 97 99 97 96 97
-9999 -9999 -9999 -9999 -9999 -9999 -9999 -9999 -9999 -9999 91 91 90 89 92 91 90 90 90 90 91 90 90 90 92 91 91 92 91 92 93 94 94 92 94 94 96 96 94 96 96 96 96 98 98 98 99 100 99 101 98 101 99 100 100 101 100 100 100 100 101 97 99 98 100 100 100 99 98 100 99 99 99 99 99 98 100 98 100 97 98 97 99 99 97 97 96 98 97 96
-9999 -9999 -9999 -9999 -9999 -9999 -9999 -9999 -9999 -9999 -9999 91 89 89 90 90 90 90 90 90 90 89 90 91 91 90 91 92 91 90 92 92 92 94 92 93 94 93 96 95 95 96 96 97 98 97 99 98 98 98 98 100 100 99 100 99 100 100 100 100 100 97 97 97 98 98 98 98 96 98 99 98 98 98 99 98 98 99 97 97 97 97 96 94 96 97 97 97 97 96
-9999 -9999 -9999 -9999 -9999 -9999 -9999 -9999 -9999 -9999 -9999 -9999 88 90 90 88 90 91 90 89 88 88 87 91 90 89 90 90 92 92 92 89 92 92 92 93 93 94 93 94 95 95 96 95 98 96 97 98 98 98 97 99 99 99 98 97 97 98 98 99 98 99 96 98 99 97 97 97 97 96 98 97 98 98 97 97 97 98 97 96 97 95 95 96 96 96 94 95 95 97
-9999 -9999 -9999 -9999 -9999 -9999 -9999 -9999 -9999 -9999 -9999 -9999 90 89 89 90 89 89 90 89 89 88 88 90 88 89 90 90 91 91 90 92 90 90 89 90 90 92 93 93 94 96 94 94 98 97 97 96 98 98 98 99 97 99 97 98 97 95 95 98 95 99 99 97 98 96 95 98 96 94 98 98 97 95 97 95 97 97 95 96 96 95 95 97 96 95 94 93 93 95
-9999 -9999 -9999 -9999 -9999 -9999 -9999 -9999 -9999 -9999 -9999 -9999 -9999 -9999 90 87 87 90 90 89 89 86 87 87 88 88 88 89 88 89 90 91 89 89 91 90 91 90 93 93 92 93 94 94 95 98 97 96 97 98 97 97 98 96 97 98 96 97 98 97 96 97 97 97 98 95 96 96 97 95 95 96 95 95 96 97 96 95 95 94 95 96 96 95 95 94 94 94 94 94
-9999 -9999 -9999 -9999 -9999 -9999 -9999 -9999 -9999 -9999 -9999 -9999 -9999 -9999 87 87 88 88 89 86 86 87 87 87 87 88 88 88 88 89 88 90 89 88 89 89 90 91 92 92 92 93 94 94 95 96 96 97 95 97 96 96 96 97 95 96 95 97 96 94 95 96 95 95 96 96 96 96 96 94 94 95 96 97 94 95 94 94 95 95 94 95 92 93 94 95 94 95 94 94
-9999 -9999 -9999 -9999 -9999 -9999 -9999 -9999 -9999 -9999 -9999 -9999 -9999 -9999 87 86 87 87 -9999 86 85 87 84 86 86 87 87 88 88 88 88 88 88 87 88 89 89 90 91 92 92 91 91 94 95 96 96 95 94 97 94 97 96 96 94 95 94 95 94 94 95 95 94 93 93 95 94 95 95 94 96 94 94 93 96 94 94 94 93 93 95 93 95 96 92 93 91 93 94 94
-9999 -9999 -9999 -9999 -9999 -9999 -9999 -9999 -9999 -9999 -9999 -9999 -9999 -9999 86 86 87 -9999 -9999 -9999 85 86 85 86 86 85 86 86 86 88 89 88 88 87 87 88 89 89 91 91 91 93 91 92 95 96 97 97 97 94 94 96 94 93 94 96 94 94 93 94 92 92 93 92 94 94 92 92 94 96 93 93 93 93 93 93 93 94 94 93 93 94 92 93 93 95 93 93 91 93
-9999 -9999 -9999 -9999 -9999 -9999 -9999 -9999 -9999 -9999 -9999 -9999 -9999 -9999 -9999 -9999 -9999 -9999 -9999 -9999 -9999 85 84 86 85 85 86 86 88 88 89 87 87 89 88 87 89 89 89 91 91 92 92 92 93 92 93 93 93 94 94 94 94 94 94 94 94 93 93 93 93 92 93 93 92 92 94 92 92 95 95 94 93 93 93 93 93 92 90 93 92 92 92 92 92 92 92 91 92 93
-9999 -9999 -9999 -9999 -9999 -9999 -9999 -9999 -9999 -9999 -9999 -9999 -9999 -9999 -9999 -9999 85 85 85 85 85 85 84 85 85 85 86 85 85 86 86 86 85 86 86 87 89 89 90 90 90 92 90 92 91 92 93 94 94 94 93 92 93 94 93 92 92 94 92 93 93 93 94 91 91 92 91 93 93 94 94 94 93 93 92 92 91 92 91 91 92 92 92 92 91 91 91 94 91 93
-9999 -9999 -9999 -9999 -9999 -9999 -9999 -9999 -9999 -9999 -9999 -9999 -9999 -9999 -9999 -9999 -9999 84 85 84 83 84 84 85 84 84 86 85 85 85 85 85 86 86 86 87 88 89 90 89 89 89 89 89 91 91 93 94 93 93 94 93 91 91 92 91 91 94 91 94 92 93 94 92 91 92 92 92 93 92 92 90 92 92 92 92 92 92 92 91 93 92 92 90 89 91 91 90 92 91
-9999 -9999 -9999 -9999 -9999 -9999 -9999 -9999 -9999 -9999 -9999 -9999 -9999 -9999 -9999 -9999 -9999 -9999 85 83 83 83 84 84 83 83 85 85 83 83 83 85 86 86 86 87 86 88 88 89 90 90 88 88 89 90 91 91 92 91 91 92 92 91 92 93 93 91 91 91 91 90 91 91 91 91 91 92 91 90 92 90 92 90 90 92 90 92 92 91 91 89 90 92 91 90 93 92 91 92
-9999 -9999 -9999 -9999 -9999 -9999 -9999 -9999 -9999 -9999 -9999 -9999 -9999 -9999 -9999 -9999 -9999 -9999 -9999 -9999 84 -9999 -9999 -9999 84 83 83 84 82 84 83 84 85 86 85 85 86 88 87 89 90 89 89 88 89 90 91 91 90 91 91 92 93 91 91 90 90 90 90 90 89 88 90 90 90 90 90 89 90 90 89 90 90 90 91 90 89 90 90 90 89 90 89 92 90 88 91 91 92 89
-9999 -9999 -9999 -9999 -9999 -9999 -9999 -9999 -9999 -9999 -9999 -9999 -9999 -9999 -9999 -9999 -9999 -9999 -9999 -9999 -9999 -9999 -9999 85 84 82 82 83 83 83 84 85 85 85 86 87 86 87 86 88 87 89 91 90 89 91 92 91 89 91 91 91 88 91 90 89 89 89 90 90 88 90 90 90 89 90 89 89 88 90 90 90 90 90 88 88 89 90 88 90 89 90 88 89 90 90 90 91 90 90
-9999 -9999 -9999 -9999 -9999 -9999 -9999 -9999 -9999 -9999 -9999 -9999 -9999 -9999 -9999 -9999 -9999 -9999 -9999 -9999 83 83 85 85 84 81 82 83 83 83 84 85 84 83 84 85 84 85 84 85 88 89 88 90 88 89 89 89 91 90 89 88 91 89 88 89 89 90 90 88 88 88 87 87 87 89 90 89 88 88 88 88 88 88 89 88 89 87 88 90 90 88 88 90 89 88 88 90 88 89
-9999 -9999 -9999 -9999 -9999 -9999 -9999 -9999 -9999 -9999 -9999 -9999 -9999 -9999 -9999 -9999 -9999 -9999 -9999 -9999 83 83 83 82 82 82 82 81 83 81 84 84 82 83 83 84 84 84 84 85 86 87 88 88 86 89 88 89 90 90 88 88 89 88 89 88 88 88 89 89 87 87 86 87 88 87 87 88 89 88 88 88 88 87 88 87 87 87 87 87 88 88 87 86 89 89 88 89 89 88
-9999 -9999 -9999 -9999 -9999 -9999 -9999 -9999 -9999 -9999 -9999 -9999 -9999 -9999 -9999 -9999 -9999 -9999 -9999 -9999 82 83 82 82 81 81 82 82 82 81 81 83 82 82 83 82 83 86 86 85 86 85 87 87 87 89 89 89 88 88 88 89 88 88 87 87 88 87 88 88 87 87 85 88 86 88 86 85 85 86 86 86 86 86 86 88 89 88 89 86 87 87 87 88 88 89 87 89 86 89
-9999 -9999 -9999 -9999 -9999 -9999 -9999 -9999 -9999 -9999 -9999 -9999 -9999 -9999 -9999 -9999 -9999 -9999 -9999 -9999 83 82 83 83 83 80 81 80 81 81 81 82 81 81 82 83 82 86 84 85 86 85 85 86 88 90 90 87 88 88 86 86 86 86 86 86 85 87 87 87 85 85 84 86 86 85 87 87 87 87 87 88 87 87 86 89 86 88 86 87 89 89 87 87 86 88 87 89 89 89
-9999 -9999 -9999 -9999 -9999 -9999 -9999 -9999 -9999 -9999 -9999 -9999 -9999 -9999 -9999 -9999 -9999 -9999 -9999 -9999 -9999 82 82 82 82 80 80 80 79 79 80 81 82 82 83 82 83 83 83 83 84 87 85 86 85 86 87 87 84 84 85 87 87 85 85 85 86 87 86 85 86 84 86 87 87 86 85 85 85 86 86 86 86 86 86 86 86 88 87 85 89 88 88 85 87 87 87 88 89 90
-9999 -9999 -9999 -9999 -9999 -9999 -9999 -9999 -9999 -9999 -9999 -9999 -9999 -9999 -9999 -9999 -9999 -9999 -9999 -9999 80 82 82 81 80 80 80 80 80 79 80 80 82 81 82 83 83 82 82 82 84 85 84 84 85 86 84 86 84 84 85 86 86 83 85 84 87 84 85 83 84 85 84 85 84 86 85 85 84 86 85 85 85 85 86 86 86 85 85 87 87 86 85 87 85 88 87 86 87 87
-9999 -9999 -9999 -9999 -9999 -9999 -9999 -9999 -9999 -9999 -9999 -9999 -9999 -9999 -9999 -9999 -9999 -9999 -9999 -9999 -9999 80 81 80 79 80 78 80 80 81 80 81 82 80 81 82 82 84 84 83 84 85 84 84 85 83 84 84 84 84 85 86 86 84 85 84 85 84 83 83 83 84 83 84 83 84 85 84 85 84 84 85 84 85 86 85 86 86 85 85 87 86 86 86 86 86 87 86 89 88
-9999 -9999 -9999 -9999 -9999 -9999 -9999 -9999 -9999 -9999 -9999 -9999 -9999 -9999 -9999 -9999 -9999 -9999 -9999 -9999 -9999 81 79 80 79 79 80 80 80 80 80 81 80 80 81 81 83 83 82 83 83 83 84 83 84 85 84 87 84 84 85 86 82 84 84 84 85 82 83 83 83 84 83 84 84 83 85 82 85 85 84 84 86 84 83 83 84 85 86 86 87 86 87 86 86 87 86 88 87 88
-9999 -9999 -9999 -9999 -9999 -9999 -9999 -9999 -9999 -9999 -9999 -9999 -9999 -9999 -9999 -9999 -9999 -9999 -9999 -9999 -9999 79 79 78 80 78 80 80 79 80 80 80 79 80 81 81 82 82 82 83 83 83 84 83 84 83 84 84 84 84 85 86 82 84 81 82 84 82 83 84 85 83 82 84 84 83 83 82 85 84 83 84 84 84 85 84 84 84 84 84 84 87 86 85 87 87 86 87 86 87
-9999 -9999 -9999 -9999 -9999 -9999 -9999 -9999 -9999 -9999 -9999 -9999 -9999 -9999 -9999 -9999 -9999 -9999 -9999 -9999 -9999 -9999 79 79 80 80 79 79 79 79 78 79 80 80 81 82 81 80 81 81 82 83 83 83 84 86 84 84 84 83 83 82 82 80 83 84 83 83 82 83 83 83 82 85 84 82 83 84 85 84 85 84 83 84 83 82 85 83 87 83 86 87 86 84 87 85 85 87 87 87
-9999 -9999 -9999 -9999 -9999 -9999 -9999 -9999 -9999 -9999 -9999 -9999 -9999 -9999 -9999 -9999 -9999 -9999 -9999 -9999 -9999 -9999 79 78 78 78 80 79 79 79 78 80 80 80 81 80 81 81 80 81 82 82 83 82 84 85 84 84 84 83 83 82 82 82 83 82 84 84 81 84 85 82 82 84 83 84 84 83 83 84 82 85 85 84 83 84 83 83 83 86 86 86 86 85 87 86 85 86 87 86
-9999 -9999 -9999 -9999 -9999 -9999 -9999 -9999 -9999 -9999 -9999 -9999 -9999 -9999 -9999 -9999 -9999 -9999 -9999 -9999 -9999 -9999 -9999 78 79 79 79 79 79 77 79 80 80 80 80 81 80 80 80 81 82 83 83 82 84 84 84 84 82 81 82 82 82 82 81 80 81 84 83 83 83 84 83 83 82 82 84 83 83 83 84 83 82 82 83 83 83 83 85 83 85 85 86 84 85 85 84 86 87 -9999
-9999 -9999 -9999 -9999 -9999 -9999 -9999 -9999 -9999 -9999 -9999 -9999 -9999 -9999 -9999 -9999 -9999 -9999 -9999 -9999 -9999 -9999 -9999 79 78 78 78 78 79 78 78 78 80 79 79 78 80 80 80 81 82 83 81 83 84 84 82 84 84 82 82 82 83 80 81 82 82 81 83 83 83 83 83 83 82 83 80 84 83 83 83 83 85 84 83 83 83 83 83 85 82 84 83 85 85 84 84 86 85 -9999
-9999 -9999 -9999 -9999 -9999 -9999 -9999 -9999 -9999 -9999 -9999 -9999 -9999 -9999 -9999 -9999 -9999 -9999 -9999 -9999 -9999 -9999 -9999 -9999 78 78 78 78 78 78 78 79 78 79 79 79 79 80 80 80 81 83 82 82 83 84 82 83 81 82 82 81 82 80 81 81 80 81 83 83 81 82 80 83 82 83 80 82 83 83 83 83 82 82 82 82 83 83 83 82 85 84 83 85 82 86 84 85 84 87
-9999 -9999 -9999 -9999 -9999 -9999 -9999 -9999 -9999 -9999 -9999 -9999 -9999 -9999 -9999 -9999 -9999 -9999 -9999 -9999 -9999 -9999 -9999 -9999 78 78 78 78 78 78 78 77 78 78 78 79 79 80 80 80 82 83 82 83 82 81 83 83 83 83 82 81 81 80 80 81 82 82 82 82 82 81 83 82 82 81 82 82 83 83 82 83 82 82 83 83 82 83 83 83 82 84 83 84 82 83 84 85 86 86
-9999 -9999 -9999 -9999 -9999 -9999 -9999 -9999 -9999 -9999 -9999 -9999 -9999 -9999 -9999 -9999 -9999 -9999 -9999 -9999 -9999 -9999 -9999 -9999 -9999 77 77 77 76 76 78 79 79 77 78 79 79 80 80 80 81 82 82 79 82 82 83 83 83 83 82 80 81 81 79 80 81 80 83 83 83 83 81 82 82 84 82 83 83 81 82 82 84 82 83 83 83 83 83 83 84 84 82 84 82 83 83 84 85 85
-9999 -9999 -9999 -9999 -9999 -9999 -9999 -9999 -9999 -9999 -9999 -9999 -9999 -9999 -9999 -9999 -9999 -9999 -9999 -9999 -9999 -9999 -9999 -9999 -9999 77 77 77 76 76 76 77 79 78 76 79 79 80 80 80 79 81 80 79 80 82 83 83 81 83 80 82 81 80 -9999 82 79 80 81 80 81 82 -9999 81 81 81 81 82 83 82 83 82 82 84 82 82 83 83 83 83 83 83 82 82 82 82 83 82 82 83
-9999 -9999 -9999 -9999 -9999 -9999 -9999 -9999 -9999 -9999 -9999 -9999 -9999 -9999 -9999 -9999 -9999 -9999 -9999 -9999 -9999 -9999 -9999 -9999 -9999 -9999 77 77 76 76 77 77 76 78 76 77 79 80 79 78 79 80 80 81 80 82 83 81 80 80 82 82 81 79 -9999 81 79 82 82 81 81 81 82 -9999 84 82 82 80 81 83 82 82 82 82 82 82 82 82 83 83 82 83 82 82 81 82 81 83 82 83
-9999 -9999 -9999 -9999 -9999 -9999 -9999 -9999 -9999 -9999 -9999 -9999 -9999 -9999 -9999 -9999 -9999 -9999 -9999 -9999 -9999 -9999 -9999 -9999 -9999 -9999 -9999 76 76 76 76 77 78 76 76 77 79 80 78 78 79 80 80 81 80 82 81 80 80 80 80 81 81 79 -9999 81 80 80 80 80 80 79 81 -9999 -9999 82 83 83 83 82 82 -9999 -9999 82 82 81 81 83 83 83 83 83 83 82 83 81 82 81 83 83
-9999 -9999 -9999 -9999 -9999 -9999 -9999 -9999 -9999 -9999 -9999 -9999 -9999 -9999 -9999 -9999 -9999 -9999 -9999 -9999 -9999 -9999 -9999 -9999 -9999 -9999 -9999 -9999 77 77 77 77 77 77 76 77 79 77 77 78 79 80 80 81 80 83 81 80 81 81 81 80 80 80 -9999 81 79 80 80 81 81 81 81 -9999 -9999 -9999 -9999 -9999 -9999 -9999 -9999 -9999 -9999 -9999 82 81 82 82 82 83 83 80 -9999 -9999 -9999 -9999 -9999 -9999 -9999 -9999
-9999 -9999 -9999 -9999 -9999 -9999 -9999 -9999 -9999 -9999 -9999 -9999 -9999 -9999 -9999 -9999 -9999 -9999 -9999 -9999 -9999 -9999 -9999 -9999 -9999 -9999 -9999 -9999 -9999 75 76 77 77 76 76 79 79 77 77 78 79 80 80 81 82 81 81 81 81 81 80 81 79 81 -9999 -9999 79 79 80 80 80 80 80 -9999 82 81 -9999 -9999 -9999 -9999 -9999 -9999 -9999 -9999 -9999 -9999 -9999 -9999 -9999 -9999 -9999 -9999 -9999 -9999 -9999 -9999 -9999 -9999 -9999 -9999
-9999 -9999 -9999 -9999 -9999 -9999 -9999 -9999 -9999 -9999 -9999 -9999 -9999 -9999 -9999 -9999 -9999 -9999 -9999 -9999 -9999 -9999 -9999 -9999 -9999 -9999 -9999 -9999 -9999 -9999 77 76 76 77 78 78 79 77 77 78 79 79 80 80 81 81 81 80 79 -9999 80 82 79 81 -9999 -9999 79 79 79 79 80 -9999 -9999 -9999 81 81 80 -9999 -9999 -9999 -9999 -9999 -9999 -9999 -9999 -9999 -9999 -9999 -9999 -9999 -9999 -9999 -9999 -9999 -9999 -9999 -9999 -9999 -9999 -9999
-9999 -9999 -9999 -9999 -9999 -9999 -9999 -9999 -9999 -9999 -9999 -9999 -9999 -9999 -9999 -9999 -9999 -9999 -9999 -9999 -9999 -9999 -9999 -9999 -9999 -9999 -9999 -9999 -9999 -9999 -9999 -9999 74 75 77 77 78 79 76 77 78 -9999 79 79 80 81 81 80 78 -9999 78 79 79 79 79 -9999 -9999 79 79 79 -9999 -9999 -9999 80 79 78 -9999 -9999 -9999 -9999 -9999 -9999 -9999 -9999 -9999 -9999 -9999 -9999 -9999 -9999 -9999 -9999 -9999 -9999 -9999 -9999 -9999 -9999 -9999 -9999
-9999 -9999 -9999 -9999 -9999 -9999 -9999 -9999 -9999 -9999 -9999 -9999 -9999 -9999 -9999 -9999 -9999 -9999 -9999 -9999 -9999 -9999 -9999 -9999 -9999 -9999 -9999 -9999 -9999 -9999 -9999 -9999 -9999 74 74 76 76 76 75 76 -9999 -9999 78 78 79 79 81 80 80 -9999 79 77 77 76 78 78 -9999 -9999 -9999 -9999 -9999 -9999 -9999 -9999 -9999 -9999 -9999 -9999 -9999 -9999 -9999 -9999 -9999 -9999 -9999 -9999 -9999 -9999 -9999 -9999 -9999 -9999 -9999 -9999 -9999 -9999 -9999 -9999 -9999 -9999
