data_and_outputs/predictor_data/006/bioclim_16.asc
NCOLS 1199 
NROWS 625 
XLLCORNER -17.966918 
YLLCORNER -10.0196949358429 
CELLSIZE 0.0416666688395203 
NODATA_value -9999 
[rows 228 to 265 of 625, columns 595 to 679 of 1199]
942 944 949 949 953 955 959 963 970 978 988 997 1007 1020 1015 1006 1008 1008 1003 1005 1008 1010 1013 1016 1018 1024 1028 1027 1030 1034 1035 1040 1043 1043 1048 1055 1063 1069 1075 1085 1091 1100 1105 1112 1124 1129 1136 1140 1141 1147 1153 1156 1158 1165 1169 1172 1175 1180 1200 1283 1196 1185 1187 1187 1186 1185 1175 1169 1168 1203 1231 1205 1216 1192 1196 1263 1264 1243 1250 1244 1217 1184 1175 1169 1165
949 951 955 956 958 960 962 968 973 980 991 998 1009 1023 1020 1010 1011 1012 1009 1009 1010 1015 1018 1020 1023 1030 1032 1035 1037 1039 1042 1047 1049 1050 1054 1061 1068 1075 1082 1091 1099 1105 1113 1122 1129 1140 1145 1151 1153 1158 1162 1170 1171 1179 1183 1180 1184 1187 1208 1254 1219 1206 1202 1200 1201 1198 1192 1187 1180 1176 1193 1185 1195 1214 1242 1248 1265 1251 1247 1256 1236 1177 1194 1193 1178
950 951 953 954 958 958 963 968 970 977 988 997 1005 1014 1017 1010 1009 1009 1007 1007 1009 1012 1014 1017 1022 1028 1032 1033 1037 1038 1042 1044 1048 1052 1054 1061 1067 1074 1080 1090 1099 1106 1113 1122 1133 1140 1148 1153 1156 1163 1172 1181 1183 1180 1186 1185 1190 1194 1204 1250 1301 1256 1207 1205 1207 1202 1197 1192 1189 1182 1187 1184 1201 1184 1216 1268 1267 1249 1242 1259 1254 1195 1230 1211 1205
949 951 952 953 954 957 959 962 966 971 981 990 1000 1013 1013 1003 1003 1003 1002 1003 1004 1009 1011 1013 1016 1022 1028 1032 1033 1036 1039 1043 1048 1048 1053 1058 1065 1073 1078 1087 1095 1103 1112 1121 1130 1140 1149 1154 1158 1166 1175 1186 1187 1182 1187 1191 1194 1196 1201 1209 1304 1263 1209 1209 1208 1207 1200 1194 1189 1187 1187 1194 1205 1202 1196 1223 1251 1249 1238 1251 1262 1249 1262 1222 1229
951 953 953 956 955 955 959 963 965 969 977 987 1000 1012 1003 998 1000 1001 1002 999 1002 1005 1009 1011 1016 1019 1027 1029 1033 1035 1040 1044 1047 1050 1055 1058 1063 1071 1078 1085 1094 1105 1112 1121 1131 1143 1151 1158 1161 1168 1178 1192 1186 1186 1193 1196 1202 1201 1207 1212 1231 1301 1232 1255 1215 1217 1209 1200 1197 1202 1222 1194 1193 1228 1204 1208 1220 1242 1234 1252 1278 1279 1263 1253 1242
959 963 963 964 964 964 966 969 970 974 980 995 1005 1015 1008 1003 1006 1006 1005 1007 1008 1011 1013 1017 1021 1025 1031 1036 1040 1044 1047 1052 1056 1060 1064 1066 1072 1076 1084 1092 1102 1112 1121 1132 1139 1152 1160 1167 1173 1180 1191 1200 1198 1202 1211 1210 1218 1216 1222 1226 1224 1274 1274 1294 1255 1241 1238 1225 1223 1217 1224 1224 1210 1223 1226 1222 1208 1248 1233 1243 1254 1273 1276 1264 1226
966 968 969 970 969 970 971 973 975 977 983 994 1005 1013 1006 1005 1007 1005 1006 1007 1009 1014 1016 1019 1022 1028 1033 1039 1043 1046 1051 1055 1060 1065 1069 1074 1077 1082 1087 1096 1108 1116 1126 1137 1148 1158 1165 1174 1180 1188 1201 1209 1208 1217 1222 1222 1228 1232 1234 1237 1240 1242 1279 1300 1264 1267 1259 1237 1251 1258 1247 1252 1237 1235 1229 1234 1212 1212 1207 1243 1261 1295 1286 1270 1208
969 969 973 972 969 969 969 970 974 976 981 988 999 1000 998 1001 1001 1000 1001 1003 1005 1011 1013 1016 1019 1024 1030 1036 1039 1043 1049 1054 1059 1063 1067 1074 1078 1082 1087 1093 1105 1116 1125 1137 1147 1158 1165 1172 1179 1188 1196 1204 1210 1221 1223 1227 1233 1237 1237 1241 1242 1242 1247 1250 1245 1273 1258 1254 1272 1303 1248 1260 1237 1250 1237 1255 1255 1197 1206 1220 1208 1217 1247 1236 1239
973 973 973 977 971 969 967 969 972 975 978 986 992 994 997 1002 994 995 995 997 999 1003 1009 1011 1013 1018 1024 1031 1035 1039 1043 1049 1055 1059 1063 1070 1077 1081 1086 1094 1101 1111 1122 1131 1142 1156 1163 1171 1178 1187 1197 1204 1211 1217 1223 1230 1236 1239 1241 1243 1246 1246 1241 1243 1243 1277 1260 1275 1296 1279 1251 1264 1256 1309 1257 1277 1299 1200 1196 1201 1206 1198 1225 1226 1234
978 979 980 977 974 972 971 972 974 977 981 989 999 1003 1004 997 990 992 995 995 998 1001 1007 1011 1014 1017 1022 1029 1034 1038 1043 1049 1054 1059 1064 1070 1078 1083 1089 1095 1105 1113 1123 1130 1140 1154 1164 1174 1180 1192 1201 1210 1220 1222 1232 1240 1244 1246 1250 1251 1252 1253 1252 1251 1253 1265 1252 1253 1269 1295 1313 1308 1330 1346 1344 1353 1289 1232 1200 1217 1202 1207 1250 1257 1231
988 989 988 986 989 988 983 982 984 985 988 997 1004 1006 1006 1000 996 997 998 1000 1002 1007 1011 1015 1018 1023 1027 1033 1039 1044 1051 1057 1062 1066 1073 1080 1087 1094 1100 1106 1118 1125 1133 1140 1148 1161 1173 1181 1191 1202 1215 1222 1231 1238 1245 1254 1259 1261 1265 1269 1272 1272 1272 1271 1274 1270 1264 1267 1284 1313 1331 1334 1335 1337 1353 1360 1268 1256 1239 1227 1210 1218 1287 1181 1176
995 992 995 1000 1000 998 991 990 989 989 990 995 998 1001 1004 995 994 995 997 1000 1002 1004 1009 1014 1018 1022 1028 1032 1037 1044 1050 1057 1063 1069 1073 1083 1091 1099 1105 1112 1122 1131 1141 1148 1157 1168 1178 1186 1194 1206 1219 1230 1239 1245 1254 1264 1271 1277 1282 1285 1290 1288 1288 1285 1285 1271 1278 1302 1296 1293 1270 1325 1332 1327 1352 1366 1256 1258 1252 1247 1228 1225 1277 1157 1179
994 994 994 999 1003 1001 994 989 987 989 988 992 999 1004 999 987 988 991 991 992 996 1000 1003 1004 1010 1016 1022 1026 1031 1036 1044 1052 1059 1065 1071 1081 1091 1098 1104 1112 1122 1130 1141 1148 1158 1170 1180 1192 1200 1211 1223 1233 1243 1253 1263 1274 1281 1285 1290 1297 1300 1298 1296 1294 1292 1273 1263 1275 1263 1262 1252 1258 1306 1303 1329 1278 1244 1247 1249 1241 1229 1218 1273 1212 1212
992 991 989 993 992 993 991 989 982 988 984 986 991 997 986 981 982 983 985 986 987 992 994 999 1002 1008 1015 1020 1025 1032 1038 1048 1054 1060 1068 1077 1089 1094 1102 1110 1120 1133 1140 1147 1158 1171 1183 1194 1205 1215 1227 1239 1250 1259 1271 1281 1291 1296 1300 1306 1309 1306 1304 1301 1299 1262 1266 1256 1248 1250 1243 1266 1288 1294 1305 1273 1240 1229 1222 1217 1217 1267 1226 1222 1164
994 992 992 992 989 991 998 992 986 986 984 986 988 992 982 980 981 982 983 983 986 991 994 998 1002 1007 1014 1018 1024 1030 1039 1048 1053 1062 1068 1079 1087 1097 1104 1114 1126 1138 1146 1153 1164 1179 1191 1201 1213 1224 1238 1251 1261 1271 1283 1298 1306 1312 1318 1322 1324 1323 1318 1314 1291 1281 1287 1245 1259 1257 1246 1232 1265 1284 1244 1274 1229 1221 1212 1221 1298 1142 1141 1211 1153
1004 1002 1001 999 996 998 1005 999 994 991 988 991 992 997 984 984 986 986 986 988 991 994 998 1001 1006 1010 1019 1024 1030 1036 1044 1054 1061 1068 1076 1087 1099 1107 1116 1126 1139 1151 1160 1167 1179 1192 1205 1217 1227 1240 1254 1267 1279 1291 1306 1317 1329 1337 1343 1346 1349 1345 1338 1321 1318 1322 1306 1271 1282 1263 1247 1228 1228 1218 1218 1229 1221 1232 1231 1268 1158 1165 1147 1187 1138
1011 1008 1007 1004 1001 997 1001 997 992 988 987 987 991 993 983 982 982 983 984 985 986 991 996 998 1002 1008 1015 1024 1027 1034 1044 1052 1060 1067 1076 1087 1099 1110 1117 1128 1141 1152 1161 1171 1182 1194 1209 1219 1230 1245 1263 1276 1289 1301 1317 1331 1344 1350 1357 1363 1363 1357 1321 1314 1336 1326 1303 1289 1295 1275 1263 1238 1209 1203 1199 1196 1198 1215 1223 1187 1136 1182 1174 1148 1120
1006 1007 1006 1002 999 992 995 993 988 982 979 980 981 982 978 973 976 976 977 977 979 984 987 990 994 1000 1006 1014 1019 1027 1036 1045 1054 1061 1069 1084 1095 1106 1115 1124 1137 1149 1159 1168 1179 1192 1206 1217 1229 1244 1262 1276 1288 1303 1321 1338 1350 1359 1365 1369 1370 1362 1351 1326 1313 1321 1317 1301 1290 1250 1200 1210 1195 1180 1176 1193 1202 1203 1150 1156 1145 1148 1120 1108 1093
1004 1003 1003 1000 996 995 989 988 983 978 974 973 972 974 976 971 969 970 969 970 972 976 981 984 990 993 1000 1006 1012 1020 1029 1038 1047 1058 1066 1079 1092 1102 1113 1121 1134 1151 1158 1168 1177 1190 1202 1214 1229 1244 1260 1275 1290 1304 1322 1340 1355 1370 1376 1377 1375 1365 1355 1345 1336 1326 1304 1296 1290 1267 1190 1184 1184 1156 1152 1168 1147 1125 1117 1144 1132 1097 1080 1075 1069
1009 1006 1006 1004 998 996 994 992 987 980 976 973 972 968 970 970 970 969 969 972 973 978 981 988 989 991 999 1005 1011 1018 1028 1039 1049 1059 1069 1080 1093 1105 1116 1124 1138 1152 1161 1172 1182 1196 1209 1221 1234 1247 1266 1281 1294 1308 1328 1347 1365 1382 1392 1387 1386 1370 1362 1350 1341 1334 1318 1299 1298 1292 1237 1231 1257 1226 1175 1136 1092 1071 1091 1111 1085 1061 1061 1059 1052
1018 1015 1014 1010 1006 1002 999 999 992 987 981 977 974 972 969 969 969 971 970 970 974 978 983 988 991 994 1001 1008 1014 1022 1032 1046 1053 1064 1075 1086 1099 1112 1123 1130 1146 1160 1170 1179 1191 1204 1217 1228 1242 1258 1274 1290 1304 1319 1336 1354 1371 1390 1401 1403 1396 1382 1372 1359 1351 1339 1329 1309 1300 1296 1289 1279 1267 1255 1238 1136 1080 1078 1058 1083 1056 1033 1036 1037 1045
1018 1014 1013 1011 1006 1000 998 994 989 983 980 976 970 967 964 962 962 964 964 965 967 971 975 982 984 988 996 1002 1009 1018 1030 1040 1049 1060 1072 1082 1096 1106 1120 1130 1144 1156 1166 1176 1187 1201 1215 1227 1239 1254 1269 1285 1300 1314 1331 1348 1363 1375 1381 1388 1383 1374 1365 1354 1345 1336 1325 1316 1306 1298 1288 1275 1264 1254 1218 1062 1065 1051 1039 1052 1032 997 994 1009 1021
1013 1010 1008 1004 1000 996 992 986 982 976 971 966 963 958 955 952 953 954 953 955 956 960 964 971 975 979 988 994 1002 1009 1022 1032 1041 1053 1065 1077 1089 1099 1112 1124 1137 1150 1157 1168 1179 1193 1206 1218 1229 1243 1259 1274 1287 1302 1317 1334 1346 1351 1356 1365 1364 1356 1350 1320 1321 1325 1316 1305 1296 1289 1280 1270 1257 1249 1190 1017 1041 1030 1029 1022 997 963 961 974 991
1010 1007 1005 1001 997 991 987 982 975 969 966 962 955 950 949 946 946 943 945 947 949 953 957 962 967 972 979 986 994 1003 1015 1026 1035 1046 1056 1070 1079 1091 1106 1116 1131 1141 1151 1162 1173 1187 1197 1209 1196 1231 1250 1263 1276 1290 1303 1315 1323 1330 1323 1330 1339 1322 1318 1285 1292 1314 1307 1297 1288 1281 1272 1265 1254 1238 1086 989 1013 1005 993 975 947 927 921 933 948
1014 1011 1009 1016 1015 997 988 983 977 972 967 964 957 951 948 946 946 944 945 946 950 953 956 961 970 972 978 986 994 1004 1015 1027 1038 1047 1059 1071 1082 1093 1104 1117 1130 1143 1152 1163 1174 1187 1199 1208 1200 1233 1247 1260 1273 1285 1298 1310 1303 1323 1322 1332 1331 1331 1320 1321 1318 1314 1305 1299 1291 1283 1277 1268 1250 1146 971 963 945 931 927 916 906 899 895 903 916
1025 1020 1019 1029 1034 1013 998 992 986 979 974 971 963 960 956 954 952 950 952 952 955 959 964 967 974 981 987 994 1001 1012 1023 1033 1045 1057 1069 1081 1090 1101 1115 1125 1136 1152 1161 1172 1184 1195 1207 1215 1222 1238 1253 1264 1276 1288 1300 1310 1310 1315 1327 1321 1328 1331 1327 1328 1323 1319 1312 1306 1300 1294 1285 1278 1228 1066 956 936 918 900 901 895 888 883 879 876 891
1034 1030 1026 1026 1025 1013 1005 998 992 988 981 976 971 969 964 961 957 960 959 960 963 966 970 973 979 986 992 999 1008 1019 1030 1041 1052 1064 1075 1089 1101 1112 1125 1135 1147 1160 1171 1180 1191 1203 1214 1225 1231 1227 1254 1266 1280 1290 1301 1311 1318 1316 1316 1320 1330 1334 1332 1330 1328 1324 1319 1312 1307 1303 1295 1278 1139 1011 951 914 918 887 888 883 882 874 873 873 874
1041 1037 1034 1028 1024 1018 1012 1006 1001 994 990 983 980 977 973 971 967 969 968 969 971 974 977 980 985 992 1000 1007 1016 1026 1038 1051 1062 1073 1085 1098 1110 1123 1134 1144 1156 1167 1178 1187 1198 1209 1221 1229 1224 1245 1253 1260 1281 1289 1301 1310 1317 1312 1320 1304 1331 1335 1334 1332 1331 1329 1325 1320 1316 1311 1305 1298 1242 1018 929 980 976 876 871 876 904 880 873 875 876
1049 1044 1040 1034 1029 1024 1019 1012 1007 1002 996 992 989 986 984 981 979 980 980 981 983 983 984 989 992 998 1004 1013 1022 1034 1045 1059 1070 1082 1096 1107 1120 1131 1143 1154 1165 1176 1187 1196 1207 1216 1226 1233 1233 1255 1260 1268 1267 1291 1301 1309 1315 1317 1310 1292 1306 1329 1335 1334 1334 1333 1331 1329 1325 1321 1314 1287 1148 951 969 1152 1138 886 867 874 869 876 881 878 880
1057 1050 1044 1040 1035 1032 1026 1020 1015 1011 1006 1001 999 996 994 992 992 990 989 992 992 993 994 996 1000 1006 1012 1020 1030 1041 1052 1066 1081 1093 1105 1119 1131 1142 1153 1164 1176 1185 1194 1205 1214 1224 1233 1237 1243 1258 1265 1273 1273 1292 1300 1306 1314 1318 1318 1319 1326 1326 1335 1336 1337 1337 1336 1335 1333 1323 1221 1160 1199 1168 1214 1242 1175 883 872 935 958 881 879 882 887
1064 1057 1051 1046 1042 1037 1033 1028 1023 1020 1014 1012 1009 1007 1005 1006 1005 1002 1003 1004 1005 1004 1004 1004 1008 1012 1019 1027 1037 1050 1063 1075 1090 1103 1117 1130 1141 1152 1164 1175 1184 1194 1203 1213 1222 1229 1238 1242 1252 1260 1267 1277 1282 1290 1296 1306 1312 1316 1319 1324 1329 1332 1335 1337 1340 1341 1342 1342 1340 1305 1143 1270 1261 1279 1280 1270 1248 1150 1172 1052 1029 940 903 890 898
1069 1064 1059 1054 1049 1045 1042 1036 1032 1028 1025 1021 1021 1018 1019 1018 1018 1019 1017 1017 1016 1016 1014 1015 1017 1021 1025 1036 1046 1060 1072 1087 1101 1114 1128 1141 1154 1165 1175 1184 1193 1203 1212 1221 1229 1236 1244 1251 1258 1262 1272 1279 1281 1286 1295 1302 1308 1314 1318 1323 1327 1331 1335 1339 1341 1345 1350 1314 1347 1332 1150 1200 1277 1295 1294 1287 1273 1257 1205 1140 916 945 934 901 895
1076 1069 1065 1059 1055 1052 1049 1047 1043 1039 1038 1033 1032 1032 1033 1035 1035 1034 1033 1031 1029 1028 1028 1025 1026 1028 1032 1042 1055 1070 1084 1098 1113 1128 1141 1154 1166 1177 1187 1195 1204 1212 1221 1228 1236 1243 1249 1256 1257 1267 1273 1278 1281 1286 1293 1299 1303 1309 1315 1319 1325 1332 1338 1343 1347 1352 1356 1352 1240 1042 1138 1100 1278 1286 1302 1305 1292 1266 1223 965 959 944 909 907 908
1081 1075 1071 1066 1064 1061 1060 1058 1056 1054 1050 1046 1045 1048 1049 1053 1053 1053 1052 1049 1046 1044 1040 1039 1037 1038 1044 1053 1067 1083 1097 1113 1128 1141 1155 1167 1179 1189 1199 1206 1214 1221 1230 1236 1242 1248 1254 1259 1261 1269 1274 1278 1281 1284 1291 1297 1302 1308 1312 1318 1327 1332 1338 1346 1353 1354 1303 1366 1346 1137 1100 1108 1209 1266 1311 1322 1305 1263 1189 1054 1000 970 928 910 911
1087 1081 1077 1074 1071 1071 1071 1070 1071 1069 1067 1063 1060 1065 1071 1073 1075 1074 1073 1071 1066 1060 1056 1053 1049 1050 1055 1066 1081 1097 1113 1128 1142 1159 1171 1183 1193 1202 1210 1218 1224 1231 1237 1243 1249 1253 1259 1263 1266 1272 1275 1277 1282 1285 1291 1295 1300 1308 1313 1320 1327 1334 1341 1349 1357 1353 1259 1257 1295 1261 1160 1085 1111 1206 1296 1340 1327 1246 1119 1003 952 988 984 985 950
1091 1086 1083 1081 1081 1081 1084 1086 1088 1089 1089 1087 1088 1092 1096 1100 1100 1100 1097 1093 1088 1082 1076 1070 1064 1062 1070 1082 1098 1115 1130 1146 1160 1175 1188 1200 1209 1217 1223 1230 1235 1241 1245 1250 1256 1260 1263 1266 1269 1273 1275 1277 1282 1287 1291 1294 1300 1308 1299 1320 1324 1331 1343 1353 1356 1361 1247 1116 1144 1074 1090 1020 1000 1089 1257 1354 1353 1337 1312 1159 1071 1241 1223 1174 1141
1096 1091 1090 1088 1089 1093 1099 1102 1108 1111 1114 1115 1119 1122 1127 1129 1130 1128 1125 1120 1114 1107 1098 1089 1083 1076 1085 1102 1118 1136 1150 1163 1178 1193 1205 1217 1225 1229 1235 1241 1245 1250 1254 1258 1262 1265 1269 1271 1274 1277 1275 1277 1286 1290 1284 1275 1286 1297 1279 1321 1332 1335 1330 1344 1366 1326 1316 1211 1081 1137 1078 1009 994 1014 1248 1368 1370 1352 1334 1261 1260 1273 1254 1232 1213
1100 1097 1096 1096 1100 1107 1116 1123 1130 1138 1142 1147 1151 1157 1159 1161 1162 1162 1157 1151 1144 1135 1125 1117 1111 1106 1114 1127 1142 1157 1171 1185 1197 1211 1221 1231 1238 1243 1248 1252 1255 1258 1263 1266 1268 1271 1273 1276 1276 1278 1274 1275 1286 1294 1284 1261 1256 1257 1243 1310 1333 1329 1319 1327 1350 1382 1393 1338 1180 1215 1171 1098 1034 1126 1316 1397 1383 1358 1340 1329 1302 1284 1266 1242 1225
