data_and_outputs/predictor_data/006/bioclim_01.asc
NCOLS 1199 
NROWS 625 
XLLCORNER -17.966918 
YLLCORNER -10.0196949358429 
CELLSIZE 0.0416666688395203 
NODATA_value -9999 
[rows 456 to 493 of 625, columns 680 to 764 of 1199]
248 248 248 248 247 245 241 238 233 237 245 245 241 245 248 249 247 242 238 240 241 237 234 233 238 236 241 241 243 235 244 246 247 247 248 248 248 247 245 242 241 239 244 245 246 247 245 243 240 234 233 230 227 225 231 229 227 226 226 226 226 225 227 226 228 228 230 229 229 230 230 230 230 229 227 226 227 225 224 224 224 225 226 226 226
248 248 247 248 247 243 239 237 238 236 243 247 243 245 245 246 249 246 239 237 236 235 233 236 239 240 241 237 246 246 241 246 247 247 248 248 248 248 247 245 243 242 242 245 244 247 246 244 243 240 235 233 230 226 230 232 230 228 226 226 227 227 227 227 228 229 229 229 230 230 229 228 229 229 228 229 229 225 224 223 224 224 225 225 225
-9999 247 247 247 247 242 240 239 241 237 240 244 242 245 243 239 247 248 246 240 237 236 235 237 239 243 240 234 243 247 247 246 246 247 247 247 248 248 248 247 246 245 241 241 246 246 247 247 245 243 235 233 233 229 230 233 231 227 225 226 227 227 227 227 228 229 229 230 230 230 229 229 229 228 228 230 229 227 225 224 222 223 224 224 224
-9999 -9999 247 247 246 245 243 244 243 241 238 233 238 236 244 242 242 246 247 248 243 243 240 239 238 244 239 232 229 237 245 248 248 248 247 246 247 247 248 248 248 247 243 244 242 243 247 248 247 245 239 233 231 232 232 230 228 223 220 227 227 227 227 227 228 228 230 229 228 228 229 230 229 229 230 229 229 229 228 228 226 222 223 223 224
-9999 -9999 -9999 246 246 246 245 243 241 240 238 232 228 226 226 242 241 241 245 246 248 250 250 248 243 242 239 236 229 232 243 248 247 247 247 244 243 246 247 248 248 248 247 246 245 245 243 244 248 247 246 242 236 233 234 228 226 223 223 227 229 229 228 228 228 228 229 229 228 228 227 228 227 228 228 229 228 229 228 225 222 224 223 223 223
-9999 -9999 -9999 -9999 246 245 243 240 238 238 236 233 231 231 227 222 239 242 240 241 243 246 249 250 251 248 242 239 235 234 242 247 247 239 241 239 235 242 246 248 249 249 249 249 248 247 244 242 247 248 247 246 240 235 234 234 228 226 227 225 231 232 230 228 228 228 228 228 228 228 228 226 228 228 229 229 229 229 227 226 225 221 222 223 223
-9999 -9999 -9999 -9999 -9999 243 244 240 237 238 235 231 230 226 227 221 220 239 240 239 238 239 244 246 248 248 250 246 239 241 242 240 245 247 243 241 240 241 245 248 249 249 249 250 250 248 247 244 246 247 248 247 244 238 237 238 232 228 222 221 229 238 234 229 228 228 229 229 229 227 228 228 227 229 227 227 225 223 221 222 222 220 221 222 223
-9999 -9999 -9999 -9999 -9999 244 244 243 240 241 238 232 229 230 229 226 220 222 233 234 238 239 241 243 245 247 248 250 243 240 249 241 235 241 246 246 246 244 244 245 249 250 250 250 251 250 249 248 247 244 247 248 245 240 238 241 240 234 230 227 232 238 237 229 227 228 229 229 229 229 226 228 228 229 228 226 223 220 220 219 220 220 220 222 223
-9999 -9999 -9999 -9999 -9999 -9999 244 244 243 242 240 238 231 231 229 228 222 214 210 217 228 235 238 241 241 243 246 248 250 246 243 251 239 232 234 241 244 245 245 246 247 249 250 251 251 251 251 250 248 247 247 249 245 242 241 243 242 241 239 236 239 238 237 233 232 231 228 229 229 227 226 227 228 227 225 225 221 222 224 219 218 220 222 222 224
-9999 -9999 -9999 -9999 -9999 -9999 245 243 244 244 241 237 236 236 228 226 225 217 214 211 219 223 227 236 241 240 243 247 248 249 251 251 248 235 230 230 231 239 243 244 245 246 249 250 251 251 251 251 250 248 246 248 246 243 245 245 239 237 231 224 225 226 228 230 226 228 230 228 227 227 227 227 224 223 225 223 221 224 225 219 221 221 221 222 223
-9999 -9999 -9999 -9999 -9999 -9999 -9999 243 244 244 241 239 240 240 232 228 222 223 223 218 222 225 221 221 227 240 241 245 247 247 248 249 250 246 235 232 232 230 233 241 244 246 248 249 250 251 252 252 252 250 249 248 246 244 244 246 242 238 231 229 225 224 226 226 226 227 228 228 228 227 227 226 227 226 227 228 228 228 224 222 223 222 220 220 223
-9999 -9999 -9999 -9999 -9999 -9999 -9999 -9999 244 244 244 243 241 240 238 232 233 233 227 227 223 226 233 227 213 224 242 242 245 246 247 247 248 249 248 239 233 232 232 235 244 246 248 249 250 251 252 252 252 252 251 249 248 249 248 245 240 241 240 238 233 230 231 227 223 225 226 228 228 227 226 227 227 227 227 227 226 226 224 224 224 220 221 220 224
-9999 -9999 -9999 -9999 -9999 -9999 -9999 -9999 -9999 -9999 244 244 243 240 242 239 237 231 231 232 231 231 237 232 226 215 219 238 245 246 245 245 246 247 245 242 234 234 232 230 236 246 247 249 250 249 250 252 252 253 253 252 251 249 246 240 241 240 238 240 237 235 232 230 227 222 221 223 228 227 227 226 226 226 226 226 226 226 224 222 220 222 222 225 227
-9999 -9999 -9999 -9999 -9999 -9999 -9999 -9999 -9999 -9999 -9999 244 244 241 244 243 238 237 239 235 234 235 237 235 227 219 213 220 236 243 244 245 243 246 246 243 237 237 233 231 233 237 243 247 250 251 246 252 253 252 253 252 250 248 249 245 245 241 241 242 240 235 230 231 228 226 220 220 224 227 227 227 227 226 225 226 226 221 224 221 222 224 223 227 227
-9999 -9999 -9999 -9999 -9999 -9999 -9999 -9999 -9999 -9999 -9999 -9999 245 245 244 245 243 243 245 241 239 239 236 234 230 229 225 227 225 236 242 244 243 241 242 245 245 241 238 237 236 235 236 241 248 250 253 253 252 253 253 253 251 250 249 248 249 248 248 245 243 239 237 235 229 224 221 221 224 226 226 227 227 227 226 226 225 226 224 222 227 228 228 230 226
-9999 -9999 -9999 -9999 -9999 -9999 -9999 -9999 -9999 -9999 -9999 -9999 -9999 246 246 247 246 247 242 241 243 242 241 239 234 229 231 231 233 230 238 243 244 243 241 241 242 246 246 242 242 237 237 238 246 249 251 251 247 251 252 252 251 251 249 248 247 245 248 244 246 246 242 238 236 236 233 232 230 222 226 226 227 227 226 225 226 226 224 225 226 229 230 226 224
-9999 -9999 -9999 -9999 -9999 -9999 -9999 -9999 -9999 -9999 -9999 -9999 -9999 -9999 247 247 248 246 244 244 246 245 240 240 241 239 241 234 232 236 234 239 242 244 243 241 239 241 242 246 249 244 241 241 244 249 250 252 252 250 250 250 251 250 250 250 248 244 246 247 243 243 241 240 239 234 235 231 229 225 225 224 227 227 226 226 227 227 226 224 225 229 229 225 223
-9999 -9999 -9999 -9999 -9999 -9999 -9999 -9999 -9999 -9999 -9999 -9999 -9999 -9999 248 247 248 249 248 249 248 247 244 244 245 241 243 237 236 239 237 237 239 241 242 243 242 241 240 240 245 249 247 242 242 244 248 250 251 251 248 249 250 250 250 250 250 247 243 249 248 248 246 243 240 232 233 233 232 230 225 223 225 226 227 227 227 227 227 226 227 228 226 226 222
-9999 -9999 -9999 -9999 -9999 -9999 -9999 -9999 -9999 -9999 -9999 -9999 -9999 -9999 -9999 248 248 249 248 249 248 248 248 248 247 247 246 246 245 245 236 235 238 238 241 242 243 243 244 244 244 247 249 251 248 244 248 246 249 250 248 249 249 250 250 250 250 249 246 248 250 245 242 242 244 240 233 232 230 229 226 223 222 223 225 228 228 227 228 228 225 222 223 224 223
-9999 -9999 -9999 -9999 -9999 -9999 -9999 -9999 -9999 -9999 -9999 -9999 -9999 -9999 -9999 -9999 246 249 250 248 248 249 248 247 248 246 244 244 243 238 238 232 239 239 239 240 241 243 244 245 245 247 249 247 250 253 250 247 247 248 249 242 247 248 249 249 250 250 249 248 250 248 244 246 247 246 236 233 234 232 230 224 224 222 224 226 228 228 228 227 226 224 224 224 225
-9999 -9999 -9999 -9999 -9999 -9999 -9999 -9999 -9999 -9999 -9999 -9999 -9999 -9999 -9999 -9999 245 246 248 249 249 250 249 248 249 247 247 244 240 238 236 232 243 241 237 234 237 240 242 243 244 244 245 250 249 252 251 249 246 246 249 246 241 241 246 249 250 250 250 248 249 247 247 247 246 243 244 239 235 233 233 227 231 228 222 225 226 228 228 229 227 225 227 226 229
-9999 -9999 -9999 -9999 -9999 -9999 -9999 -9999 -9999 -9999 -9999 -9999 -9999 -9999 -9999 -9999 -9999 246 246 247 249 250 250 250 251 250 249 250 250 247 247 245 244 242 239 236 234 235 240 244 242 243 243 247 252 249 247 248 246 244 248 247 245 238 240 248 249 250 251 249 250 250 249 247 245 245 242 240 237 234 237 235 231 232 226 225 227 228 229 230 229 230 229 230 230
-9999 -9999 -9999 -9999 -9999 -9999 -9999 -9999 -9999 -9999 -9999 -9999 -9999 -9999 -9999 -9999 -9999 -9999 246 245 248 249 250 251 250 249 250 250 249 249 249 246 245 244 242 242 237 234 235 239 244 245 246 246 249 248 242 242 245 242 244 247 246 246 240 242 249 250 251 251 250 250 249 246 243 240 240 240 237 232 238 239 240 235 234 230 230 227 228 230 231 233 232 232 231
-9999 -9999 -9999 -9999 -9999 -9999 -9999 -9999 -9999 -9999 -9999 -9999 -9999 -9999 -9999 -9999 -9999 -9999 -9999 247 247 248 250 251 251 251 250 249 248 249 249 247 244 241 244 244 242 240 237 233 236 240 245 246 248 243 240 241 242 243 234 243 246 244 245 246 249 250 251 251 251 251 248 248 246 245 244 242 240 239 242 241 244 239 234 238 236 233 231 233 232 238 232 232 231
-9999 -9999 -9999 -9999 -9999 -9999 -9999 -9999 -9999 -9999 -9999 -9999 -9999 -9999 -9999 -9999 -9999 -9999 -9999 -9999 249 250 251 251 251 251 250 248 249 250 249 248 247 246 247 246 242 242 244 240 236 236 240 246 246 243 245 244 244 234 240 238 242 246 242 242 239 248 250 251 251 251 251 247 246 241 240 239 241 241 242 246 245 239 232 242 240 239 234 235 234 231 237 231 231
-9999 -9999 -9999 -9999 -9999 -9999 -9999 -9999 -9999 -9999 -9999 -9999 -9999 -9999 -9999 -9999 -9999 -9999 -9999 -9999 -9999 -9999 249 249 249 250 250 249 247 250 249 249 249 248 251 245 242 242 245 242 238 240 238 248 239 225 227 240 244 243 230 239 240 243 244 245 243 241 246 249 251 253 252 250 248 245 243 240 242 245 245 249 248 240 241 244 242 239 233 235 233 232 244 236 235
-9999 -9999 -9999 -9999 -9999 -9999 -9999 -9999 -9999 -9999 -9999 -9999 -9999 -9999 -9999 -9999 -9999 -9999 -9999 -9999 -9999 -9999 -9999 249 248 249 250 249 249 251 251 250 250 250 251 248 247 247 246 243 242 242 243 244 244 230 231 236 236 236 239 231 240 241 242 244 245 244 240 245 250 251 253 253 250 248 244 243 241 246 249 246 245 245 245 244 242 240 241 236 237 236 245 242 239
-9999 -9999 -9999 -9999 -9999 -9999 -9999 -9999 -9999 -9999 -9999 -9999 -9999 -9999 -9999 -9999 -9999 -9999 -9999 -9999 -9999 -9999 -9999 -9999 250 250 249 250 251 251 250 250 250 250 251 247 251 248 246 247 246 248 246 244 237 239 227 233 232 225 228 236 235 240 240 241 243 244 245 243 247 249 250 251 253 252 251 250 250 248 245 242 244 244 246 247 245 244 246 246 244 241 247 243 242
-9999 -9999 -9999 -9999 -9999 -9999 -9999 -9999 -9999 -9999 -9999 -9999 -9999 -9999 -9999 -9999 -9999 -9999 -9999 -9999 -9999 -9999 -9999 -9999 250 251 249 251 250 251 250 250 251 250 250 250 252 250 248 248 250 245 247 238 229 235 228 230 233 228 219 234 234 238 240 241 240 241 242 242 245 248 249 250 252 250 251 250 251 250 249 249 249 249 250 249 249 249 250 249 249 247 248 247 241
-9999 -9999 -9999 -9999 -9999 -9999 -9999 -9999 -9999 -9999 -9999 -9999 -9999 -9999 -9999 -9999 -9999 -9999 -9999 -9999 -9999 -9999 -9999 -9999 -9999 248 249 250 249 249 249 250 251 251 251 250 252 252 251 249 246 245 240 241 235 233 223 227 235 230 219 219 234 236 240 238 240 240 240 239 240 245 249 251 252 251 250 250 251 251 251 249 249 248 248 248 248 249 250 249 249 250 250 246 238
-9999 -9999 -9999 -9999 -9999 -9999 -9999 -9999 -9999 -9999 -9999 -9999 -9999 -9999 -9999 -9999 -9999 -9999 -9999 -9999 -9999 -9999 -9999 -9999 -9999 -9999 247 248 246 248 248 249 250 251 252 251 252 252 249 241 243 244 240 231 241 241 230 235 235 232 238 224 224 229 238 240 238 238 234 236 237 240 248 249 251 250 249 250 250 250 250 250 249 247 243 241 244 246 248 245 245 248 248 250 246
-9999 -9999 -9999 -9999 -9999 -9999 -9999 -9999 -9999 -9999 -9999 -9999 -9999 -9999 -9999 -9999 -9999 -9999 -9999 -9999 -9999 -9999 -9999 -9999 -9999 -9999 -9999 248 247 247 246 248 249 250 250 251 251 251 251 248 238 236 238 235 238 239 238 244 237 238 242 232 216 218 229 236 238 233 234 233 234 236 240 246 248 249 248 247 248 249 249 248 244 236 229 233 234 239 241 244 243 246 248 249 249
-9999 -9999 -9999 -9999 -9999 -9999 -9999 -9999 -9999 -9999 -9999 -9999 -9999 -9999 -9999 -9999 -9999 -9999 -9999 -9999 -9999 -9999 -9999 -9999 -9999 -9999 -9999 -9999 247 248 246 248 248 249 249 250 250 250 249 249 246 237 241 242 243 240 241 245 246 244 242 237 228 225 217 225 233 234 234 234 233 234 235 238 245 247 250 248 246 247 247 246 236 225 239 239 238 239 241 232 232 235 238 247 247
-9999 -9999 -9999 -9999 -9999 -9999 -9999 -9999 -9999 -9999 -9999 -9999 -9999 -9999 -9999 -9999 -9999 -9999 -9999 -9999 -9999 -9999 -9999 -9999 -9999 -9999 -9999 -9999 -9999 -9999 247 248 248 249 250 250 250 251 250 248 248 247 247 245 243 239 243 249 247 246 245 241 236 227 227 222 215 228 232 234 234 233 233 235 237 244 247 248 247 247 248 247 246 241 239 238 231 220 232 238 232 223 225 243 246
-9999 -9999 -9999 -9999 -9999 -9999 -9999 -9999 -9999 -9999 -9999 -9999 -9999 -9999 -9999 -9999 -9999 -9999 -9999 -9999 -9999 -9999 -9999 -9999 -9999 -9999 -9999 -9999 -9999 -9999 -9999 246 248 249 249 249 250 250 250 250 250 249 251 249 245 243 247 243 245 242 242 237 238 237 236 227 214 216 227 231 233 235 234 233 234 237 242 246 248 248 247 242 240 237 235 234 230 228 226 232 230 228 233 234 236
-9999 -9999 -9999 -9999 -9999 -9999 -9999 -9999 -9999 -9999 -9999 -9999 -9999 -9999 -9999 -9999 -9999 -9999 -9999 -9999 -9999 -9999 -9999 -9999 -9999 -9999 -9999 -9999 -9999 -9999 -9999 -9999 248 248 248 249 249 249 249 249 248 249 248 247 247 248 243 238 235 242 242 240 239 240 232 229 220 220 220 220 231 233 234 234 235 237 240 243 245 247 247 239 238 237 236 237 234 233 232 224 221 214 215 219 222
-9999 -9999 -9999 -9999 -9999 -9999 -9999 -9999 -9999 -9999 -9999 -9999 -9999 -9999 -9999 -9999 -9999 -9999 -9999 -9999 -9999 -9999 -9999 -9999 -9999 -9999 -9999 -9999 -9999 -9999 -9999 -9999 -9999 247 248 248 248 248 248 249 248 248 245 245 249 251 242 242 239 238 241 243 242 240 238 230 217 218 231 228 221 226 234 233 236 235 235 242 242 240 245 242 240 236 236 236 239 239 223 214 213 218 220 219 219
-9999 -9999 -9999 -9999 -9999 -9999 -9999 -9999 -9999 -9999 -9999 -9999 -9999 -9999 -9999 -9999 -9999 -9999 -9999 -9999 -9999 -9999 -9999 -9999 -9999 -9999 -9999 -9999 -9999 -9999 -9999 -9999 -9999 247 246 247 247 247 246 247 248 247 247 248 251 249 246 243 243 238 237 239 242 243 242 241 230 217 226 233 230 223 229 234 234 235 232 238 239 237 241 245 242 238 241 238 238 241 232 220 223 225 224 220 220
