data_and_outputs/predictor_data/006/bioclim_16.asc
NCOLS 1199 
NROWS 625 
XLLCORNER -17.966918 
YLLCORNER -10.0196949358429 
CELLSIZE 0.0416666688395203 
NODATA_value -9999 
[rows 114 to 151 of 625, columns 340 to 424 of 1199]
928 930 932 931 930 931 934 935 937 933 935 936 935 934 935 936 930 927 920 915 911 904 899 898 894 888 888 884 882 882 882 882 885 890 892 899 900 904 911 913 913 919 919 920 926 927 931 933 934 937 937 937 937 935 934 933 932 936 935 929 924 919 912 911 904 897 891 887 883 880 877 878 872 876 878 879 884 887 893 896 903 910 917 921 920
930 927 925 928 929 929 931 930 937 935 933 932 932 932 932 932 930 924 919 912 909 904 900 893 892 888 884 884 883 881 881 881 884 888 893 897 900 907 911 913 917 921 924 928 929 930 930 932 934 938 937 938 939 935 934 933 934 935 932 927 923 921 917 913 909 902 897 895 890 885 881 883 878 879 878 883 888 893 896 901 905 913 918 924 924
931 922 919 925 928 926 931 931 936 933 930 928 929 929 930 930 930 924 918 912 909 903 902 894 889 885 885 883 879 878 876 879 881 885 890 893 898 909 912 915 919 921 925 932 933 931 934 936 937 936 937 936 937 938 936 935 936 934 931 928 925 924 920 914 908 905 901 902 897 888 886 885 881 885 886 885 892 899 902 909 911 913 919 925 928
924 921 921 922 923 922 926 928 933 931 929 928 928 938 938 931 931 922 922 914 910 906 902 894 890 886 884 880 877 875 875 877 878 882 886 894 901 906 913 917 924 926 930 933 934 937 943 941 942 942 939 938 938 936 935 936 937 931 929 929 925 922 918 914 912 905 902 902 902 899 895 891 890 891 892 894 898 905 910 915 918 920 926 931 934
926 924 924 925 921 921 925 930 927 930 927 932 931 932 932 933 929 926 926 920 912 910 902 896 891 888 885 883 880 878 876 875 880 883 890 897 902 909 914 922 925 930 933 939 940 943 947 945 948 949 945 943 942 938 938 936 936 934 937 937 933 928 921 915 911 911 913 913 911 911 904 902 900 900 899 904 906 915 919 923 926 927 931 937 941
925 924 921 929 922 920 921 925 926 927 927 927 929 929 934 932 929 928 923 918 913 907 903 898 895 890 888 884 879 877 876 876 881 884 889 894 902 909 915 920 925 932 933 938 943 947 948 949 949 948 946 947 945 944 944 938 938 939 941 938 933 930 923 919 912 903 902 912 912 908 910 909 911 911 909 911 917 924 931 936 934 935 937 948 956
926 928 922 920 918 919 923 927 927 925 928 929 931 926 926 929 924 924 924 914 910 905 901 897 895 890 885 884 881 876 873 873 877 884 890 894 902 909 914 918 922 930 933 939 942 944 948 946 949 950 949 947 943 946 945 943 938 939 942 938 934 931 926 922 914 901 893 894 902 907 915 915 918 919 920 924 928 936 947 957 943 940 947 955 960
924 923 919 915 915 918 924 925 925 922 925 933 929 929 924 923 922 924 922 915 909 905 898 895 892 890 888 884 879 876 874 873 876 883 886 892 901 906 913 919 921 925 931 936 944 945 946 946 947 946 946 946 945 947 947 941 939 943 945 939 935 932 930 930 925 911 900 898 907 912 917 923 930 929 931 932 939 944 956 952 948 948 954 961 966
918 918 914 913 914 918 921 920 920 922 926 926 926 927 924 923 922 921 920 917 912 907 901 894 892 891 890 886 880 878 875 875 878 879 884 892 897 904 912 915 922 928 934 937 943 944 944 945 947 945 942 943 943 949 945 941 941 946 949 943 938 937 938 940 939 929 916 914 916 925 929 931 941 944 943 943 949 950 957 957 957 956 959 968 971
917 916 913 914 915 921 918 919 922 923 923 924 924 926 924 922 922 923 924 918 911 907 902 898 895 893 889 884 880 877 876 876 878 880 882 890 895 902 911 918 926 931 939 945 943 943 943 945 946 947 945 941 942 947 945 942 942 947 952 948 948 946 943 948 953 943 932 930 931 934 939 946 951 959 960 956 957 962 964 964 967 965 971 974 974
912 910 911 913 913 916 917 920 920 918 918 921 922 924 920 920 921 924 922 916 910 907 900 899 893 892 888 881 878 877 874 878 877 878 880 885 890 899 905 914 924 930 939 944 947 946 942 939 939 940 941 937 940 943 941 940 942 945 947 949 949 948 948 950 950 949 940 939 942 943 947 956 962 969 973 968 966 969 975 973 971 972 976 976 984
914 907 907 909 912 912 912 913 914 914 914 917 919 917 916 916 916 915 917 914 911 904 901 897 891 888 883 877 874 874 872 874 873 874 875 881 886 893 898 906 916 923 932 938 943 944 939 938 937 935 934 932 935 938 938 937 941 938 941 945 943 947 949 950 950 949 947 946 949 952 959 966 973 981 979 979 981 976 985 980 980 979 980 986 993
909 905 901 904 907 909 910 909 911 911 911 909 910 911 914 914 914 913 912 909 906 901 899 896 888 884 879 872 871 867 866 867 867 870 870 877 882 889 891 900 909 914 925 932 935 934 935 934 934 936 934 929 927 929 930 934 932 935 939 940 941 942 948 948 951 949 951 952 956 962 965 974 987 991 986 984 987 984 992 991 988 988 987 993 1000
904 899 903 900 902 904 906 906 907 905 906 907 909 910 913 913 911 910 911 906 902 902 898 891 885 878 873 868 865 862 863 863 863 865 866 870 877 884 887 892 900 906 917 923 927 929 932 931 933 933 934 932 926 924 930 930 929 931 938 938 938 940 944 949 949 953 953 955 962 964 968 980 988 990 991 989 996 989 996 999 995 995 994 1003 1004
901 902 902 897 899 900 901 904 905 902 903 906 907 909 910 909 913 912 912 908 901 901 902 893 884 874 870 864 859 859 857 859 858 862 862 868 873 881 885 888 893 903 909 916 926 927 928 928 928 926 925 926 920 919 928 926 927 929 933 940 940 943 943 946 947 950 958 958 965 969 974 989 984 987 991 990 999 995 1001 1003 1004 1004 999 1006 1009
894 895 896 893 895 894 897 898 898 899 899 902 904 903 903 904 907 907 907 901 894 897 899 887 878 867 862 856 856 851 851 851 853 854 857 863 865 873 877 882 886 893 899 907 915 922 920 918 918 917 917 916 916 915 920 920 921 924 931 940 940 939 942 946 947 952 957 960 964 968 973 976 980 984 987 994 1002 1003 1001 1004 1008 1006 1006 1007 1010
889 887 889 887 888 891 892 894 893 893 894 896 895 896 895 897 896 897 897 892 882 879 878 868 858 852 850 849 847 844 843 845 845 845 850 853 858 864 867 872 878 886 892 900 905 912 911 910 909 908 907 905 907 907 911 914 917 918 927 936 936 938 940 945 944 949 956 961 963 972 971 976 989 993 990 998 1001 1003 1003 1006 1007 1015 1030 1035 1033
881 881 883 882 883 886 885 886 885 887 888 888 890 887 887 887 888 887 884 879 869 861 855 848 841 838 835 836 838 837 836 837 836 840 843 845 848 854 858 864 873 880 884 889 896 901 901 901 902 899 900 901 903 903 905 907 910 917 924 930 932 936 937 942 943 946 950 956 963 970 970 983 992 993 990 993 997 1007 1017 1045 1043 1045 1044 1051 1048
875 877 878 878 880 883 881 880 882 880 883 882 884 881 881 881 877 876 874 865 859 848 839 828 823 824 827 828 826 829 830 829 832 834 836 841 845 846 852 860 864 869 874 882 888 892 895 897 899 900 901 901 901 904 904 901 906 913 918 926 927 935 938 939 941 942 948 959 962 966 974 980 985 988 990 1001 1032 1034 1036 1039 1039 1040 1043 1044 1044
872 875 877 878 877 878 878 880 879 879 879 879 879 879 877 872 870 868 864 857 849 839 830 819 815 816 818 819 822 825 828 826 827 831 835 839 839 844 846 854 860 863 869 876 881 887 892 898 899 901 903 904 903 901 901 899 903 907 914 921 926 929 935 940 941 941 949 958 961 968 975 980 985 989 994 1013 1026 1029 1033 1034 1034 1039 1038 1040 1041
872 874 873 875 874 874 874 876 876 876 875 875 872 874 871 870 866 862 857 848 841 834 824 816 812 812 813 815 818 821 825 824 825 830 832 835 838 840 845 850 853 856 864 869 877 880 885 891 892 897 896 899 901 898 900 901 902 908 911 919 923 925 929 936 939 940 947 955 963 967 969 978 984 990 1003 1012 1020 1023 1025 1028 1029 1031 1034 1033 1035
871 872 872 874 874 873 873 873 872 872 870 870 869 868 865 864 862 859 854 847 837 832 822 814 812 810 812 814 814 817 819 823 825 827 831 834 834 839 845 849 850 851 857 863 869 874 881 884 888 893 894 892 894 896 895 897 900 903 907 915 918 921 929 934 936 939 944 951 959 966 973 978 981 989 997 1006 1012 1019 1022 1020 1025 1024 1026 1030 1031
871 873 873 874 873 873 869 872 870 869 869 869 866 865 862 860 860 859 852 844 836 829 821 815 813 810 809 809 811 814 814 818 821 823 827 830 833 839 844 845 846 846 853 857 863 870 874 876 881 889 891 892 890 891 891 893 897 902 906 911 914 919 925 929 934 937 944 950 956 963 971 979 979 984 994 1000 1004 1011 1018 1017 1022 1021 1022 1027 1029
870 870 871 873 871 871 870 869 869 869 868 866 865 864 858 858 857 855 849 841 833 826 819 817 812 809 809 808 808 808 811 814 815 820 822 825 829 835 837 841 842 842 847 854 860 860 863 873 880 884 884 886 888 889 895 895 896 900 905 907 911 914 920 927 931 933 940 945 954 958 965 974 979 981 986 992 999 1013 1011 1017 1018 1021 1020 1021 1026
873 870 870 872 870 870 869 866 865 865 865 863 861 861 855 857 853 852 846 838 833 827 819 815 811 810 810 809 809 809 811 811 811 813 818 818 823 827 834 834 836 839 842 848 851 857 861 870 877 876 878 878 879 885 888 893 896 896 901 905 906 911 917 925 928 932 936 944 950 957 962 967 972 978 983 987 996 1004 1009 1011 1015 1017 1018 1023 1024
872 870 872 870 867 866 865 863 863 862 861 859 858 857 852 851 849 851 845 839 832 825 822 815 812 810 810 808 806 804 807 809 808 809 813 816 818 823 830 829 832 832 836 844 847 851 860 866 871 870 869 873 877 878 883 883 889 890 895 901 904 910 915 921 927 930 933 941 947 956 961 965 970 977 982 984 992 1001 1007 1009 1014 1015 1017 1020 1025
872 871 869 869 866 863 866 862 861 861 858 858 855 858 857 850 846 848 843 838 834 828 824 816 812 810 807 808 802 803 804 807 806 808 810 813 815 817 822 830 832 834 835 837 845 850 855 860 864 865 865 868 872 880 877 878 882 886 892 899 901 906 914 920 924 926 931 939 948 955 955 961 967 971 976 981 989 999 1005 1008 1010 1013 1017 1019 1023
870 868 868 867 865 864 865 863 861 859 857 855 854 856 854 850 847 846 843 836 835 831 826 820 813 813 810 805 804 801 800 802 804 805 809 812 814 817 818 821 824 829 830 834 838 845 848 853 856 859 861 862 867 874 873 875 876 884 892 896 899 905 911 917 920 921 930 938 947 949 951 958 964 970 974 980 988 997 1001 1005 1008 1013 1016 1021 1021
868 867 865 868 865 862 865 865 860 858 855 855 854 853 852 853 847 845 843 839 835 832 827 821 818 814 810 806 804 800 797 797 802 804 808 810 811 812 816 823 828 824 828 831 835 839 841 849 853 853 854 858 861 864 872 871 873 882 890 895 897 902 910 916 917 920 923 933 942 944 949 953 964 971 975 980 986 994 1001 1007 1010 1010 1015 1020 1025
866 864 863 864 863 864 864 863 860 856 854 856 853 853 853 852 848 848 843 841 838 837 831 825 819 817 812 808 802 798 795 795 799 804 806 808 808 810 815 821 824 824 832 832 832 835 837 846 847 848 850 850 862 864 873 873 884 890 890 895 896 901 907 912 916 915 922 928 936 941 942 951 963 972 975 980 985 993 1003 1005 1012 1012 1017 1018 1025
866 862 860 862 860 859 859 860 857 854 856 852 852 852 851 849 849 849 846 845 842 838 833 827 823 817 814 808 804 800 796 795 795 803 805 806 807 813 818 820 823 826 827 828 831 830 831 838 843 843 846 854 887 893 894 893 894 894 889 901 897 897 900 909 910 911 918 927 932 937 943 952 963 969 977 982 987 995 1002 1007 1009 1014 1017 1020 1022
864 859 857 857 858 855 858 856 851 849 849 849 849 848 848 848 848 848 848 846 845 844 840 835 825 821 816 809 802 799 796 795 795 800 804 807 807 813 819 821 819 819 821 825 827 826 827 832 839 839 846 864 884 888 887 886 888 889 892 898 897 894 897 903 908 910 914 921 931 937 941 951 957 968 973 981 987 995 1004 1009 1009 1016 1017 1022 1024
861 854 856 854 853 854 858 855 850 850 848 849 847 846 845 847 847 850 850 850 848 849 843 838 828 823 814 809 804 800 796 795 796 799 801 807 806 810 816 815 816 815 817 821 821 822 826 828 832 837 851 870 877 881 883 882 873 881 889 887 893 891 894 899 903 906 912 919 931 936 939 946 951 962 966 975 984 994 1006 1011 1011 1018 1021 1022 1024
856 852 852 850 849 853 852 847 846 846 845 845 843 844 846 846 849 849 850 851 851 849 846 839 830 821 816 811 805 801 799 798 799 800 802 802 803 805 810 813 813 817 821 821 823 822 823 826 830 831 853 873 871 870 872 870 865 867 878 884 883 885 890 896 900 901 908 915 924 931 934 940 949 960 963 970 979 989 997 1003 1010 1016 1028 1028 1033
851 851 848 849 849 852 847 844 841 841 841 839 841 842 844 845 846 848 849 851 851 849 845 838 830 823 816 811 804 803 799 797 798 797 798 800 799 800 807 812 816 820 823 823 819 821 819 821 823 832 869 873 867 866 860 859 863 864 867 877 875 881 885 893 896 900 903 911 922 925 928 935 945 954 958 967 975 983 991 997 1003 1012 1023 1028 1031
848 846 847 851 849 843 840 840 838 837 837 838 838 840 841 843 844 844 845 847 847 847 841 836 827 821 817 811 806 800 796 797 797 798 795 797 796 798 804 804 809 811 813 817 819 817 816 823 827 834 864 865 862 862 856 849 850 862 867 868 872 874 880 887 891 897 902 907 916 919 924 933 939 948 954 959 970 979 987 994 999 1009 1015 1027 1030
843 843 842 846 843 840 839 838 836 833 833 835 835 838 836 836 837 837 839 840 842 840 836 830 822 819 816 809 806 801 797 797 797 793 794 793 792 795 800 799 801 803 805 810 816 819 823 828 824 835 855 858 855 853 849 850 849 852 858 863 862 868 874 881 889 891 900 904 910 917 920 927 936 946 954 959 965 977 985 991 996 1004 1011 1019 1029
841 838 837 839 837 837 835 832 830 828 830 831 832 831 831 831 831 832 835 835 834 832 828 822 818 816 809 806 802 801 797 796 793 791 791 790 789 791 793 795 792 794 797 805 809 812 821 820 820 831 848 849 848 841 840 842 845 851 852 857 856 862 868 877 883 885 894 901 907 912 916 922 932 945 953 958 966 977 987 993 998 999 1006 1014 1022
