data_and_outputs/predictor_data/006/bioclim_04.asc
NCOLS 1199 
NROWS 625 
XLLCORNER -17.966918 
YLLCORNER -10.0196949358429 
CELLSIZE 0.0416666688395203 
NODATA_value -9999 
[rows 160 to 199 of 625, columns 990 to 1079 of 1199]
232 230 231 228 227 230 229 228 225 227 229 229 228 229 227 227 225 225 227 226 226 224 224 224 226 224 224 224 223 222 221 223 222 220 219 218 218 217 218 217 217 215 215 214 214 213 212 211 210 212 210 211 209 209 210 209 209 209 209 209 209 207 211 208 210 208 208 210 207 207 208 208 208 208 208 207 208 208 206 207 208 209 207 207 207 207 207 206 206 205
229 230 226 225 221 225 228 229 225 225 227 227 226 224 224 225 225 223 224 226 224 222 223 222 222 224 222 221 222 221 220 219 220 218 218 218 218 216 214 214 214 217 215 213 213 211 211 210 210 210 209 208 208 208 208 208 206 207 208 207 208 208 208 207 208 206 208 206 208 208 208 206 206 207 206 206 207 206 207 205 207 203 206 206 206 207 205 206 206 205
226 227 226 225 222 224 225 225 225 225 223 223 222 222 223 224 225 223 223 223 223 224 221 223 221 221 220 220 220 220 220 219 217 219 218 215 215 215 213 215 214 214 213 212 211 210 209 209 210 209 207 207 207 207 208 208 206 205 208 205 205 205 207 205 208 208 205 206 204 206 205 205 207 206 206 207 205 207 204 204 204 205 205 206 204 205 204 205 203 203
223 224 223 220 221 221 223 222 224 224 224 223 220 221 223 224 221 221 224 223 221 222 221 220 221 220 219 218 218 218 216 218 216 215 215 215 214 213 211 211 211 211 212 211 210 209 208 209 207 208 208 207 206 206 205 206 207 205 205 204 205 205 206 204 205 206 204 204 206 204 205 205 204 204 204 204 205 205 204 204 203 203 204 206 205 203 205 204 204 204
222 220 220 221 217 220 223 221 221 222 221 222 221 222 222 221 221 221 220 219 219 220 220 220 218 219 219 218 218 217 217 216 214 214 214 213 211 212 212 214 210 209 211 209 206 208 208 206 208 208 205 204 204 205 203 206 205 206 205 204 203 204 204 203 205 204 205 204 204 202 205 204 203 204 204 204 202 204 204 203 204 203 202 204 202 204 204 203 203 205
219 218 219 219 217 219 220 220 218 219 218 220 220 220 220 220 218 221 219 219 219 219 218 219 217 218 216 216 216 215 215 213 214 214 214 213 211 211 211 210 210 208 208 209 207 207 206 206 206 203 205 202 203 203 204 203 202 203 202 203 201 204 203 204 204 202 204 205 202 201 201 201 203 203 203 202 202 202 203 202 203 202 203 203 202 203 204 202 202 204
220 217 217 218 216 217 218 218 218 217 217 217 217 218 217 219 218 219 218 217 217 218 217 215 216 213 216 213 213 215 212 210 211 213 210 210 210 209 209 210 207 207 206 206 206 204 206 206 204 202 204 202 203 203 203 202 202 202 202 201 203 201 201 201 201 201 201 203 201 201 201 200 201 201 200 200 200 201 200 201 201 201 202 201 201 201 201 201 200 201
218 214 215 215 214 216 215 215 216 216 216 217 215 217 217 216 217 215 217 217 215 216 216 214 213 213 213 212 213 211 214 207 209 209 208 208 208 208 207 208 207 206 206 204 205 202 203 201 204 203 202 202 200 201 201 201 201 199 199 200 200 201 199 201 201 202 200 201 200 199 201 201 199 199 199 200 200 201 200 201 199 201 201 199 201 202 200 200 201 200
215 212 215 213 213 213 211 212 215 215 214 215 215 216 216 217 215 215 215 214 214 212 212 213 212 210 212 210 211 212 211 209 208 207 207 205 207 207 206 205 205 204 204 205 203 202 203 200 202 204 202 201 201 200 201 200 202 199 199 199 199 199 201 199 199 198 200 199 199 198 199 199 199 199 200 201 198 200 199 199 199 199 200 199 199 199 199 201 199 200
212 212 212 211 213 211 212 210 212 211 213 214 213 213 213 214 214 215 214 212 213 213 213 210 211 211 207 210 208 208 211 208 207 207 205 205 206 208 205 203 202 201 203 203 202 202 203 201 202 201 201 200 199 200 200 200 200 198 199 199 199 198 199 198 199 198 198 199 198 199 198 199 199 199 198 198 199 198 198 198 199 199 198 200 199 198 198 199 197 199
212 212 211 209 209 211 210 212 209 212 212 213 213 213 213 213 211 213 212 211 210 212 211 209 209 208 207 205 207 208 207 207 206 204 205 205 204 204 204 202 202 203 203 202 201 201 200 200 200 199 199 199 197 201 201 197 197 200 197 198 199 197 198 198 198 196 197 196 196 198 197 196 198 198 198 198 197 196 196 197 197 197 197 199 198 198 198 198 199 200
210 211 209 209 208 209 209 208 211 209 210 210 210 211 213 210 211 210 210 208 209 208 209 208 206 208 204 203 203 206 207 205 204 202 202 203 202 202 202 201 200 200 200 200 199 199 199 199 196 198 198 197 197 197 197 194 196 196 197 198 195 198 198 195 198 195 196 198 195 197 196 195 194 195 195 197 195 196 196 194 197 195 197 196 197 197 196 196 197 197
208 208 208 208 209 207 206 207 208 209 210 208 210 210 209 210 209 209 209 208 209 207 207 205 203 203 205 203 202 204 204 204 203 201 201 201 202 201 200 201 199 199 200 199 198 197 196 198 197 196 197 196 197 194 194 196 194 195 197 196 194 194 195 195 195 195 195 195 195 195 194 195 194 195 195 193 194 194 196 196 193 197 193 195 195 196 196 196 195 196
207 205 206 208 206 206 205 208 208 210 207 206 206 208 207 206 208 207 207 207 206 205 205 205 204 203 201 198 199 201 201 201 202 201 200 199 200 200 200 200 199 198 198 197 197 198 196 196 198 195 195 195 195 195 195 195 193 195 194 193 193 194 194 194 194 195 193 193 195 193 192 192 195 195 194 191 193 193 195 194 193 194 194 193 193 195 195 194 195 195
207 204 206 205 205 206 208 206 206 206 205 205 204 206 206 206 205 205 205 205 205 206 204 204 204 201 199 197 200 199 201 201 199 201 200 198 198 199 199 199 198 198 196 198 196 195 195 195 194 194 194 195 195 192 195 195 195 194 193 193 194 192 193 193 193 195 193 194 195 193 194 193 193 192 193 192 192 192 191 194 194 193 193 195 194 194 195 194 193 195
205 204 203 205 204 204 201 204 204 204 204 204 203 203 205 204 205 202 202 203 203 203 201 202 200 198 200 200 198 196 197 200 200 200 198 198 198 199 197 197 197 195 196 195 196 196 195 195 193 194 194 193 192 194 192 194 194 193 193 192 191 193 193 193 192 191 191 192 191 192 190 192 190 191 191 192 189 191 190 191 191 193 191 193 192 193 194 193 194 194
203 203 202 204 201 202 203 202 204 202 202 202 201 203 202 203 203 202 202 200 200 200 200 198 198 197 198 195 197 196 197 197 197 197 197 196 198 196 197 196 196 195 195 194 192 194 195 193 193 192 193 193 193 190 193 191 191 191 192 191 192 191 191 190 191 191 191 189 190 189 190 190 190 190 190 190 189 189 188 190 191 190 190 190 190 191 191 191 192 192
202 202 202 201 201 200 201 201 203 200 199 200 202 201 202 201 203 202 201 200 200 200 200 198 198 199 196 197 195 195 194 195 195 197 196 196 195 194 194 195 196 196 193 193 193 192 193 192 193 191 192 191 190 190 190 190 190 190 190 191 190 188 191 188 190 191 189 188 189 189 189 190 188 189 187 190 188 188 188 188 188 188 187 191 191 190 190 189 192 191
199 200 199 199 200 198 202 200 200 199 199 200 201 200 200 199 201 200 200 199 198 197 196 197 197 196 195 196 196 194 196 196 195 195 195 193 196 193 193 193 192 194 192 193 194 192 192 190 192 191 191 189 191 189 187 189 189 189 189 189 188 188 187 190 186 189 189 187 188 188 188 187 189 187 187 188 187 187 187 188 188 188 188 189 189 189 188 189 190 190
199 199 199 200 198 198 198 199 200 201 198 198 199 199 199 198 198 200 198 198 198 198 198 197 197 196 195 196 196 195 196 196 194 196 193 195 193 193 193 193 194 192 190 192 192 190 192 190 189 190 188 188 190 186 188 189 188 188 188 188 187 187 188 188 188 187 187 187 186 187 186 186 187 185 187 186 186 187 186 187 188 188 187 188 187 189 190 187 187 188
198 197 198 197 198 195 197 198 198 198 196 196 198 198 197 196 199 197 197 197 196 197 195 195 195 196 195 196 195 194 195 195 193 194 194 191 193 192 192 191 192 192 190 190 190 189 189 187 189 187 187 187 186 186 187 187 188 186 186 185 187 186 186 186 185 187 187 187 185 186 186 183 185 184 186 185 185 184 185 185 186 187 186 186 186 186 187 186 187 187
198 195 196 196 196 196 196 196 197 198 199 196 196 197 196 196 196 196 196 195 195 191 194 195 195 194 193 194 194 193 194 193 193 193 191 193 190 191 192 190 190 191 189 189 189 188 186 188 186 186 186 186 187 184 186 186 188 185 185 185 185 184 185 184 185 184 184 185 184 183 184 182 182 181 183 183 184 183 182 182 185 184 183 185 185 184 185 185 184 185
193 194 195 195 196 195 194 194 195 196 196 198 195 195 196 196 193 195 192 193 193 193 193 191 193 193 192 191 192 191 193 191 192 191 191 190 191 189 189 188 188 189 187 187 186 185 185 184 186 186 185 185 187 187 185 184 184 184 185 183 182 184 183 182 184 185 184 183 181 181 181 181 181 181 181 181 181 182 181 183 182 182 181 183 183 183 183 184 185 183
194 194 194 192 194 192 195 194 196 196 193 193 194 193 195 194 193 193 192 191 192 190 190 192 192 190 191 191 191 191 191 192 190 190 188 189 190 187 189 186 185 185 187 186 185 186 185 184 185 186 184 185 183 184 184 184 183 181 182 182 182 182 179 182 181 181 180 182 179 180 181 178 181 181 180 180 180 182 183 179 180 181 181 182 182 182 181 181 183 183
191 190 193 192 192 192 194 192 193 194 196 192 195 193 193 193 193 193 191 190 189 189 189 190 189 190 189 188 188 188 188 187 187 188 188 186 186 187 186 186 185 184 183 186 185 184 184 183 184 183 183 182 181 182 181 181 181 181 179 179 179 180 179 180 180 179 179 179 178 180 178 179 179 179 179 178 179 179 180 179 180 180 178 179 178 178 181 181 182 180
188 191 191 193 191 191 192 192 193 192 192 192 191 192 190 190 192 189 189 189 189 186 187 188 188 188 189 188 187 188 188 187 187 186 185 184 184 184 186 184 183 182 181 183 182 182 181 183 183 182 180 180 180 180 181 180 178 179 178 179 177 177 179 178 178 178 176 177 177 176 175 176 177 177 178 178 177 176 179 180 178 178 177 178 177 178 180 178 178 180
187 188 189 190 189 192 190 191 191 190 193 189 189 187 188 190 190 188 188 188 188 188 187 187 187 185 185 187 185 185 185 185 184 184 184 183 184 183 182 182 181 182 182 181 182 180 181 181 180 177 180 180 180 180 179 180 178 178 176 178 176 176 175 176 176 176 176 175 175 175 175 175 175 176 175 176 176 176 176 176 176 177 175 175 177 175 176 177 177 177
186 188 188 190 190 187 189 189 190 189 187 189 187 187 188 186 186 187 186 186 186 185 186 185 186 184 186 185 185 183 185 183 182 183 184 181 181 182 182 182 181 180 180 180 180 180 180 179 177 177 180 177 178 178 177 176 176 176 176 176 174 175 173 173 173 175 176 174 175 173 173 175 174 176 174 173 175 176 174 175 173 175 174 174 174 174 177 174 174 175
187 185 187 186 190 190 188 188 187 188 187 187 186 187 187 187 186 184 185 185 185 184 184 184 183 185 185 184 184 184 181 182 181 182 181 180 180 180 180 180 180 179 179 179 180 180 178 177 177 175 174 177 177 175 175 175 174 173 175 173 175 172 172 172 174 173 174 173 173 172 171 173 172 173 173 173 173 174 173 174 174 174 173 172 175 173 175 173 173 173
184 184 185 187 186 186 188 186 186 187 187 185 185 185 185 184 184 182 182 184 183 185 183 184 183 183 182 183 182 183 180 181 181 181 181 179 180 179 176 178 178 178 177 178 179 178 175 174 174 177 177 174 174 175 173 174 173 173 172 173 173 172 171 172 173 171 171 173 173 170 173 171 172 171 173 172 170 170 170 173 172 173 171 172 172 171 174 172 172 171
184 184 184 184 184 185 184 186 185 187 185 184 185 184 185 184 182 182 182 182 184 181 183 183 183 183 180 182 182 183 181 180 180 179 180 179 177 178 177 176 176 174 177 177 174 174 174 175 174 174 174 173 174 172 172 172 171 171 171 169 171 170 171 170 170 170 171 170 170 170 169 170 170 170 170 170 170 168 169 169 169 170 168 171 169 171 169 170 169 171
182 185 182 183 182 182 183 185 184 184 184 182 181 183 184 181 178 180 182 181 179 182 181 181 182 180 183 181 182 180 180 180 178 180 179 177 177 176 174 175 174 176 174 174 174 173 174 172 172 172 173 173 170 172 170 169 170 170 170 168 168 170 170 170 168 168 169 169 168 168 167 168 170 169 167 170 167 167 167 169 168 169 166 168 168 169 169 168 168 168
181 181 181 181 181 184 183 183 182 182 183 181 182 180 181 181 180 178 180 179 179 181 179 180 180 180 180 181 180 178 179 179 176 177 175 177 177 174 174 175 175 173 172 173 174 170 170 170 171 171 171 169 169 168 167 168 168 166 169 169 165 166 166 168 167 167 167 166 167 168 166 167 167 167 167 168 166 167 166 166 166 165 165 168 166 166 167 166 167 165
179 178 179 180 180 182 182 182 181 181 182 180 180 182 178 180 180 179 179 178 178 177 179 179 177 180 178 180 177 178 178 177 174 175 174 174 176 174 174 174 172 171 173 172 172 170 170 170 169 169 169 170 168 168 168 166 167 166 166 166 166 166 167 167 165 167 166 164 165 164 166 166 165 164 166 165 164 166 165 165 165 165 164 163 163 163 165 164 165 166
179 178 178 178 182 179 180 181 179 178 180 180 179 180 179 179 178 178 176 179 179 177 178 177 177 177 177 177 177 175 177 176 177 174 174 175 173 174 173 171 171 172 170 170 171 168 170 169 169 167 168 168 166 166 166 165 165 166 166 165 165 165 165 164 164 166 164 164 165 164 164 165 162 165 165 164 162 165 164 163 162 164 162 162 163 163 162 164 164 163
177 177 180 178 179 180 179 179 177 177 178 178 180 177 179 178 177 176 177 179 177 177 177 176 176 177 177 177 176 177 175 174 174 174 174 173 171 173 172 171 171 169 169 168 168 166 168 167 166 167 165 165 165 165 163 166 163 166 163 164 164 164 163 164 162 162 162 164 163 163 162 162 163 162 163 163 163 162 162 162 161 161 162 160 160 160 162 161 161 161
177 177 178 177 178 177 176 177 177 176 177 177 178 176 176 176 177 177 176 177 177 175 177 175 177 177 174 176 176 175 175 172 172 171 172 171 173 169 170 170 169 168 167 167 165 167 166 166 166 164 164 163 165 165 164 163 163 163 163 163 161 163 163 161 161 161 160 163 160 162 163 160 161 161 161 161 161 160 160 161 159 160 158 157 157 159 161 159 160 159
176 176 176 175 177 177 176 177 177 176 176 176 176 175 177 177 174 174 174 174 175 176 175 174 174 175 172 174 172 172 172 172 171 171 171 170 170 170 169 168 167 167 167 165 167 165 165 164 165 164 163 162 164 162 162 162 162 160 161 161 161 160 160 158 160 160 160 160 160 159 160 159 159 159 159 159 160 159 158 158 159 158 158 156 157 158 158 157 160 157
176 176 174 174 175 175 175 177 175 176 176 175 175 173 175 174 174 174 174 175 174 174 174 172 174 171 171 174 172 171 172 172 171 168 170 169 169 169 169 169 168 166 166 164 164 164 164 162 163 163 161 160 159 161 162 160 160 158 159 160 159 159 159 158 159 157 157 157 158 160 157 157 157 157 158 157 157 158 156 158 158 155 157 157 158 157 156 158 157 159
174 173 175 175 174 174 175 175 174 175 174 174 174 173 173 173 172 172 173 172 174 171 172 170 172 171 171 170 172 171 170 170 169 169 168 169 168 167 165 165 165 164 164 163 164 163 162 161 161 161 160 160 160 160 160 159 159 159 157 159 159 157 157 157 159 158 158 157 157 156 157 156 155 155 155 158 157 157 155 155 155 154 153 155 157 155 157 157 155 157
