data_and_outputs/predictor_data/006/bioclim_01.asc
NCOLS 1199 
NROWS 625 
XLLCORNER -17.966918 
YLLCORNER -10.0196949358429 
CELLSIZE 0.0416666688395203 
NODATA_value -9999 
[rows 152 to 189 of 625, columns 85 to 169 of 1199]
-9999 -9999 -9999 -9999 -9999 -9999 -9999 -9999 -9999 -9999 -9999 -9999 -9999 -9999 -9999 -9999 -9999 -9999 273 272 270 269 274 275 275 275 269 264 260 247 267 276 255 236 254 238 221 244 267 269 269 268 269 268 269 268 265 266 266 265 263 263 263 264 264 262 261 261 260 256 256 245 238 238 242 238 234 237 240 241 239 239 238 239 236 237 238 239 240 240 240 238 238 236 237
-9999 -9999 -9999 -9999 -9999 -9999 -9999 -9999 -9999 -9999 -9999 -9999 -9999 -9999 -9999 -9999 -9999 -9999 271 267 268 272 273 274 275 276 276 278 267 261 275 277 267 235 254 234 223 230 269 271 270 268 269 269 268 268 267 267 266 264 263 264 264 263 264 262 262 259 257 246 249 246 239 236 239 234 234 235 234 242 241 240 238 237 238 238 239 239 241 239 239 238 237 236 236
-9999 -9999 -9999 -9999 -9999 -9999 -9999 -9999 -9999 -9999 -9999 -9999 -9999 -9999 -9999 -9999 -9999 -9999 266 265 270 271 273 274 275 276 277 278 279 277 279 279 280 247 250 254 234 227 269 272 271 269 269 270 269 268 267 265 265 264 265 264 265 264 264 263 261 254 252 244 245 252 243 237 239 234 235 238 235 241 241 240 238 238 238 238 240 240 240 239 238 238 237 237 235
-9999 -9999 -9999 -9999 -9999 -9999 -9999 -9999 -9999 -9999 -9999 -9999 -9999 -9999 -9999 -9999 -9999 -9999 267 268 -9999 271 273 275 276 277 278 279 280 280 281 277 279 281 280 272 265 225 256 271 271 271 270 268 269 268 267 267 267 266 266 264 263 264 262 262 262 258 256 249 247 249 249 242 239 236 242 240 241 241 240 239 238 240 240 239 240 241 240 239 239 239 238 238 236
-9999 -9999 -9999 -9999 -9999 -9999 -9999 -9999 -9999 -9999 -9999 -9999 -9999 -9999 -9999 -9999 -9999 -9999 -9999 -9999 -9999 -9999 274 276 277 278 279 280 281 281 282 280 281 282 280 273 267 243 264 272 272 270 269 269 268 268 268 268 267 266 266 264 263 263 261 261 261 259 258 251 248 247 250 240 241 240 242 241 241 242 241 238 239 239 240 240 240 240 239 239 239 239 237 238 237
-9999 -9999 -9999 -9999 -9999 -9999 -9999 -9999 -9999 -9999 -9999 -9999 -9999 -9999 -9999 -9999 -9999 -9999 -9999 -9999 -9999 -9999 -9999 277 278 279 280 281 282 283 283 283 284 282 280 278 275 273 271 271 271 272 269 268 268 268 268 268 267 266 265 265 263 263 261 262 261 260 259 251 251 247 244 243 243 245 243 242 242 242 241 240 241 241 239 239 236 239 238 238 238 238 236 237 237
-9999 -9999 -9999 -9999 -9999 -9999 -9999 -9999 -9999 -9999 -9999 -9999 -9999 -9999 -9999 -9999 -9999 -9999 -9999 -9999 -9999 -9999 -9999 -9999 279 280 281 282 283 283 284 285 284 282 281 278 276 274 271 272 271 271 270 268 268 268 268 268 267 267 265 265 264 262 260 261 260 260 260 253 250 246 245 245 246 244 241 243 243 243 243 242 241 241 237 238 237 239 237 238 237 237 237 238 238
-9999 -9999 -9999 -9999 -9999 -9999 -9999 -9999 -9999 -9999 -9999 -9999 -9999 -9999 -9999 -9999 -9999 -9999 -9999 -9999 -9999 -9999 -9999 -9999 280 281 281 282 283 284 284 284 283 281 279 277 275 274 273 272 271 270 270 268 268 268 268 267 267 266 265 265 264 263 259 260 259 259 260 258 250 251 249 246 248 245 244 245 245 245 243 242 239 239 239 239 240 241 240 240 239 240 239 239 238
-9999 -9999 -9999 -9999 -9999 -9999 -9999 -9999 -9999 -9999 -9999 -9999 -9999 -9999 -9999 -9999 -9999 -9999 -9999 -9999 -9999 -9999 -9999 -9999 -9999 282 282 283 283 283 283 282 281 280 278 276 275 273 272 271 271 269 269 268 267 268 268 267 267 266 265 265 264 262 261 261 259 260 260 259 254 254 249 243 246 245 247 246 245 245 243 240 237 237 240 240 240 240 237 239 239 237 239 238 239
-9999 -9999 -9999 -9999 -9999 -9999 -9999 -9999 -9999 -9999 -9999 -9999 -9999 -9999 -9999 -9999 -9999 -9999 -9999 -9999 -9999 -9999 -9999 -9999 -9999 283 283 283 283 283 282 281 280 278 276 275 274 272 271 271 269 268 268 267 267 267 267 267 267 266 266 264 264 262 260 260 258 261 260 258 257 258 249 244 245 246 248 248 246 241 240 238 234 237 241 241 240 239 238 238 239 239 240 238 239
-9999 -9999 -9999 -9999 -9999 -9999 -9999 -9999 -9999 -9999 -9999 -9999 -9999 -9999 -9999 -9999 -9999 -9999 -9999 -9999 -9999 -9999 -9999 -9999 -9999 -9999 283 283 283 282 282 280 278 277 274 273 273 271 270 269 269 267 267 266 267 267 267 267 266 266 265 264 262 259 256 253 256 261 260 254 253 257 250 239 244 243 242 242 234 233 233 237 238 240 240 238 237 232 229 228 224 234 236 237 235
-9999 -9999 -9999 -9999 -9999 -9999 -9999 -9999 -9999 -9999 -9999 -9999 -9999 -9999 -9999 -9999 -9999 -9999 -9999 -9999 -9999 -9999 -9999 -9999 -9999 -9999 -9999 283 283 282 280 279 277 274 271 271 271 270 269 268 267 267 267 267 266 266 266 266 266 265 263 261 261 261 259 256 259 262 260 257 255 253 245 242 245 243 243 235 230 229 232 237 235 238 238 238 237 237 204 187 222 228 231 237 236
-9999 -9999 -9999 -9999 -9999 -9999 -9999 -9999 -9999 -9999 -9999 -9999 -9999 -9999 -9999 -9999 -9999 -9999 -9999 -9999 -9999 -9999 -9999 -9999 -9999 -9999 -9999 -9999 282 281 279 277 275 273 270 269 268 268 268 267 266 266 267 266 265 265 265 266 266 265 264 263 261 262 262 261 261 262 260 259 253 247 246 242 247 247 241 231 228 230 238 239 236 239 239 239 238 237 207 192 225 230 237 238 233
-9999 -9999 -9999 -9999 -9999 -9999 -9999 -9999 -9999 -9999 -9999 -9999 -9999 -9999 -9999 -9999 -9999 -9999 -9999 -9999 -9999 -9999 -9999 -9999 -9999 -9999 -9999 282 281 279 277 275 273 271 268 267 266 267 267 266 265 265 266 265 265 265 265 265 265 265 265 264 264 262 261 260 262 262 260 251 250 243 250 243 246 244 231 221 228 235 236 239 239 240 239 241 240 237 207 219 229 231 238 236 232
-9999 -9999 -9999 -9999 -9999 -9999 -9999 -9999 -9999 -9999 -9999 -9999 -9999 -9999 -9999 -9999 -9999 -9999 -9999 -9999 -9999 -9999 -9999 -9999 -9999 -9999 -9999 280 279 277 275 273 271 269 267 265 264 265 265 265 264 265 265 264 264 265 265 265 265 265 264 264 263 263 261 257 261 261 260 259 253 248 252 248 246 233 225 224 230 235 237 240 240 235 239 242 240 238 221 235 236 236 241 234 231
-9999 -9999 -9999 -9999 -9999 -9999 -9999 -9999 -9999 -9999 -9999 -9999 -9999 -9999 -9999 -9999 -9999 -9999 -9999 -9999 -9999 -9999 -9999 -9999 -9999 -9999 -9999 278 277 275 273 271 269 267 265 263 263 264 264 264 264 264 264 264 265 264 264 265 265 265 265 264 264 262 259 255 260 261 261 260 258 253 257 257 246 228 229 232 237 236 239 240 238 236 237 243 243 240 230 239 240 241 241 235 238
-9999 -9999 -9999 -9999 -9999 -9999 -9999 -9999 -9999 -9999 -9999 -9999 -9999 -9999 -9999 -9999 -9999 -9999 -9999 -9999 -9999 -9999 -9999 -9999 -9999 -9999 -9999 -9999 275 273 272 269 267 265 263 261 261 262 263 263 263 263 263 263 263 263 263 264 264 264 264 264 263 262 261 261 261 261 260 260 258 257 258 256 234 233 236 237 239 236 239 240 239 238 239 243 243 238 238 240 241 241 240 236 239
-9999 -9999 -9999 -9999 -9999 -9999 -9999 -9999 -9999 -9999 -9999 -9999 -9999 -9999 -9999 -9999 -9999 -9999 -9999 -9999 -9999 -9999 -9999 -9999 -9999 -9999 -9999 -9999 -9999 272 270 268 266 264 263 261 260 261 261 262 262 261 262 262 262 262 262 263 263 263 263 263 263 261 262 262 261 260 259 259 258 257 255 256 240 234 238 234 239 238 239 239 238 238 241 243 242 238 239 241 241 242 239 238 239
-9999 -9999 -9999 -9999 -9999 -9999 -9999 -9999 -9999 -9999 -9999 -9999 -9999 -9999 -9999 -9999 -9999 -9999 -9999 -9999 -9999 -9999 -9999 -9999 -9999 -9999 -9999 -9999 -9999 -9999 268 267 265 263 262 260 260 260 260 260 260 261 261 261 261 261 262 263 263 263 263 263 263 262 261 261 260 259 258 259 257 257 254 253 248 234 239 239 239 240 239 237 237 238 241 242 241 239 240 241 241 242 241 241 242
-9999 -9999 -9999 -9999 -9999 -9999 -9999 -9999 -9999 -9999 -9999 -9999 -9999 -9999 -9999 -9999 -9999 -9999 -9999 -9999 -9999 -9999 -9999 -9999 -9999 -9999 -9999 -9999 -9999 -9999 -9999 -9999 -9999 262 261 260 260 260 259 259 260 260 260 260 260 260 261 262 262 263 262 262 262 262 261 260 259 259 259 258 257 255 252 254 246 231 239 240 240 239 238 237 236 237 239 242 237 239 242 242 241 243 242 241 243
-9999 -9999 -9999 -9999 -9999 -9999 -9999 -9999 -9999 -9999 -9999 -9999 -9999 -9999 -9999 -9999 -9999 -9999 -9999 -9999 -9999 -9999 -9999 -9999 -9999 -9999 -9999 -9999 -9999 266 265 264 263 262 261 260 260 259 258 258 258 259 260 260 260 260 261 261 261 262 262 262 261 262 261 260 259 260 259 257 258 257 254 252 251 232 239 240 240 238 237 238 237 240 240 241 236 239 243 242 242 243 242 242 242
-9999 -9999 -9999 -9999 -9999 -9999 -9999 -9999 -9999 -9999 -9999 -9999 -9999 -9999 -9999 -9999 -9999 -9999 -9999 -9999 -9999 -9999 -9999 -9999 -9999 -9999 -9999 -9999 -9999 265 264 263 262 261 260 259 259 259 258 257 257 259 259 259 260 260 260 260 261 261 261 261 261 261 261 260 260 260 259 257 258 257 255 255 244 244 241 240 241 239 238 238 239 241 241 240 241 240 243 242 243 243 243 243 243
-9999 -9999 -9999 -9999 -9999 -9999 -9999 -9999 -9999 -9999 -9999 -9999 -9999 -9999 -9999 -9999 -9999 -9999 -9999 -9999 -9999 -9999 -9999 -9999 -9999 -9999 -9999 -9999 -9999 263 262 261 261 260 259 259 258 258 258 257 257 258 259 259 259 259 259 259 260 260 261 260 260 260 261 260 260 259 259 258 258 257 256 250 255 249 242 242 242 240 239 237 241 242 241 242 242 242 243 243 244 244 244 243 242
-9999 -9999 -9999 -9999 -9999 -9999 -9999 -9999 -9999 -9999 -9999 -9999 -9999 -9999 -9999 -9999 -9999 -9999 -9999 -9999 -9999 -9999 -9999 -9999 -9999 -9999 -9999 -9999 -9999 261 260 260 259 259 258 258 258 258 258 257 256 257 258 258 258 259 259 259 260 259 260 260 260 260 260 260 260 260 259 258 258 258 254 244 251 251 247 245 242 239 239 239 242 242 241 243 243 243 241 245 244 244 244 244 242
-9999 -9999 -9999 -9999 -9999 -9999 -9999 -9999 -9999 -9999 -9999 -9999 -9999 -9999 -9999 -9999 -9999 -9999 -9999 -9999 -9999 -9999 -9999 -9999 -9999 -9999 -9999 -9999 -9999 260 259 258 259 258 257 257 258 258 257 257 256 256 257 258 258 258 258 259 259 257 256 259 259 259 259 260 260 260 259 258 258 257 254 248 249 246 243 240 239 240 239 239 242 243 242 243 244 244 244 244 245 245 245 244 242
-9999 -9999 -9999 -9999 -9999 -9999 -9999 -9999 -9999 -9999 -9999 -9999 -9999 -9999 -9999 -9999 -9999 -9999 -9999 -9999 -9999 -9999 -9999 -9999 -9999 -9999 -9999 -9999 -9999 258 259 259 259 258 257 257 -9999 257 256 257 256 255 256 258 258 258 258 259 258 256 253 259 259 259 259 259 259 260 259 259 258 257 256 248 247 244 242 239 239 239 239 239 242 244 242 244 243 243 244 243 244 243 245 245 243
-9999 -9999 -9999 -9999 -9999 -9999 -9999 -9999 -9999 -9999 -9999 -9999 -9999 -9999 -9999 -9999 -9999 -9999 -9999 -9999 -9999 -9999 -9999 -9999 -9999 -9999 -9999 -9999 -9999 -9999 258 -9999 -9999 -9999 -9999 -9999 256 256 256 257 257 256 257 256 255 257 257 257 257 257 256 258 258 258 259 259 260 260 259 259 258 257 256 249 235 245 242 239 240 239 238 240 241 243 243 244 244 240 238 239 245 244 245 243 241
-9999 -9999 -9999 -9999 -9999 -9999 -9999 -9999 -9999 -9999 -9999 -9999 -9999 -9999 -9999 -9999 -9999 -9999 -9999 -9999 -9999 -9999 -9999 -9999 -9999 -9999 -9999 -9999 -9999 -9999 -9999 -9999 -9999 -9999 -9999 257 256 257 256 257 256 256 255 255 256 256 256 256 256 256 257 257 257 258 258 259 260 259 259 258 258 257 256 250 236 243 238 239 240 240 239 240 242 244 244 246 243 233 225 234 244 241 243 243 240
-9999 -9999 -9999 -9999 -9999 -9999 -9999 -9999 -9999 -9999 -9999 -9999 -9999 -9999 -9999 -9999 -9999 -9999 -9999 -9999 -9999 -9999 -9999 -9999 -9999 -9999 -9999 -9999 -9999 -9999 -9999 -9999 -9999 -9999 256 256 256 256 256 256 255 256 256 255 255 256 256 255 255 255 255 255 256 257 257 258 259 259 258 258 257 256 254 249 238 232 228 238 240 241 240 241 242 246 247 246 243 239 225 236 241 240 244 242 245
-9999 -9999 -9999 -9999 -9999 -9999 -9999 -9999 -9999 -9999 -9999 -9999 -9999 -9999 -9999 -9999 -9999 -9999 -9999 -9999 -9999 -9999 -9999 -9999 -9999 -9999 -9999 -9999 248 253 -9999 -9999 -9999 256 255 256 255 255 255 255 255 255 256 255 255 255 255 254 254 254 253 255 255 255 257 257 258 258 258 257 257 256 256 248 244 241 228 235 242 241 240 240 242 244 249 245 242 239 234 239 243 239 243 244 247
-9999 -9999 -9999 -9999 -9999 -9999 -9999 -9999 -9999 -9999 -9999 -9999 -9999 -9999 -9999 -9999 -9999 -9999 -9999 -9999 -9999 -9999 -9999 -9999 -9999 -9999 -9999 -9999 231 235 256 257 256 255 255 255 255 255 255 255 255 254 254 254 254 254 255 254 253 254 254 254 254 255 256 257 257 257 257 257 257 256 256 254 247 248 238 233 241 242 241 240 241 245 249 245 239 235 236 244 245 240 244 245 246
-9999 -9999 -9999 -9999 -9999 -9999 -9999 -9999 -9999 -9999 -9999 -9999 -9999 -9999 -9999 -9999 -9999 -9999 -9999 -9999 -9999 -9999 -9999 -9999 -9999 -9999 -9999 -9999 -9999 230 254 255 256 255 254 254 255 256 256 255 255 254 254 253 253 253 254 254 253 253 254 254 255 253 255 256 256 257 257 257 257 256 256 254 251 252 245 237 240 242 240 241 243 245 249 245 240 239 239 241 245 243 244 245 245
-9999 -9999 -9999 -9999 -9999 -9999 -9999 -9999 -9999 -9999 -9999 -9999 -9999 -9999 -9999 -9999 -9999 -9999 -9999 -9999 -9999 -9999 -9999 -9999 -9999 -9999 -9999 -9999 -9999 236 230 241 255 254 254 255 255 256 256 255 254 254 253 252 253 253 253 254 253 253 253 254 254 247 253 256 256 256 257 256 256 255 255 255 251 249 245 241 243 240 239 238 242 247 249 243 242 239 238 238 244 247 246 243 246
-9999 -9999 -9999 -9999 -9999 -9999 -9999 -9999 -9999 -9999 -9999 -9999 -9999 -9999 -9999 -9999 -9999 -9999 -9999 -9999 -9999 -9999 -9999 -9999 -9999 -9999 -9999 -9999 -9999 -9999 233 242 255 254 255 255 255 256 255 254 254 253 253 252 252 252 253 253 253 253 254 254 254 251 252 255 256 256 256 256 256 255 252 253 253 252 249 246 243 241 239 236 238 248 247 242 243 239 235 239 246 246 246 245 246
-9999 -9999 -9999 -9999 -9999 -9999 -9999 -9999 -9999 -9999 -9999 -9999 -9999 -9999 -9999 -9999 -9999 -9999 -9999 -9999 -9999 -9999 -9999 -9999 -9999 -9999 -9999 -9999 -9999 -9999 236 234 256 255 255 255 256 256 255 254 254 253 253 252 252 252 253 253 253 253 253 253 254 254 254 255 255 256 256 256 255 254 251 244 250 253 250 245 243 242 241 239 243 247 245 244 242 238 235 236 246 247 246 247 249
-9999 -9999 -9999 -9999 -9999 -9999 -9999 -9999 -9999 -9999 -9999 -9999 -9999 -9999 -9999 -9999 -9999 -9999 -9999 -9999 -9999 -9999 -9999 -9999 -9999 -9999 -9999 -9999 -9999 -9999 -9999 -9999 255 256 255 255 255 255 255 255 254 254 253 253 252 252 252 252 253 254 253 253 254 254 255 255 255 255 255 256 255 254 252 248 245 251 251 247 244 241 240 239 248 250 248 246 240 240 238 240 246 247 249 247 249
-9999 -9999 -9999 -9999 -9999 -9999 -9999 -9999 -9999 -9999 -9999 -9999 -9999 -9999 -9999 -9999 -9999 -9999 -9999 -9999 -9999 -9999 -9999 -9999 -9999 -9999 -9999 -9999 -9999 -9999 -9999 -9999 -9999 -9999 -9999 255 255 255 255 254 254 255 254 253 253 252 252 252 252 253 253 253 254 254 255 255 255 255 255 256 255 253 253 252 252 252 250 248 242 240 240 241 246 250 248 244 239 240 239 242 245 247 249 250 250
-9999 -9999 -9999 -9999 -9999 -9999 -9999 -9999 -9999 -9999 -9999 -9999 -9999 -9999 -9999 -9999 -9999 -9999 -9999 -9999 -9999 -9999 -9999 -9999 -9999 -9999 -9999 -9999 -9999 -9999 -9999 -9999 -9999 -9999 -9999 255 255 255 255 255 255 254 254 254 253 251 250 251 252 253 253 254 254 254 255 256 255 255 255 256 254 253 253 253 253 253 252 250 248 242 240 241 245 249 249 248 242 241 238 241 242 248 247 249 249
