data_and_outputs/predictor_data/006/bioclim_16.asc
NCOLS 1199 
NROWS 625 
XLLCORNER -17.966918 
YLLCORNER -10.0196949358429 
CELLSIZE 0.0416666688395203 
NODATA_value -9999 
[rows 342 to 379 of 625, columns 1020 to 1104 of 1199]
710 709 708 711 714 713 713 714 712 713 711 713 713 713 713 712 708 708 709 709 708 708 709 710 713 714 716 716 716 718 719 719 720 721 722 725 726 728 729 733 734 740 747 737 735 740 738 740 738 743 744 744 742 743 744 743 742 745 742 742 742 744 743 742 741 741 741 738 736 735 740 735 739 737 741 736 727 727 725 726 726 716 716 715 714
707 712 715 710 710 714 711 710 712 709 711 712 711 713 712 710 710 707 708 706 706 708 707 710 712 715 715 716 717 716 718 718 720 722 723 723 724 726 728 732 733 735 741 736 736 739 741 740 737 735 740 741 739 738 739 739 739 740 740 739 739 739 741 741 738 737 736 735 734 733 734 732 729 726 729 728 724 724 717 715 714 717 711 712 713
710 710 712 708 709 711 707 710 709 708 709 711 708 709 711 709 707 707 707 706 706 708 708 709 710 712 713 716 717 717 718 719 718 723 724 724 725 727 728 729 731 733 735 739 736 737 739 739 736 736 734 735 735 739 739 737 737 737 738 737 739 738 737 738 738 733 732 732 735 735 734 735 734 728 725 724 723 719 714 712 709 712 711 714 714
706 705 706 707 706 709 706 706 708 707 705 707 707 706 707 707 707 705 706 706 705 706 706 707 707 710 712 713 717 717 718 719 719 720 721 724 725 726 727 729 730 731 733 736 739 738 737 736 737 736 735 737 737 736 737 737 737 737 736 734 734 735 734 735 736 731 730 729 727 728 727 726 728 732 725 724 717 717 720 711 709 707 705 709 708
702 702 704 702 705 708 706 703 704 703 705 704 705 705 705 707 704 705 704 704 706 705 704 705 707 709 710 712 714 716 717 717 718 720 721 721 723 723 724 727 728 729 733 735 736 735 734 735 734 733 734 739 737 736 736 737 741 743 740 735 732 732 731 730 731 728 728 726 724 723 722 721 720 724 729 729 720 713 712 710 706 707 704 700 701
700 700 703 703 702 702 704 702 703 703 702 703 703 704 704 704 703 702 702 705 705 703 704 705 707 708 708 710 712 713 715 720 722 720 720 720 721 723 724 725 726 730 731 731 732 733 731 732 733 730 732 741 738 734 734 734 740 747 748 742 742 733 730 727 726 725 724 723 722 720 718 716 715 713 717 721 718 714 706 705 703 702 702 701 698
700 698 700 700 700 703 704 702 702 702 701 700 701 702 704 703 701 702 704 703 705 704 705 706 707 707 708 709 711 712 714 718 722 726 725 720 720 721 721 725 727 726 728 727 730 731 734 731 730 731 731 735 738 735 736 735 734 742 745 743 745 744 738 732 727 726 725 721 719 716 717 716 712 711 708 707 708 711 708 701 700 702 702 697 693
699 698 694 699 700 703 704 701 698 699 697 698 698 700 701 700 700 700 702 703 703 704 704 706 705 706 708 709 709 710 712 716 718 720 723 724 719 720 721 722 725 724 726 726 729 728 732 733 731 731 729 732 737 735 737 735 732 736 740 739 741 741 740 739 732 728 725 723 719 713 714 713 712 707 704 703 700 699 703 704 698 697 696 686 681
697 694 698 699 702 701 701 697 697 697 698 697 698 699 701 699 699 699 701 702 703 701 702 702 704 705 706 706 708 709 710 712 713 715 717 722 722 718 719 721 722 721 722 723 723 725 728 728 730 730 728 728 729 732 735 735 732 730 729 732 738 737 737 733 734 733 729 723 718 713 707 707 709 703 702 700 697 692 691 689 685 685 678 669 668
693 695 698 698 697 696 696 695 694 696 697 697 698 698 699 698 697 698 699 701 701 700 700 702 702 702 703 705 706 706 707 708 709 711 712 714 719 720 724 726 718 719 718 719 720 723 722 723 725 726 726 724 726 729 730 731 730 729 726 727 732 732 731 729 730 728 728 730 717 709 703 702 701 696 696 692 691 687 684 679 675 671 667 665 660
693 694 694 692 695 693 694 691 693 695 696 697 697 696 698 698 695 696 698 699 699 699 699 698 699 701 701 703 704 704 703 703 705 706 707 712 716 719 719 720 718 715 716 716 717 718 718 719 722 723 724 724 722 723 727 725 727 728 728 726 724 727 726 726 725 723 721 723 721 716 705 698 695 691 689 688 685 683 677 673 669 667 663 662 655
691 690 691 690 691 691 690 691 694 694 695 694 695 696 698 698 694 696 698 698 698 699 696 697 697 698 699 699 700 701 702 703 704 706 707 709 711 713 712 710 712 712 712 715 715 713 716 719 721 721 721 721 723 722 722 723 722 725 725 725 725 724 720 719 720 718 719 718 715 715 712 701 691 690 687 684 679 676 673 670 668 664 660 657 653
688 689 689 688 692 693 693 693 692 694 695 693 695 696 697 695 695 694 696 698 697 696 695 695 696 696 695 696 698 700 701 702 704 705 705 705 707 708 711 714 714 714 713 715 715 713 712 715 716 717 718 717 719 719 720 720 719 721 720 723 724 721 718 716 714 715 714 712 710 709 709 705 694 689 690 689 682 675 670 668 666 663 657 654 653
689 688 689 688 692 691 692 691 692 693 692 693 692 694 695 694 693 692 694 695 693 693 693 692 692 693 694 695 697 699 700 700 700 702 702 703 702 705 706 711 713 717 722 721 718 715 711 711 712 713 713 713 715 715 716 716 716 716 719 717 719 715 715 712 711 708 707 705 704 704 703 700 702 697 699 700 695 674 668 666 664 661 656 651 647
688 688 688 689 693 691 689 690 691 693 691 691 691 692 693 692 691 691 693 690 690 688 689 689 691 691 692 692 694 696 697 697 698 700 700 701 702 703 704 706 709 712 716 718 721 722 721 717 711 708 711 711 709 711 711 712 711 714 715 716 715 711 710 708 704 704 702 701 699 698 696 694 693 694 692 694 690 677 667 665 662 661 656 649 643
687 687 688 690 689 691 690 689 691 692 690 691 691 689 690 690 690 687 688 687 687 688 687 688 689 690 692 691 692 694 695 696 697 697 697 698 697 698 701 702 705 709 712 713 715 717 720 723 721 715 710 711 709 708 708 709 709 710 709 711 711 708 709 708 705 701 700 697 695 693 690 687 685 685 686 688 683 681 672 665 662 659 658 646 640
689 689 689 688 692 692 692 692 692 691 691 691 689 688 688 689 686 685 686 685 685 686 685 686 687 689 690 691 692 691 692 693 694 696 696 696 697 698 699 700 701 705 708 709 711 715 716 717 717 721 719 720 717 710 707 708 709 708 708 705 706 705 707 707 704 702 699 696 694 689 686 684 683 680 679 678 677 676 674 669 661 656 651 642 638
691 691 691 689 690 690 690 687 689 690 690 688 687 686 686 684 684 684 685 683 683 683 683 685 686 688 689 690 689 690 691 692 693 695 694 695 694 695 696 696 696 700 701 703 705 706 707 709 711 714 716 717 715 717 714 712 713 711 707 703 704 702 702 703 700 702 699 694 687 685 682 681 678 674 669 667 671 672 670 669 664 653 647 638 634
690 691 688 686 687 688 685 686 688 689 686 686 684 683 683 683 680 679 681 682 682 683 680 680 683 684 685 687 687 689 690 691 691 691 691 690 691 692 692 692 694 694 695 698 700 700 702 704 706 710 710 711 713 715 713 714 715 715 712 706 702 700 696 695 698 698 696 691 682 680 679 678 674 669 664 661 663 664 665 664 663 655 643 635 631
689 686 685 683 685 685 685 686 687 685 685 682 680 681 679 679 678 679 680 680 679 679 678 679 680 682 683 686 686 688 685 687 687 688 688 688 686 687 689 689 690 689 690 691 695 695 696 701 702 704 704 704 705 706 706 708 709 709 707 707 704 699 691 689 689 691 689 686 681 674 675 673 666 663 660 657 658 659 657 656 655 656 648 638 627
685 683 681 681 683 682 684 686 684 685 682 679 679 678 677 676 676 677 678 679 677 676 676 677 678 678 679 680 681 684 685 686 687 687 685 684 684 684 684 685 685 687 688 687 691 692 694 694 696 696 697 699 700 701 701 702 701 701 700 700 699 695 690 685 683 682 683 678 677 670 667 665 662 660 658 655 650 648 648 649 649 652 648 638 629
684 679 679 679 682 682 682 680 681 682 682 680 677 677 676 676 673 676 676 677 676 674 673 674 675 675 676 679 679 680 682 686 687 688 687 682 681 682 683 684 682 683 685 688 688 689 691 692 694 694 695 695 696 697 697 699 699 697 698 695 694 691 688 681 681 675 676 673 670 665 661 660 658 656 654 651 645 645 642 646 644 642 638 631 627
679 676 675 677 678 680 681 679 676 677 679 677 677 675 674 673 672 672 673 675 672 671 671 672 672 673 674 675 677 678 680 678 682 685 687 681 678 678 679 679 681 682 682 684 683 684 684 686 687 689 690 691 692 694 695 694 693 693 692 691 691 686 684 679 677 673 670 665 663 660 658 655 653 650 648 647 641 639 638 638 636 635 630 626 626
673 671 672 675 676 675 676 675 674 674 674 674 673 674 671 670 670 670 673 671 670 668 668 669 669 669 669 671 673 673 674 672 673 674 675 673 674 674 676 676 677 678 678 679 678 679 679 681 682 683 685 687 688 689 689 689 688 688 688 685 685 681 681 675 675 672 667 663 658 657 655 653 649 646 643 639 637 633 633 633 631 630 627 623 622
666 666 668 669 669 669 670 669 669 670 670 670 670 668 667 668 667 667 668 670 668 664 664 665 668 667 668 669 668 668 669 669 670 669 671 669 669 671 671 672 673 672 673 675 675 676 677 676 677 678 683 684 684 685 686 685 684 686 686 679 678 676 675 669 670 669 665 659 654 651 648 649 647 641 639 636 633 630 628 626 626 625 620 614 611
660 663 664 664 665 666 666 666 666 668 668 668 668 666 666 666 665 665 666 665 664 661 663 664 664 662 664 666 666 664 665 665 667 666 666 667 666 668 669 671 669 670 671 671 671 673 673 674 675 682 682 681 682 683 684 683 684 685 678 675 672 671 670 666 665 665 662 657 652 647 643 643 645 639 638 631 627 625 624 622 619 617 614 610 606
659 660 660 660 662 664 663 665 665 666 667 665 664 664 663 666 665 664 662 663 662 661 661 660 661 662 661 663 663 662 663 665 662 664 665 666 664 664 665 672 672 668 668 669 670 669 672 675 678 681 680 677 674 675 679 681 680 680 678 671 671 672 665 664 660 661 660 655 652 644 639 638 639 637 633 630 625 621 619 616 614 610 608 605 601
663 662 659 659 659 659 660 661 661 662 662 663 663 663 661 662 661 660 661 661 660 660 659 659 659 660 660 659 660 658 660 662 662 662 662 664 662 661 664 668 668 665 665 664 664 664 665 671 669 672 672 670 666 668 674 674 674 674 674 671 669 668 665 660 654 655 655 652 651 642 636 635 635 632 627 626 623 616 614 611 609 604 603 600 598
665 663 660 659 656 656 657 657 658 658 659 658 658 658 660 658 658 658 657 659 658 656 657 657 656 656 656 656 656 656 656 657 658 660 659 659 660 658 659 660 661 661 659 660 660 661 659 661 661 660 661 660 661 662 667 666 667 668 669 670 668 663 661 657 650 649 647 646 647 637 632 633 634 626 621 622 617 610 610 607 604 600 598 595 596
667 665 663 659 657 656 653 653 654 654 654 654 654 654 656 655 655 655 656 655 655 652 652 652 652 653 655 654 653 654 654 653 654 654 657 660 657 656 656 656 656 655 655 657 657 656 655 655 655 655 657 657 662 664 664 665 663 664 663 664 663 659 655 654 650 647 644 643 645 638 628 630 629 627 617 615 610 608 606 604 600 596 593 592 594
669 666 665 662 660 659 659 656 655 654 654 653 653 652 652 653 653 653 653 653 652 651 651 652 651 652 649 651 651 652 652 651 652 654 670 670 663 658 658 654 652 654 653 652 653 652 653 652 651 652 655 660 661 664 664 663 661 664 660 659 658 657 653 650 647 646 645 641 646 637 626 623 624 620 614 610 607 604 601 600 596 591 590 591 597
673 668 666 666 663 658 657 655 656 657 655 653 653 652 652 652 651 648 650 649 649 647 647 647 647 648 648 646 647 649 653 652 650 649 653 668 667 662 653 651 651 655 653 650 649 649 650 650 650 653 651 655 659 661 661 661 660 660 658 657 656 653 651 648 645 642 641 640 638 632 622 619 623 617 612 609 604 601 597 594 590 590 591 583 587
674 672 669 667 662 660 657 657 655 656 656 653 651 650 651 650 648 647 645 647 647 645 646 645 646 647 646 646 647 648 654 657 650 648 649 650 654 653 652 648 648 649 650 650 648 646 647 651 652 653 650 653 656 658 658 658 659 658 656 654 652 650 649 646 641 641 639 637 634 624 618 614 616 612 608 604 602 599 595 591 587 588 586 580 583
673 670 668 665 663 661 658 657 655 653 653 653 649 648 647 648 646 646 644 645 643 644 645 646 645 645 644 645 645 646 650 651 647 646 645 645 646 648 649 649 648 653 657 651 648 646 649 650 652 651 651 652 655 653 654 653 654 653 652 650 649 648 644 642 639 639 634 633 630 620 614 613 614 609 604 602 597 597 591 587 586 588 586 578 581
674 671 669 666 664 663 660 657 654 653 652 653 648 646 646 646 645 644 643 641 640 643 644 645 642 643 643 643 642 643 643 644 645 643 644 644 643 644 644 645 647 651 662 658 656 651 647 647 648 649 651 648 650 651 650 648 648 649 647 645 644 643 639 638 636 634 632 629 625 623 614 610 608 603 600 600 597 592 588 583 581 581 583 577 574
672 669 668 665 664 661 659 658 655 653 652 652 650 648 647 645 643 643 643 644 641 638 640 643 642 642 641 642 640 642 641 642 642 643 643 642 642 641 641 645 642 645 660 667 664 653 644 642 644 645 644 645 646 645 644 644 644 645 644 641 640 639 635 634 633 632 627 624 622 619 615 605 601 599 599 600 598 591 584 579 578 579 581 577 572
672 668 667 664 663 661 659 658 655 652 650 651 648 646 645 643 642 642 642 643 643 641 638 640 641 642 642 641 641 640 640 641 639 639 639 640 637 639 639 643 640 640 650 659 658 659 651 642 640 645 647 646 646 645 644 643 641 642 638 637 634 633 632 630 628 627 626 622 617 613 608 601 599 598 594 596 594 587 580 575 577 577 576 579 569
673 670 668 665 663 658 658 655 654 654 652 652 650 648 644 644 643 643 641 643 644 643 639 639 641 641 641 640 641 641 639 638 638 638 641 639 637 637 635 636 636 638 639 639 643 646 649 647 639 641 642 642 641 643 640 640 638 637 635 634 633 628 627 626 624 623 622 617 613 609 605 602 598 596 595 592 589 585 577 573 577 575 574 584 578
