data_and_outputs/predictor_data/006/bioclim_12.asc
NCOLS 1199 
NROWS 625 
XLLCORNER -17.966918 
YLLCORNER -10.0196949358429 
CELLSIZE 0.0416666688395203 
NODATA_value -9999 
[rows 252 to 287 of 625, columns 972 to 1052 of 1199]
1782 1775 1805 1812 1811 1808 1817 1825 1821 1815 1814 1808 1811 1814 1809 1813 1815 1813 1808 1817 1824 1826 1833 1837 1843 1850 1844 1842 1840 1844 1842 1837 1839 1840 1837 1831 1822 1824 1821 1812 1799 1801 1798 1802 1797 1798 1794 1789 1777 1770 1764 1753 1750 1744 1728 1713 1708 1709 1702 1684 1682 1681 1677 1673 1668 1648 1640 1636 1634 1634 1622 1619 1611 1611 1610 1611 1616 1602 1595 1587 1592
1770 1777 1801 1800 1803 1796 1806 1806 1808 1809 1806 1812 1808 1808 1809 1812 1818 1819 1813 1819 1826 1834 1835 1843 1850 1852 1847 1847 1845 1844 1849 1845 1845 1847 1846 1837 1831 1824 1826 1818 1808 1803 1804 1803 1798 1802 1800 1792 1782 1779 1766 1751 1749 1747 1736 1725 1709 1708 1695 1695 1692 1684 1682 1673 1676 1655 1638 1637 1631 1631 1621 1617 1611 1607 1611 1618 1610 1600 1593 1599 1595
1764 1777 1793 1796 1786 1790 1796 1798 1801 1807 1809 1813 1814 1815 1815 1810 1818 1813 1815 1824 1826 1834 1840 1844 1845 1849 1854 1853 1852 1846 1849 1847 1851 1850 1847 1844 1838 1834 1826 1822 1813 1811 1820 1814 1810 1805 1802 1788 1784 1775 1767 1749 1754 1749 1739 1735 1715 1700 1697 1694 1689 1688 1688 1682 1670 1650 1638 1639 1633 1628 1620 1614 1609 1606 1612 1619 1607 1598 1599 1602 1608
1761 1769 1774 1782 1786 1787 1790 1799 1805 1804 1808 1814 1816 1817 1816 1816 1815 1810 1823 1826 1832 1835 1837 1844 1852 1852 1859 1857 1854 1852 1850 1852 1857 1857 1852 1848 1847 1838 1829 1821 1816 1820 1814 1815 1814 1804 1796 1793 1787 1778 1762 1750 1756 1757 1743 1719 1707 1700 1697 1694 1686 1683 1690 1685 1674 1660 1643 1640 1632 1625 1617 1614 1608 1606 1613 1619 1604 1598 1605 1612 1598
1753 1764 1773 1780 1785 1788 1792 1802 1805 1802 1804 1811 1813 1813 1816 1816 1808 1818 1827 1831 1831 1837 1841 1844 1850 1855 1857 1857 1859 1858 1855 1859 1859 1857 1854 1850 1845 1838 1825 1827 1827 1825 1819 1818 1815 1810 1797 1794 1789 1778 1763 1753 1761 1755 1739 1718 1714 1714 1709 1705 1695 1681 1674 1673 1673 1658 1644 1636 1632 1620 1617 1614 1611 1608 1612 1610 1603 1600 1609 1607 1603
1756 1760 1771 1775 1783 1785 1793 1798 1803 1805 1804 1808 1811 1812 1814 1815 1810 1818 1823 1828 1833 1835 1840 1845 1853 1855 1855 1859 1860 1864 1860 1861 1861 1861 1858 1855 1848 1841 1832 1835 1836 1837 1828 1827 1816 1808 1800 1799 1792 1774 1760 1767 1755 1745 1729 1724 1718 1714 1713 1709 1704 1696 1680 1666 1665 1665 1649 1636 1630 1625 1619 1615 1616 1610 1607 1606 1607 1603 1608 1611 1603
1756 1759 1770 1774 1778 1784 1793 1795 1798 1802 1802 1808 1807 1812 1813 1812 1812 1820 1823 1828 1834 1838 1844 1851 1857 1861 1856 1863 1869 1867 1870 1865 1865 1865 1866 1858 1852 1840 1846 1848 1845 1840 1834 1827 1815 1806 1801 1805 1789 1768 1761 1755 1750 1746 1741 1739 1732 1714 1712 1708 1706 1703 1693 1672 1662 1653 1645 1640 1634 1632 1628 1622 1622 1618 1622 1613 1607 1601 1606 1604 1607
1752 1758 1764 1773 1780 1788 1793 1795 1796 1799 1800 1806 1810 1808 1804 1806 1811 1822 1827 1827 1834 1840 1848 1850 1858 1858 1861 1862 1868 1876 1876 1875 1865 1871 1868 1865 1854 1846 1849 1849 1847 1842 1834 1825 1822 1807 1806 1807 1786 1770 1771 1767 1756 1748 1739 1729 1729 1717 1715 1717 1701 1700 1696 1677 1662 1649 1642 1648 1642 1638 1633 1632 1631 1629 1626 1624 1614 1607 1603 1602 1603
1755 1759 1763 1771 1782 1786 1794 1793 1795 1798 1802 1803 1807 1800 1804 1810 1815 1819 1825 1831 1832 1842 1846 1849 1859 1863 1864 1867 1866 1877 1883 1877 1877 1876 1874 1870 1856 1854 1855 1855 1855 1844 1840 1825 1817 1809 1811 1803 1781 1780 1779 1775 1761 1754 1743 1733 1727 1716 1710 1704 1697 1695 1683 1673 1660 1655 1644 1644 1641 1641 1637 1634 1633 1634 1641 1630 1619 1614 1610 1606 1599
1753 1759 1763 1768 1779 1786 1793 1796 1798 1802 1798 1799 1801 1801 1810 1812 1812 1819 1827 1831 1835 1846 1845 1848 1854 1860 1865 1870 1874 1876 1880 1885 1879 1879 1879 1867 1866 1865 1864 1862 1849 1840 1838 1831 1819 1814 1813 1799 1781 1784 1777 1773 1761 1757 1739 1731 1721 1716 1707 1701 1701 1686 1683 1677 1668 1661 1650 1640 1636 1638 1637 1630 1630 1634 1642 1638 1626 1620 1621 1613 1614
1757 1758 1766 1768 1778 1785 1793 1798 1796 1797 1794 1795 1806 1810 1810 1812 1818 1818 1818 1828 1836 1837 1845 1846 1853 1861 1866 1868 1872 1877 1886 1888 1887 1891 1877 1870 1877 1870 1866 1860 1850 1842 1835 1824 1810 1811 1797 1791 1789 1786 1772 1767 1761 1756 1742 1729 1730 1718 1712 1699 1690 1680 1679 1679 1670 1662 1651 1642 1637 1634 1631 1630 1639 1644 1637 1634 1628 1623 1630 1622 1629
1753 1759 1768 1767 1781 1784 1791 1797 1796 1796 1796 1804 1807 1809 1812 1814 1816 1822 1820 1829 1837 1843 1847 1849 1849 1854 1865 1866 1874 1883 1890 1892 1901 1891 1880 1884 1885 1877 1872 1861 1848 1840 1833 1819 1815 1808 1806 1794 1785 1781 1773 1769 1757 1749 1740 1736 1723 1720 1708 1696 1689 1685 1685 1672 1667 1660 1650 1642 1636 1633 1637 1629 1636 1639 1634 1637 1633 1629 1636 1635 1632
1757 1759 1764 1767 1776 1780 1791 1795 1795 1790 1799 1803 1807 1808 1810 1814 1816 1820 1821 1827 1833 1838 1844 1844 1846 1848 1859 1862 1874 1883 1889 1901 1904 1886 1888 1887 1883 1879 1875 1858 1849 1838 1832 1826 1816 1818 1812 1803 1792 1778 1775 1769 1756 1756 1737 1731 1720 1722 1707 1700 1689 1678 1669 1664 1660 1655 1652 1647 1642 1636 1641 1638 1629 1637 1631 1633 1633 1633 1633 1630 1629
1754 1763 1767 1771 1772 1785 1787 1792 1792 1793 1800 1802 1806 1806 1806 1807 1812 1815 1823 1822 1823 1834 1841 1842 1844 1850 1849 1861 1875 1883 1896 1903 1903 1899 1895 1890 1882 1876 1863 1858 1843 1833 1836 1828 1825 1822 1807 1808 1796 1786 1762 1764 1758 1750 1740 1727 1713 1704 1699 1693 1685 1675 1678 1672 1665 1661 1658 1652 1646 1638 1641 1644 1634 1633 1633 1633 1637 1632 1630 1626 1627
1750 1764 1768 1774 1773 1783 1790 1792 1789 1799 1800 1801 1800 1801 1802 1808 1811 1815 1820 1818 1821 1831 1836 1839 1841 1850 1847 1862 1870 1880 1886 1897 1900 1899 1894 1890 1880 1869 1860 1848 1840 1837 1842 1831 1827 1821 1809 1808 1798 1782 1773 1761 1756 1747 1729 1722 1717 1709 1707 1694 1683 1679 1678 1674 1671 1666 1660 1658 1652 1645 1640 1648 1640 1633 1638 1637 1632 1632 1632 1625 1631
1747 1754 1763 1771 1775 1780 1792 1792 1792 1799 1798 1796 1797 1804 1803 1805 1806 1813 1813 1813 1814 1817 1823 1828 1832 1838 1842 1851 1863 1871 1879 1884 1893 1893 1888 1881 1868 1861 1854 1850 1847 1841 1838 1831 1826 1816 1808 1802 1795 1783 1774 1753 1743 1742 1734 1730 1722 1713 1708 1703 1693 1681 1678 1676 1675 1664 1664 1660 1653 1650 1648 1648 1646 1633 1635 1639 1638 1639 1632 1632 1636
1744 1753 1763 1771 1775 1778 1788 1792 1798 1795 1791 1794 1797 1795 1798 1805 1807 1804 1806 1811 1813 1811 1812 1819 1824 1826 1838 1845 1855 1861 1863 1872 1873 1881 1868 1870 1869 1865 1857 1852 1847 1843 1832 1825 1821 1809 1809 1802 1795 1781 1761 1754 1750 1747 1740 1729 1722 1714 1712 1702 1697 1690 1681 1673 1668 1662 1661 1659 1655 1647 1648 1652 1647 1644 1638 1635 1636 1630 1630 1634 1629
1742 1750 1758 1767 1772 1779 1785 1792 1791 1790 1787 1791 1795 1794 1794 1799 1802 1805 1803 1804 1806 1809 1806 1815 1820 1817 1829 1836 1839 1846 1852 1862 1870 1865 1863 1867 1862 1859 1850 1850 1844 1836 1832 1829 1818 1811 1806 1798 1783 1774 1766 1759 1749 1743 1740 1732 1724 1715 1711 1705 1700 1691 1687 1678 1673 1671 1668 1663 1655 1650 1645 1645 1649 1649 1647 1639 1637 1641 1642 1641 1638
1742 1750 1757 1763 1770 1782 1792 1796 1790 1792 1791 1784 1789 1793 1795 1797 1798 1797 1800 1796 1795 1803 1800 1807 1813 1807 1814 1821 1836 1844 1851 1859 1860 1863 1864 1860 1855 1850 1846 1845 1841 1833 1826 1821 1813 1808 1800 1795 1781 1777 1768 1761 1752 1741 1740 1734 1725 1720 1713 1704 1700 1694 1690 1683 1674 1673 1671 1670 1662 1656 1651 1643 1647 1655 1653 1647 1642 1641 1642 1647 1646
1739 1748 1752 1756 1767 1774 1782 1788 1789 1793 1789 1789 1781 1781 1783 1778 1790 1794 1789 1782 1787 1792 1792 1794 1793 1800 1807 1820 1834 1836 1843 1852 1852 1855 1856 1854 1851 1848 1845 1840 1832 1830 1822 1816 1806 1801 1797 1790 1783 1779 1769 1761 1755 1746 1737 1733 1726 1722 1715 1704 1700 1699 1693 1686 1678 1671 1671 1672 1666 1659 1656 1650 1647 1647 1652 1652 1650 1651 1640 1641 1639
1743 1747 1754 1757 1764 1766 1780 1785 1788 1789 1792 1790 1784 1787 1788 1780 1776 1776 1777 1778 1788 1780 1777 1785 1789 1805 1809 1817 1827 1835 1836 1842 1845 1845 1847 1849 1845 1837 1832 1821 1814 1811 1810 1803 1803 1797 1797 1788 1781 1775 1770 1761 1756 1748 1736 1730 1726 1724 1720 1710 1704 1703 1697 1688 1683 1676 1676 1673 1666 1663 1657 1655 1655 1649 1649 1654 1656 1654 1651 1644 1646
1740 1744 1750 1758 1755 1770 1780 1784 1788 1785 1787 1785 1784 1783 1782 1775 1770 1773 1785 1784 1789 1776 1780 1785 1790 1799 1807 1815 1823 1829 1833 1832 1837 1839 1838 1840 1830 1816 1813 1807 1807 1805 1805 1803 1802 1799 1795 1790 1779 1773 1768 1758 1754 1743 1739 1728 1728 1726 1721 1712 1707 1704 1701 1694 1688 1679 1675 1674 1671 1662 1663 1658 1658 1657 1652 1649 1657 1659 1657 1653 1648
1734 1743 1750 1753 1756 1767 1776 1778 1779 1780 1781 1782 1779 1779 1776 1774 1782 1773 1769 1772 1773 1773 1781 1777 1782 1789 1800 1813 1814 1824 1828 1829 1831 1828 1825 1818 1815 1814 1808 1809 1809 1811 1806 1798 1797 1794 1789 1787 1780 1771 1765 1757 1753 1746 1739 1728 1726 1721 1718 1710 1706 1705 1700 1699 1691 1683 1678 1676 1675 1666 1664 1659 1663 1662 1657 1656 1652 1655 1662 1661 1655
1732 1741 1748 1750 1753 1762 1764 1771 1770 1776 1778 1777 1778 1782 1784 1783 1783 1778 1779 1780 1778 1772 1775 1780 1783 1788 1793 1806 1808 1816 1819 1824 1822 1818 1814 1813 1808 1808 1810 1813 1809 1806 1801 1798 1795 1791 1787 1783 1778 1771 1764 1757 1751 1748 1740 1735 1722 1719 1715 1710 1708 1703 1698 1696 1694 1688 1682 1679 1677 1672 1670 1664 1664 1667 1660 1665 1661 1658 1658 1661 1664
1734 1735 1743 1744 1753 1760 1764 1765 1770 1778 1779 1782 1784 1788 1785 1786 1778 1774 1774 1778 1775 1771 1773 1776 1781 1786 1791 1797 1800 1805 1811 1808 1811 1805 1805 1806 1802 1806 1805 1807 1802 1800 1799 1796 1792 1788 1782 1778 1773 1765 1761 1756 1752 1747 1738 1732 1725 1723 1716 1708 1704 1699 1702 1699 1694 1691 1687 1683 1677 1674 1674 1672 1669 1669 1665 1669 1666 1665 1664 1665 1665
1729 1727 1733 1735 1748 1752 1756 1759 1765 1772 1777 1776 1778 1775 1778 1775 1774 1773 1774 1774 1777 1775 1772 1775 1781 1780 1780 1790 1794 1797 1803 1800 1805 1802 1799 1796 1802 1798 1798 1797 1794 1793 1791 1792 1787 1780 1780 1775 1770 1765 1758 1753 1749 1746 1738 1733 1724 1720 1719 1712 1704 1703 1701 1700 1696 1693 1690 1686 1680 1676 1674 1675 1674 1674 1670 1673 1669 1670 1668 1672 1668
1730 1723 1737 1742 1748 1751 1753 1763 1765 1770 1769 1769 1766 1768 1766 1770 1769 1772 1771 1770 1774 1772 1777 1780 1781 1775 1776 1784 1786 1790 1797 1795 1789 1786 1787 1789 1795 1795 1794 1791 1790 1788 1788 1785 1781 1772 1772 1771 1763 1760 1755 1752 1747 1744 1737 1729 1726 1718 1718 1712 1706 1701 1698 1698 1696 1693 1690 1686 1679 1675 1673 1671 1673 1674 1673 1676 1675 1672 1672 1672 1674
1726 1717 1736 1742 1744 1746 1751 1757 1760 1764 1761 1760 1759 1761 1759 1760 1762 1763 1768 1768 1768 1768 1773 1779 1777 1771 1772 1779 1787 1785 1786 1777 1779 1785 1788 1789 1790 1790 1790 1787 1785 1783 1782 1777 1774 1769 1765 1762 1761 1752 1751 1748 1745 1738 1733 1729 1722 1719 1715 1713 1706 1703 1702 1701 1696 1690 1684 1681 1680 1675 1675 1671 1670 1674 1676 1677 1675 1675 1673 1672 1669
1720 1710 1725 1736 1735 1740 1745 1752 1753 1752 1755 1752 1752 1755 1754 1757 1767 1760 1760 1759 1758 1764 1769 1771 1770 1768 1771 1775 1781 1778 1771 1776 1778 1777 1779 1782 1782 1781 1778 1778 1777 1773 1771 1769 1764 1761 1756 1755 1758 1756 1747 1745 1740 1735 1730 1725 1721 1721 1710 1708 1704 1701 1705 1698 1698 1690 1683 1682 1680 1676 1669 1673 1673 1674 1676 1677 1677 1674 1675 1672 1670
1706 1715 1720 1727 1732 1738 1743 1744 1746 1746 1751 1748 1751 1751 1749 1750 1757 1754 1754 1758 1760 1765 1770 1766 1767 1769 1766 1767 1770 1769 1775 1776 1779 1781 1778 1772 1773 1772 1774 1771 1769 1768 1766 1767 1758 1755 1759 1758 1751 1746 1740 1737 1733 1731 1726 1722 1722 1717 1711 1708 1704 1699 1697 1696 1690 1689 1681 1685 1676 1669 1673 1672 1672 1677 1677 1676 1678 1675 1676 1673 1672
1708 1711 1718 1724 1729 1738 1734 1739 1740 1740 1744 1743 1744 1747 1745 1746 1748 1747 1751 1752 1752 1756 1760 1763 1772 1764 1760 1765 1773 1771 1774 1777 1775 1776 1774 1771 1769 1769 1766 1762 1765 1761 1759 1756 1754 1752 1753 1754 1748 1742 1737 1734 1733 1730 1726 1723 1720 1714 1709 1701 1700 1696 1697 1695 1689 1687 1680 1679 1674 1675 1671 1673 1675 1679 1678 1676 1676 1677 1672 1672 1671
1703 1710 1714 1714 1716 1717 1721 1730 1734 1734 1739 1738 1742 1742 1746 1747 1748 1750 1749 1748 1751 1750 1756 1757 1760 1753 1758 1765 1770 1771 1769 1771 1771 1773 1769 1767 1767 1769 1764 1760 1759 1759 1756 1755 1754 1749 1747 1749 1748 1741 1737 1733 1731 1728 1724 1717 1715 1712 1703 1697 1698 1698 1694 1691 1687 1684 1682 1674 1674 1672 1669 1673 1676 1681 1681 1677 1680 1680 1676 1674 1672
1699 1703 1706 1710 1715 1716 1719 1721 1725 1730 1735 1738 1741 1740 1748 1746 1748 1748 1753 1750 1752 1757 1759 1758 1763 1757 1758 1762 1763 1762 1761 1767 1766 1768 1763 1766 1764 1768 1764 1757 1756 1756 1755 1751 1751 1749 1745 1745 1742 1739 1737 1732 1728 1725 1719 1713 1713 1713 1704 1699 1694 1691 1692 1689 1686 1680 1679 1681 1676 1674 1674 1674 1674 1679 1681 1678 1676 1679 1678 1678 1676
1704 1706 1709 1712 1719 1720 1721 1724 1724 1732 1733 1735 1736 1737 1740 1743 1745 1748 1751 1748 1754 1757 1757 1757 1754 1752 1751 1753 1752 1761 1762 1757 1759 1757 1759 1763 1760 1766 1757 1756 1756 1751 1748 1747 1745 1739 1738 1737 1734 1733 1731 1729 1723 1719 1713 1713 1710 1705 1701 1692 1690 1689 1685 1682 1679 1676 1681 1682 1679 1676 1676 1677 1679 1680 1681 1679 1677 1677 1680 1680 1675
1702 1705 1711 1713 1719 1720 1726 1730 1733 1732 1734 1736 1737 1742 1740 1742 1743 1745 1747 1751 1754 1756 1749 1753 1751 1749 1744 1748 1754 1748 1748 1747 1749 1751 1756 1754 1758 1761 1758 1753 1747 1742 1741 1738 1740 1736 1732 1735 1730 1726 1726 1722 1720 1716 1709 1712 1708 1704 1694 1695 1692 1693 1692 1686 1684 1685 1679 1678 1679 1675 1675 1675 1679 1680 1681 1678 1679 1677 1679 1678 1678
1699 1704 1710 1714 1718 1723 1723 1727 1732 1734 1735 1734 1736 1741 1742 1746 1748 1747 1745 1748 1749 1752 1751 1749 1751 1750 1747 1748 1750 1754 1752 1749 1744 1747 1752 1749 1753 1747 1744 1743 1739 1734 1734 1734 1731 1727 1727 1726 1723 1724 1719 1715 1717 1711 1709 1704 1702 1703 1695 1696 1695 1696 1695 1694 1688 1690 1686 1684 1684 1679 1679 1680 1681 1679 1679 1680 1680 1677 1675 1675 1682
