data_and_outputs/predictor_data/006/bioclim_16.asc
NCOLS 1199 
NROWS 625 
XLLCORNER -17.966918 
YLLCORNER -10.0196949358429 
CELLSIZE 0.0416666688395203 
NODATA_value -9999 
[rows 152 to 189 of 625, columns 1020 to 1104 of 1199]
826 822 818 815 813 812 809 809 809 808 804 801 799 798 800 799 796 794 790 788 783 779 779 774 771 769 771 766 765 765 765 760 757 756 756 756 751 751 751 748 744 744 742 739 739 736 733 732 729 729 727 726 726 726 723 721 721 720 718 718 717 717 717 717 715 714 714 715 715 715 715 715 715 714 711 712 712 712 712 711 712 712 713 712 714
829 824 820 818 818 816 816 813 815 813 810 806 805 803 805 805 804 803 800 794 790 786 783 778 777 780 778 774 771 769 769 765 765 762 762 760 756 756 756 756 751 748 748 747 744 742 739 738 736 733 733 732 730 730 729 726 726 726 726 723 723 723 721 721 721 720 720 720 718 720 720 720 719 720 719 717 718 718 717 717 717 718 718 718 717
831 825 823 821 821 821 820 818 818 818 814 810 810 810 808 808 808 806 804 801 805 798 787 783 784 801 787 780 778 777 774 774 769 769 769 766 763 765 765 760 756 756 756 751 748 748 744 744 742 739 739 737 736 736 733 732 732 730 730 730 729 727 727 727 727 725 724 724 724 724 724 724 724 723 723 723 721 722 721 720 721 721 722 721 722
832 828 827 826 826 824 825 824 823 822 819 816 814 816 817 812 811 812 810 811 819 804 792 799 798 792 787 786 783 783 783 780 778 775 775 771 769 769 769 766 763 762 760 759 756 753 751 750 748 745 744 744 741 739 739 737 736 736 736 735 733 732 732 730 730 730 730 730 729 729 728 729 730 729 728 727 729 725 726 725 724 726 725 725 724
835 835 832 832 832 831 829 829 830 827 825 823 819 820 822 822 817 817 813 809 807 803 796 802 798 796 792 792 792 792 789 785 784 784 780 780 775 775 775 771 771 769 766 765 760 759 759 757 756 753 750 748 748 745 744 743 744 741 741 739 739 736 736 736 736 734 735 733 733 733 735 733 733 732 732 732 732 733 730 731 730 730 731 730 730
841 840 836 835 836 836 833 833 836 834 829 825 824 827 824 824 823 819 819 816 809 804 800 800 800 800 798 797 796 796 794 791 791 787 785 782 777 778 778 778 773 773 769 769 764 764 764 763 760 757 753 752 751 749 748 747 746 746 743 742 741 742 740 739 739 738 739 737 736 736 736 736 737 736 733 734 734 734 733 732 731 733 732 733 732
843 839 836 835 835 836 835 833 835 831 830 825 823 825 826 826 822 816 813 811 808 803 802 801 801 802 799 799 798 798 795 793 790 787 784 781 779 780 780 780 775 772 768 768 763 763 763 763 759 756 754 754 752 750 748 747 747 744 743 742 741 741 740 738 738 736 737 737 735 737 735 735 735 734 734 734 734 733 731 731 731 731 732 731 731
842 838 833 833 837 835 835 835 833 832 830 824 825 833 827 825 819 815 814 811 808 805 802 802 803 802 801 801 797 796 793 789 787 786 783 782 781 778 778 777 773 770 769 766 766 763 763 762 758 757 757 753 753 749 748 747 745 744 744 741 741 739 738 737 736 736 735 735 735 733 733 734 733 732 731 732 733 732 731 730 730 730 731 730 730
840 836 835 835 837 837 837 836 834 832 829 823 825 828 829 825 823 817 816 814 810 807 804 802 804 805 802 802 800 797 793 790 789 786 785 785 781 782 781 779 776 771 771 767 767 765 764 763 761 758 758 755 753 750 748 748 745 744 744 742 739 739 739 738 736 736 736 737 733 733 733 733 733 732 731 730 731 732 731 730 730 731 731 731 730
848 842 843 841 841 847 842 842 839 837 833 829 828 829 832 831 827 820 820 819 816 813 809 810 811 809 807 805 804 801 799 796 794 792 790 790 785 786 786 785 781 778 774 773 773 769 769 770 766 765 761 761 757 757 752 750 748 748 747 743 743 743 742 739 739 737 738 738 736 736 734 735 736 735 734 735 734 733 734 733 732 733 734 733 733
851 848 850 847 847 856 847 846 844 841 838 833 829 833 835 832 828 824 826 825 821 817 815 815 815 811 809 806 803 802 800 800 799 796 795 791 791 791 792 790 786 782 778 776 776 774 771 770 770 768 765 762 761 758 756 753 752 750 748 745 744 745 744 741 740 740 741 739 738 737 737 736 736 735 735 735 735 736 734 734 733 735 734 734 733
851 852 854 851 848 849 851 847 842 842 837 833 830 834 837 833 830 828 828 829 825 818 819 818 817 813 808 807 805 802 799 798 796 795 793 791 791 790 789 787 784 782 781 780 777 772 771 770 769 767 765 762 761 758 755 752 751 750 747 746 745 742 742 741 738 737 738 737 735 735 735 735 735 734 733 732 734 734 734 733 732 732 733 732 733
851 855 855 851 848 846 850 846 840 839 836 834 830 833 838 835 832 830 831 829 825 823 818 815 814 811 808 805 804 801 799 796 793 794 792 789 789 788 785 785 783 780 779 778 775 773 769 768 765 765 762 760 758 757 753 752 749 748 746 745 741 742 741 738 737 736 736 734 733 731 733 733 733 732 731 731 731 732 731 732 732 731 730 731 730
853 854 854 850 850 848 850 845 839 841 838 835 833 836 839 839 834 832 831 827 823 822 817 813 812 812 811 807 806 802 802 798 797 798 793 790 788 789 786 786 784 780 778 778 776 773 773 769 766 765 761 760 756 756 754 751 750 748 746 746 741 742 738 738 737 735 733 733 733 733 731 732 732 732 731 729 731 731 731 731 732 731 730 729 730
862 866 862 859 857 857 853 848 845 848 847 841 837 839 841 844 842 837 831 832 826 824 820 816 815 815 814 816 812 809 809 806 802 801 796 796 791 792 791 792 787 787 785 781 779 776 774 772 771 768 766 763 762 759 757 754 753 752 749 749 744 743 742 739 739 738 738 735 735 734 734 735 735 734 733 734 733 734 733 734 733 734 732 732 733
864 874 872 864 863 862 859 851 850 853 850 845 840 843 845 843 839 837 831 830 827 822 821 819 815 814 812 814 815 811 813 809 805 802 801 796 795 792 792 792 790 789 787 785 782 778 775 772 773 769 768 766 765 763 758 756 753 754 751 751 748 744 743 741 739 736 737 736 735 735 735 735 734 734 733 733 735 733 734 733 734 733 733 733 733
863 873 874 866 866 863 858 851 848 853 851 847 840 841 844 840 835 834 830 826 825 820 820 816 814 811 809 814 813 809 808 808 804 804 800 797 795 793 789 789 788 787 784 783 780 776 774 775 772 770 766 767 765 761 759 754 753 754 749 749 747 743 740 739 735 735 733 734 732 732 732 732 732 731 730 732 732 732 731 732 731 733 731 731 731
864 868 877 868 865 861 857 852 851 854 854 845 844 842 845 843 836 829 827 828 823 819 816 815 812 813 810 808 810 806 806 805 801 802 802 799 796 793 791 787 786 782 782 781 778 775 773 774 774 770 765 765 766 761 757 752 751 752 752 747 745 741 739 737 733 731 732 731 727 727 728 729 729 728 729 728 730 729 729 729 730 732 729 729 728
870 869 869 870 868 868 861 854 853 858 855 848 850 845 846 841 836 834 832 832 828 821 818 819 817 817 812 810 809 806 806 803 801 802 802 801 797 795 795 791 786 784 782 780 780 778 778 778 778 774 767 765 766 762 757 755 751 752 752 747 745 744 742 738 734 731 729 729 728 727 727 728 726 727 728 729 729 730 728 729 730 731 729 730 729
875 872 875 879 878 874 865 861 862 865 863 859 858 856 852 849 846 841 838 840 832 827 825 823 824 822 819 817 814 813 810 809 805 805 805 803 800 797 794 793 790 790 789 787 787 783 782 782 778 774 772 772 769 764 764 760 756 755 755 751 751 747 746 742 736 732 732 731 729 729 729 731 729 729 729 730 732 732 731 732 732 734 732 731 732
883 877 878 885 884 877 870 866 864 865 861 859 857 854 852 853 857 846 840 841 836 829 825 825 828 825 820 817 818 818 815 812 806 804 804 802 801 797 796 793 794 792 791 788 787 787 785 782 778 775 774 774 770 767 762 759 757 754 756 755 751 747 746 742 736 733 730 729 726 726 727 728 728 728 729 730 732 730 731 730 732 732 731 731 732
890 885 879 878 881 876 869 862 860 860 860 856 857 853 849 851 851 845 841 838 835 827 820 820 822 820 817 816 816 816 815 809 806 804 800 799 797 797 797 793 793 792 793 791 786 786 782 778 778 778 775 772 771 767 763 757 754 753 752 750 748 745 741 737 733 731 728 726 724 724 724 724 724 726 726 727 727 729 729 729 729 728 729 730 728
891 884 879 876 875 875 868 863 858 857 857 853 855 853 847 851 848 844 838 835 830 826 820 818 821 816 813 812 810 814 812 808 806 804 802 799 798 799 795 793 792 792 792 792 788 783 781 780 780 776 771 768 768 764 758 756 754 751 750 748 746 743 739 737 733 730 726 724 720 719 722 722 722 725 724 725 726 727 726 727 727 726 727 725 726
899 888 879 875 875 874 873 865 861 860 857 854 855 853 850 847 844 843 840 835 829 822 821 820 817 817 815 815 811 814 810 807 807 805 802 802 803 799 797 795 792 793 793 794 790 785 784 782 782 778 774 769 768 764 760 758 756 755 751 749 749 746 741 738 734 731 730 726 722 721 721 723 723 725 723 725 725 727 726 725 727 726 727 726 726
903 898 884 878 876 873 874 870 868 865 859 855 856 854 855 851 847 844 842 840 835 832 831 826 825 824 821 821 816 814 812 810 809 808 810 807 804 803 803 799 799 797 796 798 795 789 788 788 786 784 780 776 772 771 764 762 762 757 753 753 751 749 745 742 739 736 731 730 727 727 725 726 727 725 727 727 729 728 727 728 728 729 728 726 727
907 894 884 880 876 871 871 868 865 863 861 857 854 853 851 847 844 842 841 841 838 835 832 830 832 832 825 824 820 816 814 812 812 811 810 807 805 807 804 800 800 801 799 798 794 792 792 788 784 780 780 776 775 768 762 762 762 757 753 752 749 748 745 741 739 735 731 728 727 726 726 726 725 724 725 725 727 727 728 726 727 727 726 726 727
895 881 876 873 872 869 865 862 864 863 860 856 850 848 848 848 845 842 844 841 841 837 834 831 832 830 828 822 818 816 810 812 815 810 812 807 805 805 805 801 798 798 800 797 796 792 790 787 783 779 774 772 769 765 761 761 760 756 755 750 747 745 741 737 735 733 730 726 726 726 724 725 724 723 722 723 723 722 723 723 723 723 724 723 721
882 876 871 869 866 867 861 858 861 860 857 852 849 848 849 849 845 846 844 842 843 838 835 830 828 826 824 820 818 814 813 814 813 811 812 808 802 804 804 802 801 801 799 799 795 795 791 787 783 778 774 768 769 765 761 760 759 755 754 750 748 744 741 737 735 729 730 726 726 726 724 725 723 720 721 721 720 722 721 720 721 722 720 720 720
879 874 871 868 867 867 865 862 859 859 856 853 854 853 853 854 851 848 848 846 843 839 835 834 827 828 823 820 817 818 817 819 819 816 813 810 806 808 808 807 808 808 804 804 800 793 791 787 786 780 775 771 771 767 766 762 762 758 753 755 751 747 743 741 735 732 731 729 730 730 728 725 723 723 723 722 723 722 720 722 720 721 722 720 720
880 877 872 871 869 868 866 864 862 861 863 862 861 861 859 860 863 852 849 847 844 843 836 836 832 829 825 823 827 825 824 825 823 823 819 815 812 814 815 814 814 814 811 809 802 798 794 791 788 783 780 780 777 772 770 770 766 761 761 761 756 750 746 743 740 737 736 735 732 734 732 729 727 728 726 725 724 724 722 724 724 723 724 722 721
881 878 877 875 874 872 871 870 867 869 868 868 866 868 865 869 865 856 854 852 847 845 841 838 836 833 830 830 832 834 833 831 829 829 825 820 816 820 820 818 821 819 815 810 809 806 802 794 789 786 787 786 784 777 774 774 770 765 761 764 757 752 749 747 744 740 740 740 738 736 733 731 731 732 730 728 728 727 726 724 724 723 724 724 723
886 883 884 880 878 877 877 873 870 873 874 873 870 868 867 866 862 856 855 852 849 846 842 839 839 837 836 836 839 840 837 836 836 831 827 825 823 822 824 825 825 821 816 813 809 805 805 802 794 790 791 794 788 783 779 778 774 769 765 765 760 758 753 749 747 745 743 744 741 738 734 732 733 734 733 731 729 726 726 726 725 725 725 725 723
893 892 889 885 885 883 879 878 876 877 879 874 871 870 868 865 863 859 857 855 852 848 847 846 843 844 844 842 845 843 843 844 843 839 832 832 830 827 829 831 830 826 821 817 813 811 805 801 796 795 796 797 794 787 784 781 778 774 769 768 766 762 758 753 753 750 747 747 743 739 738 736 734 738 734 734 731 730 730 729 729 726 726 725 724
898 898 896 893 890 887 888 883 882 883 883 879 876 875 873 872 869 866 862 864 860 857 855 853 849 850 852 851 851 849 849 850 846 843 840 841 839 835 835 836 832 828 827 821 815 815 811 804 801 801 800 798 798 792 792 789 782 777 775 772 772 767 763 759 757 755 751 751 747 744 742 740 736 739 737 735 734 734 735 732 729 730 728 727 727
906 904 900 898 897 893 894 886 889 889 887 884 878 880 879 876 870 868 866 870 866 864 861 858 856 854 854 856 857 856 854 856 855 852 850 848 846 841 841 839 835 833 829 827 821 817 813 810 807 805 805 807 803 799 796 792 787 782 780 776 775 771 767 765 762 758 753 750 747 749 746 744 740 741 742 738 738 738 737 733 731 731 729 729 727
911 907 907 904 904 900 896 894 893 890 887 885 886 883 882 878 876 873 873 874 872 869 865 861 861 859 859 860 861 859 861 861 862 858 857 853 849 845 846 846 842 838 831 829 825 821 817 813 812 809 808 808 809 805 800 792 788 787 785 781 776 772 771 767 764 760 759 754 750 747 747 746 742 742 742 742 742 739 738 735 731 731 730 730 727
915 908 909 906 907 905 902 900 898 893 892 890 888 886 885 882 876 876 877 878 874 870 865 865 866 865 864 866 865 863 864 867 865 863 858 855 850 851 852 850 846 841 835 831 827 822 822 820 817 814 812 811 811 806 801 795 791 792 790 783 780 772 769 767 766 764 764 757 753 749 748 746 743 742 744 744 743 740 737 735 735 732 730 729 728
913 913 908 906 907 906 904 903 901 900 897 895 892 887 885 882 881 882 880 880 880 875 871 873 873 873 873 870 869 871 869 868 867 864 862 859 855 857 857 852 848 845 840 836 830 826 826 826 822 816 816 816 815 809 803 797 797 796 793 785 780 776 772 768 765 765 764 759 755 752 748 746 748 746 745 747 744 740 737 736 735 732 731 730 728
