data_and_outputs/predictor_data/006/bioclim_04.asc
NCOLS 1199 
NROWS 625 
XLLCORNER -17.966918 
YLLCORNER -10.0196949358429 
CELLSIZE 0.0416666688395203 
NODATA_value -9999 
[rows 160 to 199 of 625, columns 630 to 719 of 1199]
175 176 176 179 179 180 180 181 182 177 168 171 171 172 173 175 175 177 180 180 182 183 187 188 191 193 194 194 195 197 198 201 202 206 207 209 211 213 214 214 216 220 222 222 224 224 226 230 231 234 233 236 240 241 241 240 241 242 242 242 242 242 242 240 244 240 244 242 243 245 244 242 244 246 246 245 244 246 244 244 244 245 245 246 243 245 242 243 242 245
174 174 176 178 176 177 177 177 177 173 168 167 170 170 170 175 174 177 178 178 182 185 187 188 191 191 192 193 193 195 195 198 200 201 204 205 207 211 211 215 215 217 219 221 223 221 224 229 228 231 231 234 236 236 239 239 239 237 239 239 238 237 237 240 239 240 241 242 241 240 244 242 244 244 242 242 242 242 242 240 242 242 241 241 241 242 241 242 244 241
173 173 174 174 176 175 177 177 177 170 166 167 169 172 172 173 175 176 179 178 179 184 184 188 190 189 191 193 193 191 193 197 199 201 200 204 207 208 210 211 212 215 215 218 218 220 223 224 225 226 229 233 234 234 236 235 234 236 236 236 236 236 237 239 237 238 237 238 239 238 238 238 238 238 239 240 239 240 240 240 239 239 237 237 238 238 238 239 240 240
172 172 174 176 174 174 176 176 174 168 167 167 169 171 172 173 174 176 178 179 180 182 185 186 186 189 189 188 190 191 193 195 196 200 200 201 202 208 208 207 208 213 214 215 215 217 219 221 223 224 228 228 231 231 231 232 231 233 232 233 232 234 234 234 234 235 234 235 236 236 236 236 236 236 236 236 234 235 235 237 237 236 237 234 234 234 236 237 237 237
172 172 172 173 175 174 177 174 173 168 165 169 169 169 172 175 176 176 177 178 180 180 183 184 188 188 188 189 188 190 190 192 194 195 194 197 201 203 205 206 208 209 211 212 212 216 218 217 221 221 222 224 225 228 226 228 228 228 230 228 230 228 228 231 231 229 233 231 231 231 232 232 232 232 232 232 232 232 232 232 232 232 231 233 232 231 231 231 232 234
172 171 171 172 173 174 174 174 174 173 175 171 169 170 174 174 173 177 177 178 179 180 182 183 185 185 186 187 186 187 187 190 191 192 192 195 199 200 202 204 204 207 208 209 212 212 213 215 216 218 218 221 223 224 224 223 224 223 225 224 225 228 228 226 228 227 227 227 228 229 228 230 227 229 229 227 229 228 229 227 227 227 228 227 226 226 230 230 230 229
171 169 170 172 172 172 175 174 173 174 175 170 169 170 171 171 173 175 179 178 178 179 180 182 182 186 182 184 184 187 186 188 189 194 192 195 195 199 200 200 203 204 206 207 207 207 212 212 213 215 217 218 220 221 221 222 222 222 222 224 222 224 225 224 225 227 225 225 225 226 226 226 227 227 225 226 225 226 224 223 223 225 222 225 225 222 226 226 229 228
167 169 170 169 172 173 174 173 174 174 175 174 172 172 173 175 172 176 179 178 175 179 179 180 182 181 182 182 184 183 184 186 186 190 191 192 195 195 197 198 201 201 204 204 205 207 209 211 211 212 215 215 217 218 218 217 218 221 221 220 221 221 222 223 221 222 223 223 223 223 222 223 223 224 223 221 221 222 223 221 219 221 220 222 223 223 223 223 224 226
167 167 167 170 170 172 172 173 173 174 175 177 176 173 174 173 173 173 178 178 177 176 176 180 179 181 181 180 182 182 183 186 186 188 187 189 191 192 196 195 196 199 201 202 203 203 204 208 208 209 211 212 213 214 216 216 215 215 217 216 216 218 216 218 218 218 219 218 220 218 218 219 219 217 217 217 214 217 218 218 218 216 217 218 220 222 222 221 222 222
167 167 169 169 169 172 171 172 174 174 174 175 175 177 177 173 174 177 177 176 177 176 175 176 178 178 178 179 180 179 179 183 184 186 186 187 190 191 193 193 196 195 197 200 200 201 204 202 203 205 206 207 211 211 211 212 211 211 211 211 213 211 214 215 215 215 215 215 216 216 215 214 215 215 215 215 213 214 216 215 215 215 212 215 215 215 216 219 219 219
164 165 167 167 167 172 171 173 172 172 173 173 174 176 174 173 174 174 175 174 176 176 175 175 175 176 176 175 178 177 179 179 182 183 185 185 187 190 192 189 191 194 195 196 196 200 200 201 203 203 204 206 207 207 207 208 208 208 211 210 211 211 212 212 212 212 212 213 212 212 212 212 213 213 214 212 210 212 212 214 210 210 211 210 214 213 216 217 216 216
165 165 166 165 168 170 170 173 173 170 174 173 173 172 172 173 174 173 171 175 173 172 173 174 174 175 174 175 175 175 177 179 180 182 182 183 184 186 187 189 191 192 193 193 196 196 197 200 201 201 202 203 204 203 204 207 207 208 208 208 207 207 207 209 211 209 208 209 211 209 209 211 211 211 212 211 209 208 207 209 210 209 209 213 212 213 214 214 214 214
163 165 164 164 165 169 168 170 170 170 171 170 173 170 172 170 170 173 173 172 171 171 172 174 172 173 173 174 172 175 176 176 178 179 180 182 184 182 185 187 189 189 190 191 193 192 195 197 197 198 198 199 200 202 203 203 203 204 207 202 203 206 206 207 207 207 206 206 208 207 207 208 206 207 210 206 209 205 203 202 205 206 207 208 209 211 209 211 211 213
163 162 158 163 164 166 166 168 169 168 169 170 170 170 170 170 170 171 171 171 172 172 171 169 172 171 170 171 171 173 174 175 176 176 179 179 181 181 184 184 184 186 187 189 189 190 191 193 193 193 197 198 199 198 199 199 200 200 199 201 202 202 204 202 202 203 204 204 205 205 204 204 205 204 205 205 204 203 197 198 202 203 200 200 204 206 206 208 208 208
162 161 160 161 163 165 165 166 167 167 166 168 167 168 169 168 168 169 169 168 169 170 170 171 170 169 169 170 171 172 171 173 175 176 177 178 177 179 180 181 181 184 184 185 187 186 188 192 190 193 190 193 195 195 194 195 196 197 197 197 197 197 199 199 199 200 199 199 199 200 199 202 202 201 199 201 201 199 199 196 198 196 199 192 199 201 201 204 202 206
161 162 160 161 163 162 163 165 166 166 168 167 167 168 168 168 168 167 167 167 167 169 170 167 168 168 168 168 170 171 171 173 173 175 174 176 176 180 180 179 181 181 182 183 184 185 187 188 189 189 192 190 192 194 192 194 194 193 194 196 196 196 194 196 196 195 198 196 196 196 196 198 197 198 196 193 194 193 190 194 195 189 190 191 198 198 198 202 203 204
161 161 161 161 161 161 163 164 162 164 164 165 166 167 166 165 167 167 167 168 166 168 167 168 167 167 167 166 169 169 170 170 172 173 173 173 175 176 177 178 179 178 181 181 184 182 185 185 186 186 189 190 190 190 192 191 191 191 192 192 193 192 192 194 194 195 194 196 194 194 194 196 195 196 197 195 189 190 188 182 187 188 186 188 195 195 196 200 201 201
158 159 160 161 161 161 161 161 164 161 164 164 164 163 166 164 166 164 165 164 164 165 164 167 166 165 166 166 167 168 167 168 169 171 171 171 172 173 175 175 176 177 180 177 180 181 181 182 183 185 185 185 186 186 186 188 188 188 190 189 188 189 189 190 191 192 192 192 191 190 192 192 193 193 192 193 189 188 185 184 181 179 180 185 190 191 194 195 193 196
157 159 158 158 159 158 157 161 161 161 160 162 163 162 162 163 162 164 163 164 165 164 164 164 164 164 166 166 167 167 167 168 168 170 170 172 172 172 172 174 175 175 177 178 178 177 178 180 180 180 182 184 185 185 184 184 187 187 185 184 187 184 186 186 187 187 187 189 187 189 189 190 190 189 189 189 188 188 188 185 179 177 176 176 188 188 188 189 190 194
157 157 158 158 158 158 157 158 159 159 159 161 162 161 162 162 163 163 162 163 163 163 164 164 164 165 165 165 165 164 165 165 167 167 167 168 170 169 172 170 172 173 174 175 175 175 175 177 178 177 179 179 179 180 180 180 181 182 180 181 183 183 183 183 183 183 185 184 184 184 185 184 186 187 188 188 186 185 186 185 180 178 180 174 176 184 188 189 188 192
157 156 156 156 155 156 156 157 158 157 160 159 160 161 161 160 162 162 161 163 162 160 162 162 163 163 163 163 163 162 164 165 167 165 168 167 168 169 170 170 171 170 173 173 173 173 173 175 174 176 177 178 176 179 177 179 179 179 177 179 180 179 181 180 180 181 181 181 183 182 181 185 183 185 185 184 185 186 184 183 182 179 181 181 173 175 185 188 189 187
154 154 155 156 155 153 155 155 157 156 157 157 157 158 160 160 160 159 161 162 160 162 160 163 163 161 161 163 161 161 161 165 164 166 164 166 168 167 168 168 170 168 169 171 171 171 173 173 174 174 173 174 174 176 176 175 175 177 176 177 177 177 179 179 177 179 179 178 180 180 180 181 181 183 182 183 183 183 182 182 182 182 181 180 175 169 180 186 186 186
152 154 152 154 153 152 152 155 154 155 155 157 157 158 157 159 159 159 159 162 160 160 160 160 160 160 162 161 161 161 161 162 162 163 164 164 166 165 166 166 166 167 167 168 169 170 172 173 172 170 171 172 172 174 174 174 174 174 175 173 174 175 175 177 175 177 177 175 177 174 174 178 179 180 179 179 181 180 180 181 183 176 175 169 169 169 177 181 181 185
153 151 152 153 152 153 154 154 155 156 154 155 155 157 156 156 159 159 157 157 157 158 158 159 159 160 160 160 161 161 160 161 162 161 163 163 165 166 165 165 166 167 166 168 168 167 168 169 169 167 169 170 170 172 172 170 172 172 169 170 173 172 173 173 173 174 174 175 174 172 174 175 175 174 175 177 177 177 177 180 179 173 166 163 166 174 175 175 179 181
153 152 151 154 154 152 152 153 154 154 156 156 153 155 156 156 156 156 156 156 158 156 159 159 160 160 159 157 161 158 158 160 161 161 163 161 163 164 165 166 166 166 166 166 167 166 166 168 166 166 166 168 169 170 169 169 169 168 169 170 172 173 172 170 172 171 173 170 168 166 172 175 175 173 175 175 174 175 175 175 175 176 173 173 172 176 174 168 170 174
152 151 151 150 151 152 151 152 153 152 155 153 154 155 154 153 155 154 155 156 156 156 156 156 159 157 157 159 158 158 160 159 161 160 159 161 162 162 163 163 163 163 163 164 164 164 166 163 163 167 164 168 165 166 167 167 168 166 168 169 168 169 169 169 169 170 170 170 172 168 170 173 173 171 171 173 171 173 168 169 174 172 177 177 174 168 169 166 174 178
150 148 151 150 151 151 151 152 152 153 153 154 153 154 154 154 154 154 154 153 154 155 155 154 157 157 157 158 157 157 156 158 159 159 160 161 161 161 162 161 160 163 162 163 163 162 162 162 163 164 163 164 164 165 165 165 164 167 165 167 166 166 167 169 166 169 167 168 167 169 169 172 170 171 171 171 169 169 168 166 163 165 163 166 170 169 165 165 170 173
149 149 151 149 151 150 152 152 150 152 153 153 152 153 153 153 153 153 154 154 154 153 153 153 155 155 155 156 156 157 156 156 159 160 160 160 159 160 158 158 159 161 161 160 160 161 161 162 160 161 162 161 161 163 164 162 163 164 164 163 164 164 165 165 164 164 166 166 166 166 167 167 167 169 168 168 168 168 168 162 161 159 163 159 160 160 161 165 172 174
148 146 148 151 151 151 150 152 152 151 152 152 153 152 151 151 152 152 154 153 153 153 153 153 155 153 157 154 155 155 156 158 157 156 158 160 159 157 157 158 159 158 159 159 159 158 159 159 159 159 161 160 159 162 160 160 162 160 162 162 163 162 162 162 162 163 164 163 162 163 164 163 164 167 164 167 165 167 166 164 164 164 159 162 161 159 161 166 169 172
147 146 150 150 149 151 151 151 151 152 152 152 153 151 151 151 150 152 152 152 152 152 153 151 152 152 155 155 153 153 154 156 155 157 157 157 155 157 156 156 158 157 158 156 158 158 156 159 158 159 159 157 157 158 158 160 160 160 160 160 160 160 158 160 162 160 162 161 160 159 161 159 161 163 164 162 158 160 161 159 164 159 154 159 161 159 161 166 169 170
145 147 149 148 149 149 149 152 150 150 151 151 151 151 150 152 152 150 149 150 153 151 150 151 153 153 152 153 152 154 153 155 153 155 154 154 155 155 155 154 154 154 154 155 156 157 158 155 156 156 156 156 156 155 155 158 157 157 157 157 157 157 158 161 160 158 159 159 160 158 158 159 159 159 159 159 159 161 162 164 162 157 156 157 158 158 158 162 167 168
146 148 150 151 150 148 148 151 151 150 150 150 150 151 148 151 151 149 150 151 150 149 149 150 149 149 152 151 149 151 151 153 152 154 151 152 152 153 152 153 153 153 152 154 155 153 153 154 155 152 155 152 154 154 155 155 156 156 156 156 156 155 156 155 156 156 158 158 157 157 156 156 154 156 158 157 159 157 159 159 156 159 159 160 160 159 156 157 161 164
146 146 148 151 151 151 150 150 151 150 151 150 151 148 151 152 149 149 148 149 150 148 149 149 149 150 150 152 150 150 150 151 150 151 151 151 151 152 151 149 153 152 151 151 151 153 151 151 153 152 153 152 152 154 151 152 152 152 153 154 154 154 153 153 153 153 154 155 155 153 153 148 147 151 155 155 154 156 156 152 155 155 156 157 158 158 156 155 161 162
147 148 149 149 150 149 149 151 151 151 150 148 147 147 149 147 148 146 147 148 150 146 149 149 149 148 147 149 148 147 148 148 148 148 148 149 148 151 148 149 150 149 150 150 148 150 149 150 150 150 151 152 148 150 148 150 150 150 149 151 151 152 152 152 152 152 153 153 151 151 152 151 151 151 152 154 156 156 155 155 155 155 155 155 157 157 156 154 158 161
148 147 147 149 148 149 148 150 150 150 150 148 148 147 147 149 147 149 147 147 147 147 147 148 146 147 149 147 147 147 147 148 148 147 148 148 148 146 147 148 149 149 149 148 148 148 148 148 148 148 148 148 148 149 147 147 147 148 148 147 147 148 151 150 150 150 149 150 151 151 151 145 148 148 149 150 152 151 151 151 152 154 154 155 155 155 156 155 156 157
147 146 149 147 150 150 149 148 148 150 150 148 148 149 148 148 148 147 147 147 146 145 145 146 147 144 145 146 145 145 145 145 146 145 146 145 146 145 148 146 146 146 147 146 146 145 145 145 146 146 146 146 147 145 145 146 146 145 147 145 147 147 147 148 148 148 149 147 148 148 147 150 147 149 152 150 149 152 151 152 148 151 154 152 152 152 151 149 151 154
146 146 147 150 147 149 149 149 149 150 148 148 148 148 148 147 146 146 147 145 147 142 143 143 143 143 145 145 144 143 143 144 143 145 143 145 145 146 143 145 146 143 146 144 145 144 144 142 145 143 143 143 145 144 145 143 145 142 140 144 145 144 145 145 146 145 145 147 145 148 147 146 146 147 146 149 148 149 146 145 150 150 150 148 148 150 149 144 147 149
146 147 148 147 149 150 149 148 149 148 149 147 147 148 146 146 144 146 144 142 145 144 142 142 141 141 141 143 143 141 141 142 142 143 142 142 143 142 140 143 143 143 142 141 141 141 142 142 141 141 143 140 142 143 142 143 141 138 134 138 142 142 143 142 137 143 142 142 142 143 145 143 145 146 146 146 146 146 146 142 146 148 149 146 143 143 145 145 144 145
145 144 146 147 147 150 149 148 148 148 147 146 147 145 146 144 143 143 142 143 142 141 142 140 140 140 143 140 140 141 141 141 141 142 140 140 140 140 140 140 141 139 140 140 138 138 140 139 141 139 139 140 140 140 141 139 139 135 129 134 135 135 140 139 140 140 142 138 137 138 138 141 141 137 138 143 144 144 143 144 144 143 146 146 143 144 142 142 143 146
145 145 146 146 147 148 148 149 148 147 147 145 145 145 144 145 144 143 142 140 141 140 140 140 138 141 141 138 139 139 138 138 138 138 138 139 139 140 138 137 137 139 138 138 138 138 138 138 137 137 137 139 140 137 136 131 135 137 128 129 126 129 136 136 139 139 139 136 131 134 133 138 138 134 134 138 141 141 140 140 140 139 143 145 142 144 144 144 144 144
