data_and_outputs/predictor_data/006/bioclim_12.asc
NCOLS 1199 
NROWS 625 
XLLCORNER -17.966918 
YLLCORNER -10.0196949358429 
CELLSIZE 0.0416666688395203 
NODATA_value -9999 
[rows 180 to 215 of 625, columns 810 to 890 of 1199]
1416 1406 1400 1391 1385 1380 1382 1392 1400 1401 1402 1404 1410 1406 1401 1395 1390 1390 1389 1392 1396 1400 1402 1403 1406 1403 1402 1398 1399 1403 1402 1400 1396 1395 1396 1388 1379 1375 1372 1373 1377 1381 1385 1389 1394 1400 1403 1408 1416 1420 1425 1427 1432 1434 1441 1446 1446 1451 1458 1463 1467 1469 1471 1477 1479 1480 1481 1481 1481 1483 1483 1482 1481 1483 1485 1489 1487 1489 1491 1495 1498
1428 1423 1416 1403 1394 1395 1397 1406 1416 1418 1421 1422 1420 1415 1412 1407 1400 1398 1400 1402 1405 1405 1406 1405 1408 1406 1404 1404 1406 1410 1412 1413 1414 1410 1411 1402 1394 1388 1388 1391 1394 1396 1398 1402 1409 1414 1418 1420 1428 1432 1435 1438 1440 1446 1450 1455 1457 1462 1466 1470 1472 1475 1480 1483 1486 1489 1488 1488 1485 1488 1488 1486 1487 1487 1491 1494 1491 1497 1499 1500 1503
1441 1433 1424 1417 1414 1412 1413 1421 1432 1435 1432 1427 1427 1422 1418 1412 1409 1407 1408 1409 1411 1410 1408 1408 1408 1406 1408 1406 1409 1417 1420 1428 1428 1426 1419 1411 1404 1400 1401 1405 1408 1408 1412 1417 1421 1427 1430 1437 1440 1442 1447 1449 1452 1457 1463 1465 1466 1470 1474 1481 1482 1483 1485 1491 1494 1496 1495 1492 1490 1493 1490 1490 1493 1494 1495 1494 1498 1503 1504 1504 1508
1459 1446 1437 1435 1433 1430 1428 1436 1442 1440 1435 1431 1425 1424 1421 1418 1412 1414 1414 1415 1414 1416 1411 1410 1408 1410 1411 1406 1413 1419 1430 1437 1436 1435 1428 1421 1415 1413 1415 1419 1420 1419 1423 1429 1436 1443 1444 1449 1449 1455 1456 1461 1463 1470 1473 1476 1477 1479 1483 1486 1489 1495 1496 1498 1501 1503 1500 1501 1501 1499 1496 1496 1493 1498 1499 1503 1504 1508 1510 1515 1514
1470 1461 1455 1455 1450 1449 1450 1460 1458 1447 1443 1440 1440 1434 1434 1428 1427 1423 1421 1421 1421 1420 1417 1412 1410 1415 1409 1406 1413 1421 1433 1438 1439 1439 1434 1428 1423 1422 1425 1427 1431 1433 1438 1442 1449 1454 1458 1460 1465 1466 1469 1472 1474 1478 1482 1483 1486 1490 1495 1497 1499 1499 1505 1506 1512 1510 1509 1508 1507 1508 1503 1501 1500 1503 1506 1511 1512 1513 1517 1522 1522
1484 1479 1472 1472 1473 1466 1469 1476 1471 1464 1466 1460 1452 1448 1446 1441 1439 1432 1430 1428 1429 1429 1424 1418 1422 1420 1409 1406 1416 1425 1433 1438 1441 1439 1437 1435 1433 1433 1432 1438 1440 1443 1448 1452 1461 1468 1474 1475 1477 1481 1482 1482 1487 1488 1493 1495 1495 1499 1504 1505 1510 1510 1510 1518 1519 1518 1519 1516 1517 1513 1514 1511 1512 1514 1514 1518 1522 1521 1524 1528 1531
1506 1497 1492 1489 1487 1482 1483 1490 1493 1490 1485 1477 1463 1461 1459 1454 1449 1442 1440 1438 1438 1436 1430 1426 1424 1420 1416 1411 1423 1435 1440 1442 1441 1443 1441 1444 1441 1441 1445 1448 1452 1452 1457 1464 1471 1480 1482 1485 1487 1489 1492 1490 1495 1499 1501 1502 1507 1510 1513 1516 1517 1520 1522 1523 1529 1527 1525 1524 1523 1523 1520 1522 1521 1525 1526 1529 1527 1530 1533 1535 1538
1521 1511 1506 1504 1503 1498 1497 1502 1515 1508 1502 1483 1475 1473 1472 1466 1461 1454 1449 1449 1445 1442 1437 1436 1435 1429 1429 1432 1446 1452 1455 1449 1446 1445 1446 1452 1450 1448 1450 1453 1459 1461 1465 1473 1479 1485 1488 1493 1498 1500 1503 1502 1506 1509 1514 1513 1517 1519 1522 1526 1527 1528 1533 1536 1538 1537 1533 1533 1533 1534 1531 1531 1533 1534 1536 1538 1536 1538 1540 1544 1545
1532 1525 1519 1518 1513 1511 1512 1516 1525 1514 1502 1494 1486 1485 1483 1477 1468 1462 1459 1457 1453 1450 1450 1450 1451 1447 1447 1443 1453 1456 1455 1450 1450 1452 1455 1456 1455 1456 1458 1463 1465 1469 1473 1481 1486 1493 1494 1500 1506 1508 1511 1511 1513 1516 1524 1523 1526 1529 1533 1535 1537 1538 1539 1548 1548 1547 1547 1547 1545 1543 1543 1541 1543 1543 1542 1545 1543 1547 1548 1552 1554
1544 1538 1530 1525 1520 1514 1522 1530 1538 1532 1528 1516 1505 1499 1492 1482 1472 1469 1467 1464 1463 1460 1457 1458 1460 1462 1454 1448 1453 1457 1455 1452 1453 1456 1461 1463 1464 1464 1466 1469 1474 1474 1480 1486 1493 1500 1503 1508 1513 1516 1520 1522 1524 1527 1533 1533 1535 1537 1544 1546 1547 1547 1550 1554 1557 1554 1558 1555 1555 1554 1552 1552 1552 1552 1554 1553 1554 1556 1555 1560 1563
1553 1547 1538 1530 1523 1524 1532 1542 1546 1536 1532 1520 1509 1502 1499 1489 1485 1484 1478 1475 1474 1471 1469 1472 1475 1473 1466 1460 1459 1460 1463 1462 1461 1466 1470 1474 1474 1472 1477 1480 1482 1483 1489 1497 1502 1507 1510 1514 1522 1525 1529 1529 1533 1537 1541 1544 1545 1549 1553 1554 1555 1556 1562 1564 1566 1566 1565 1563 1563 1563 1563 1560 1561 1561 1561 1560 1564 1564 1565 1569 1570
1556 1549 1541 1533 1526 1529 1532 1537 1532 1521 1515 1506 1499 1497 1494 1495 1494 1496 1486 1484 1484 1485 1487 1478 1483 1485 1481 1477 1476 1472 1473 1475 1474 1478 1478 1484 1482 1480 1487 1489 1493 1495 1500 1507 1513 1516 1516 1522 1531 1534 1539 1540 1544 1548 1550 1553 1553 1559 1564 1566 1566 1565 1570 1574 1576 1576 1577 1574 1576 1572 1570 1573 1571 1572 1569 1571 1572 1573 1571 1576 1576
1555 1545 1538 1534 1526 1519 1519 1518 1514 1507 1505 1498 1495 1492 1489 1493 1489 1497 1496 1493 1493 1498 1499 1490 1493 1494 1495 1491 1485 1482 1485 1485 1486 1489 1487 1491 1491 1492 1496 1500 1502 1500 1505 1512 1523 1523 1526 1530 1537 1544 1545 1548 1551 1558 1562 1564 1564 1567 1572 1576 1579 1579 1581 1586 1587 1587 1583 1584 1586 1584 1582 1582 1584 1580 1579 1583 1582 1581 1583 1584 1586
1547 1542 1534 1529 1523 1517 1512 1505 1500 1496 1496 1490 1487 1485 1484 1488 1489 1492 1497 1501 1505 1514 1510 1507 1499 1502 1504 1500 1495 1494 1497 1498 1497 1496 1495 1500 1500 1500 1507 1507 1510 1512 1517 1521 1527 1531 1532 1542 1547 1551 1554 1559 1562 1567 1571 1571 1576 1580 1582 1587 1587 1588 1591 1595 1599 1598 1596 1595 1597 1596 1594 1592 1591 1590 1591 1591 1590 1590 1591 1593 1593
1545 1540 1530 1524 1515 1507 1501 1495 1494 1490 1488 1483 1479 1481 1479 1480 1488 1490 1498 1506 1519 1520 1518 1516 1512 1510 1510 1506 1508 1508 1512 1507 1501 1501 1507 1509 1512 1511 1513 1518 1522 1522 1524 1531 1535 1540 1543 1549 1555 1562 1565 1567 1571 1577 1582 1583 1586 1590 1595 1600 1598 1602 1604 1606 1609 1610 1606 1605 1606 1605 1602 1603 1599 1602 1602 1601 1599 1599 1603 1602 1600
1542 1534 1525 1517 1508 1498 1489 1490 1487 1482 1479 1480 1479 1477 1477 1478 1486 1490 1500 1511 1529 1531 1525 1524 1523 1521 1518 1513 1515 1519 1517 1516 1513 1515 1518 1519 1519 1517 1521 1522 1527 1527 1534 1541 1545 1550 1551 1557 1565 1571 1574 1579 1582 1586 1589 1591 1597 1602 1607 1612 1610 1611 1616 1619 1620 1622 1620 1617 1615 1612 1613 1612 1610 1609 1613 1611 1607 1609 1611 1609 1612
1539 1532 1521 1513 1504 1495 1481 1478 1480 1478 1481 1479 1474 1468 1469 1475 1480 1485 1496 1511 1523 1528 1528 1527 1524 1521 1523 1513 1518 1518 1520 1521 1520 1522 1524 1526 1524 1522 1527 1532 1537 1539 1542 1549 1555 1558 1563 1566 1574 1581 1585 1584 1591 1597 1602 1604 1607 1615 1621 1622 1621 1621 1623 1627 1632 1632 1629 1628 1626 1625 1622 1623 1618 1622 1619 1619 1615 1620 1620 1624 1621
1533 1526 1520 1515 1508 1493 1481 1477 1478 1476 1476 1470 1465 1467 1462 1466 1474 1484 1494 1505 1517 1523 1528 1525 1524 1525 1519 1517 1517 1520 1522 1522 1522 1525 1528 1528 1529 1533 1537 1543 1547 1550 1552 1556 1562 1569 1570 1572 1585 1590 1594 1595 1602 1608 1614 1617 1621 1624 1628 1634 1635 1634 1637 1640 1644 1644 1641 1639 1635 1634 1632 1632 1630 1630 1631 1628 1626 1633 1630 1633 1628
1531 1523 1519 1525 1505 1492 1482 1475 1475 1474 1466 1465 1466 1462 1457 1462 1471 1483 1492 1503 1512 1520 1525 1529 1530 1529 1531 1525 1526 1526 1527 1527 1528 1530 1534 1534 1541 1542 1546 1550 1555 1555 1560 1566 1575 1579 1580 1583 1592 1599 1603 1609 1615 1619 1624 1627 1631 1635 1639 1642 1642 1643 1647 1649 1651 1652 1651 1651 1647 1645 1645 1644 1639 1642 1644 1640 1635 1635 1636 1639 1635
1529 1524 1523 1514 1501 1490 1479 1477 1476 1472 1470 1468 1465 1461 1461 1467 1473 1482 1489 1501 1510 1518 1523 1529 1531 1534 1535 1529 1529 1532 1535 1537 1535 1534 1541 1548 1547 1550 1554 1558 1563 1567 1571 1575 1582 1586 1591 1592 1598 1607 1613 1617 1626 1630 1636 1639 1640 1644 1648 1653 1654 1652 1654 1660 1664 1664 1662 1658 1657 1654 1653 1648 1648 1651 1651 1648 1641 1641 1644 1647 1643
1537 1546 1547 1512 1502 1494 1486 1483 1480 1476 1474 1470 1468 1466 1467 1470 1476 1482 1491 1501 1514 1520 1523 1524 1529 1531 1533 1531 1534 1536 1538 1539 1540 1543 1551 1557 1555 1558 1561 1569 1571 1574 1579 1586 1593 1597 1599 1603 1610 1618 1622 1629 1633 1642 1648 1650 1649 1654 1660 1664 1665 1665 1669 1672 1673 1671 1675 1667 1667 1663 1663 1660 1659 1661 1658 1655 1651 1651 1650 1653 1655
1539 1535 1528 1522 1510 1497 1488 1487 1478 1474 1469 1469 1467 1468 1469 1473 1480 1485 1492 1502 1512 1521 1522 1523 1528 1532 1534 1532 1534 1540 1542 1549 1546 1554 1556 1563 1560 1563 1572 1577 1582 1582 1589 1595 1599 1605 1609 1610 1619 1631 1633 1636 1643 1650 1657 1661 1664 1668 1673 1674 1674 1674 1679 1682 1682 1683 1680 1680 1677 1674 1672 1672 1669 1667 1663 1664 1660 1660 1658 1662 1663
1530 1542 1556 1536 1507 1494 1486 1480 1476 1473 1471 1469 1471 1471 1471 1473 1478 1484 1494 1504 1513 1518 1522 1524 1527 1534 1534 1535 1541 1545 1552 1549 1554 1560 1564 1568 1571 1574 1579 1586 1590 1594 1596 1602 1610 1617 1614 1619 1631 1638 1642 1645 1654 1662 1667 1672 1672 1677 1685 1686 1688 1687 1691 1693 1694 1693 1691 1688 1685 1683 1681 1683 1679 1679 1673 1671 1670 1669 1666 1667 1666
1554 1555 1530 1529 1507 1493 1484 1483 1476 1473 1474 1474 1472 1473 1474 1477 1480 1485 1496 1505 1514 1519 1519 1522 1530 1533 1536 1540 1545 1552 1554 1557 1560 1567 1572 1574 1579 1583 1593 1596 1600 1600 1607 1611 1618 1623 1621 1629 1638 1648 1651 1656 1661 1671 1679 1680 1683 1689 1694 1698 1700 1700 1703 1706 1707 1704 1703 1698 1694 1693 1690 1688 1687 1682 1685 1679 1675 1676 1673 1677 1677
1549 1535 1539 1530 1502 1491 1490 1482 1479 1477 1479 1475 1478 1479 1476 1480 1485 1489 1497 1505 1517 1519 1520 1523 1531 1538 1542 1544 1550 1557 1562 1562 1568 1571 1576 1585 1589 1595 1602 1604 1607 1609 1611 1620 1623 1630 1633 1636 1643 1655 1659 1659 1671 1679 1687 1691 1690 1695 1704 1709 1707 1711 1712 1715 1716 1714 1712 1714 1710 1699 1698 1696 1694 1694 1692 1686 1682 1682 1685 1683 1684
1579 1576 1563 1545 1521 1506 1492 1484 1479 1484 1482 1477 1481 1483 1481 1485 1487 1492 1500 1509 1511 1521 1523 1529 1532 1542 1549 1548 1554 1561 1568 1570 1572 1579 1587 1596 1599 1604 1603 1608 1611 1613 1615 1626 1633 1637 1640 1648 1655 1664 1673 1672 1674 1683 1691 1696 1698 1704 1709 1715 1718 1717 1723 1721 1723 1722 1719 1717 1710 1707 1704 1700 1697 1695 1691 1691 1686 1687 1685 1689 1690
1580 1581 1579 1554 1535 1513 1493 1489 1485 1488 1485 1480 1480 1483 1485 1490 1489 1499 1501 1508 1518 1522 1526 1532 1538 1541 1550 1551 1559 1567 1571 1572 1577 1585 1596 1601 1607 1603 1605 1612 1618 1618 1623 1630 1634 1641 1646 1653 1660 1670 1676 1677 1682 1690 1698 1703 1708 1716 1716 1721 1724 1724 1725 1725 1727 1721 1719 1716 1713 1708 1703 1704 1699 1695 1694 1693 1690 1688 1686 1688 1690
1586 1589 1566 1549 1538 1518 1498 1494 1492 1492 1486 1483 1486 1487 1490 1491 1495 1500 1507 1510 1522 1525 1531 1533 1536 1544 1550 1556 1562 1571 1575 1577 1586 1598 1603 1608 1611 1610 1614 1617 1620 1621 1630 1635 1642 1648 1651 1660 1668 1680 1680 1683 1689 1695 1704 1710 1722 1726 1727 1726 1726 1726 1729 1732 1729 1723 1723 1719 1715 1710 1706 1705 1701 1697 1694 1694 1690 1686 1692 1687 1689
1597 1571 1555 1545 1538 1526 1514 1508 1497 1500 1491 1490 1490 1488 1496 1499 1503 1505 1515 1516 1526 1530 1532 1534 1539 1550 1553 1558 1564 1575 1580 1587 1597 1600 1606 1613 1615 1619 1617 1622 1624 1628 1636 1637 1644 1653 1656 1663 1674 1682 1685 1691 1696 1703 1713 1719 1726 1729 1731 1732 1734 1733 1731 1735 1732 1727 1725 1721 1718 1713 1710 1705 1704 1699 1695 1696 1691 1685 1686 1686 1684
1576 1564 1557 1554 1549 1537 1525 1514 1505 1511 1509 1495 1499 1498 1500 1508 1515 1514 1515 1522 1526 1530 1534 1537 1546 1556 1562 1567 1568 1578 1590 1597 1599 1607 1610 1618 1621 1621 1617 1624 1630 1637 1640 1645 1655 1663 1664 1671 1682 1689 1694 1698 1704 1707 1719 1726 1728 1736 1738 1737 1738 1738 1737 1742 1739 1733 1727 1725 1723 1719 1716 1713 1709 1703 1705 1703 1694 1695 1690 1688 1694
1575 1565 1554 1551 1551 1535 1525 1518 1517 1519 1512 1498 1509 1508 1503 1516 1514 1515 1517 1522 1531 1535 1538 1542 1550 1563 1569 1571 1573 1585 1592 1600 1601 1606 1610 1616 1620 1619 1625 1631 1637 1642 1641 1655 1660 1665 1670 1678 1688 1694 1698 1700 1710 1712 1720 1729 1731 1737 1743 1746 1744 1742 1742 1743 1740 1736 1731 1729 1724 1722 1718 1720 1713 1708 1704 1702 1699 1698 1694 1691 1698
1577 1566 1557 1547 1545 1530 1526 1529 1524 1520 1512 1502 1513 1518 1512 1514 1515 1515 1520 1525 1532 1537 1540 1544 1554 1565 1573 1577 1582 1587 1594 1599 1601 1606 1608 1621 1620 1621 1628 1634 1642 1643 1650 1656 1664 1668 1674 1681 1691 1696 1702 1702 1708 1716 1724 1731 1730 1740 1743 1745 1746 1743 1742 1745 1745 1739 1732 1726 1723 1721 1717 1715 1713 1712 1703 1697 1697 1696 1699 1688 1690
1585 1570 1557 1542 1543 1535 1528 1531 1525 1525 1516 1511 1516 1518 1518 1515 1515 1517 1525 1531 1537 1542 1542 1547 1560 1568 1579 1579 1585 1593 1597 1609 1606 1609 1615 1620 1620 1625 1630 1636 1644 1649 1654 1661 1669 1671 1676 1686 1691 1698 1700 1706 1710 1715 1723 1725 1730 1738 1742 1739 1739 1740 1741 1741 1743 1739 1730 1725 1722 1722 1717 1714 1712 1707 1699 1697 1699 1699 1699 1688 1688
1583 1568 1556 1546 1539 1536 1534 1532 1529 1525 1524 1526 1519 1516 1517 1519 1519 1519 1525 1534 1540 1541 1546 1551 1563 1570 1579 1585 1595 1600 1608 1612 1614 1612 1618 1622 1625 1630 1631 1644 1652 1655 1656 1666 1673 1678 1682 1688 1695 1700 1701 1706 1711 1715 1721 1724 1730 1736 1738 1737 1736 1738 1740 1744 1741 1736 1730 1729 1725 1727 1719 1715 1708 1703 1699 1698 1699 1700 1693 1687 1690
1574 1562 1554 1552 1552 1545 1541 1536 1533 1534 1530 1531 1531 1522 1521 1522 1520 1523 1527 1533 1537 1545 1553 1557 1566 1578 1585 1587 1599 1607 1615 1620 1618 1621 1623 1628 1631 1634 1641 1652 1656 1664 1663 1674 1681 1684 1690 1692 1701 1704 1707 1708 1712 1715 1721 1725 1730 1736 1738 1735 1739 1737 1739 1745 1742 1735 1731 1729 1727 1726 1719 1713 1710 1707 1701 1704 1705 1698 1694 1690 1692
1576 1565 1559 1552 1550 1544 1539 1539 1540 1538 1537 1537 1532 1527 1525 1528 1526 1527 1533 1534 1546 1551 1557 1560 1570 1580 1586 1591 1599 1605 1619 1624 1629 1633 1632 1636 1639 1639 1644 1657 1665 1668 1669 1677 1691 1691 1691 1693 1699 1707 1708 1706 1715 1715 1720 1725 1728 1729 1729 1732 1732 1733 1734 1736 1740 1736 1734 1730 1728 1727 1720 1714 1709 1706 1700 1707 1705 1698 1699 1697 1689
