data_and_outputs/predictor_data/006/bioclim_12.asc
NCOLS 1199 
NROWS 625 
XLLCORNER -17.966918 
YLLCORNER -10.0196949358429 
CELLSIZE 0.0416666688395203 
NODATA_value -9999 
[rows 360 to 395 of 625, columns 810 to 890 of 1199]
1425 1440 1439 1434 1433 1436 1447 1451 1456 1462 1458 1460 1458 1459 1464 1466 1470 1470 1476 1482 1491 1492 1492 1493 1498 1500 1506 1507 1511 1516 1516 1522 1524 1527 1535 1541 1542 1544 1549 1550 1553 1556 1559 1562 1562 1565 1562 1564 1566 1567 1572 1571 1571 1575 1575 1578 1580 1581 1580 1583 1588 1589 1594 1594 1595 1600 1603 1609 1611 1613 1618 1622 1626 1628 1635 1639 1646 1652 1658 1665 1672
1430 1441 1441 1437 1435 1435 1443 1448 1449 1458 1456 1457 1457 1457 1460 1462 1468 1467 1472 1485 1490 1492 1487 1490 1494 1498 1501 1504 1509 1514 1514 1516 1519 1525 1532 1534 1538 1541 1545 1546 1549 1551 1555 1557 1557 1559 1560 1559 1561 1563 1566 1568 1567 1568 1573 1574 1574 1574 1577 1582 1585 1587 1590 1594 1595 1601 1605 1607 1610 1614 1619 1623 1628 1633 1640 1644 1648 1655 1661 1667 1674
1430 1430 1441 1436 1433 1431 1440 1442 1445 1454 1453 1453 1452 1458 1457 1459 1463 1462 1468 1476 1482 1485 1485 1486 1490 1493 1499 1501 1504 1509 1509 1510 1515 1521 1527 1529 1529 1535 1536 1540 1544 1547 1550 1552 1553 1554 1554 1557 1558 1558 1563 1564 1563 1566 1565 1570 1570 1571 1576 1581 1580 1587 1586 1590 1597 1600 1603 1606 1612 1616 1621 1624 1630 1633 1641 1647 1652 1658 1665 1672 1681
1427 1427 1442 1435 1439 1432 1436 1439 1443 1447 1449 1453 1452 1450 1455 1457 1459 1461 1464 1473 1474 1479 1479 1482 1487 1491 1493 1497 1500 1503 1505 1508 1512 1515 1521 1524 1525 1527 1533 1535 1540 1542 1543 1547 1547 1548 1550 1551 1553 1553 1556 1557 1558 1560 1564 1564 1564 1566 1574 1574 1579 1580 1583 1590 1595 1598 1603 1607 1611 1615 1622 1626 1634 1637 1643 1648 1656 1661 1668 1675 1683
1422 1427 1438 1443 1441 1435 1432 1439 1440 1445 1445 1448 1451 1450 1451 1454 1457 1459 1461 1465 1476 1473 1475 1478 1482 1487 1490 1492 1497 1501 1504 1505 1509 1512 1515 1520 1520 1523 1528 1531 1535 1536 1540 1542 1543 1544 1545 1545 1547 1549 1550 1553 1554 1558 1560 1561 1560 1566 1567 1574 1575 1577 1580 1588 1592 1599 1602 1607 1610 1617 1623 1630 1636 1641 1643 1651 1659 1666 1671 1679 1687
1417 1425 1436 1443 1440 1433 1431 1435 1439 1445 1441 1445 1447 1452 1450 1454 1454 1454 1459 1465 1468 1474 1472 1475 1480 1484 1487 1489 1493 1496 1500 1499 1505 1507 1513 1515 1516 1520 1523 1526 1529 1534 1534 1535 1538 1538 1539 1543 1545 1545 1546 1548 1552 1553 1553 1555 1557 1562 1567 1570 1572 1575 1580 1586 1591 1596 1603 1608 1613 1618 1625 1631 1639 1645 1648 1655 1661 1669 1675 1681 1688
1417 1425 1434 1443 1439 1431 1430 1435 1443 1444 1442 1441 1444 1446 1450 1451 1453 1453 1457 1462 1468 1467 1468 1473 1477 1481 1483 1487 1491 1494 1497 1498 1500 1503 1509 1511 1512 1516 1519 1521 1524 1526 1527 1532 1530 1532 1536 1538 1540 1541 1542 1544 1546 1546 1549 1550 1556 1558 1562 1569 1570 1573 1577 1582 1590 1596 1603 1608 1615 1622 1627 1632 1641 1648 1650 1658 1664 1672 1680 1688 1694
1417 1419 1431 1438 1436 1432 1428 1439 1442 1442 1443 1441 1441 1444 1446 1448 1449 1451 1455 1458 1464 1465 1466 1470 1474 1477 1480 1481 1485 1490 1493 1494 1497 1500 1504 1505 1508 1512 1513 1518 1521 1522 1523 1526 1527 1528 1528 1531 1536 1535 1538 1538 1537 1541 1545 1550 1552 1555 1559 1565 1564 1568 1575 1581 1589 1595 1605 1608 1615 1625 1629 1634 1642 1650 1653 1661 1667 1677 1686 1693 1698
1417 1416 1423 1433 1432 1425 1427 1433 1439 1436 1436 1437 1439 1439 1442 1446 1446 1448 1451 1457 1459 1461 1463 1466 1471 1473 1474 1479 1480 1484 1487 1490 1493 1495 1498 1502 1502 1506 1510 1513 1515 1517 1517 1520 1521 1522 1527 1527 1529 1531 1532 1536 1533 1533 1544 1543 1546 1550 1555 1558 1563 1564 1571 1581 1590 1593 1602 1608 1617 1624 1631 1638 1645 1651 1659 1663 1671 1681 1691 1697 1701
1420 1418 1419 1426 1435 1426 1428 1435 1434 1434 1435 1433 1437 1438 1440 1441 1445 1447 1447 1454 1457 1460 1460 1464 1466 1470 1471 1475 1478 1483 1485 1485 1485 1490 1492 1496 1497 1501 1506 1509 1512 1515 1514 1516 1519 1519 1519 1522 1524 1525 1528 1530 1529 1531 1537 1541 1543 1545 1548 1553 1557 1560 1569 1581 1586 1594 1603 1609 1618 1625 1632 1640 1649 1656 1663 1668 1676 1684 1693 1700 1706
1430 1423 1421 1421 1428 1427 1430 1431 1431 1434 1431 1434 1435 1436 1439 1441 1442 1443 1446 1449 1455 1456 1458 1461 1465 1467 1470 1471 1476 1479 1481 1484 1485 1486 1489 1493 1494 1497 1498 1505 1506 1509 1511 1512 1515 1516 1516 1516 1519 1522 1525 1527 1525 1527 1531 1534 1539 1541 1548 1551 1557 1559 1570 1578 1584 1592 1597 1607 1615 1623 1629 1640 1648 1654 1663 1669 1678 1685 1693 1703 1711
1434 1432 1426 1421 1421 1423 1423 1427 1431 1432 1431 1431 1434 1436 1437 1441 1441 1444 1445 1452 1452 1456 1457 1458 1462 1465 1468 1468 1471 1477 1478 1481 1483 1487 1489 1486 1488 1493 1499 1502 1504 1506 1506 1509 1509 1512 1513 1515 1517 1517 1519 1521 1519 1522 1527 1531 1532 1538 1542 1548 1551 1553 1565 1574 1580 1588 1597 1606 1614 1622 1629 1640 1649 1656 1663 1670 1677 1689 1698 1706 1713
1437 1426 1422 1425 1422 1423 1423 1425 1426 1428 1428 1429 1430 1432 1434 1437 1438 1440 1446 1449 1448 1452 1454 1457 1459 1463 1466 1467 1468 1473 1474 1478 1481 1484 1485 1485 1485 1488 1494 1499 1500 1500 1502 1504 1505 1507 1507 1509 1512 1516 1515 1515 1518 1518 1524 1528 1530 1534 1540 1545 1547 1553 1560 1570 1579 1586 1594 1605 1612 1621 1631 1642 1651 1658 1666 1671 1680 1693 1699 1707 1715
1435 1427 1426 1429 1425 1422 1423 1425 1424 1424 1427 1427 1427 1430 1432 1434 1439 1438 1445 1443 1445 1449 1450 1453 1455 1460 1462 1464 1467 1470 1470 1472 1475 1479 1481 1484 1480 1483 1489 1495 1497 1498 1499 1501 1503 1502 1504 1504 1508 1511 1513 1510 1513 1512 1519 1521 1525 1530 1534 1539 1542 1545 1557 1567 1576 1584 1594 1604 1610 1621 1633 1640 1650 1660 1667 1673 1684 1693 1700 1708 1718
1425 1423 1427 1423 1424 1426 1425 1419 1422 1421 1423 1422 1426 1427 1430 1435 1434 1433 1440 1443 1444 1445 1445 1448 1454 1457 1459 1461 1465 1467 1469 1471 1472 1477 1479 1479 1479 1479 1483 1491 1494 1492 1495 1496 1497 1499 1501 1502 1503 1504 1508 1508 1509 1509 1515 1515 1519 1524 1529 1532 1535 1546 1553 1562 1574 1582 1594 1600 1608 1618 1631 1640 1650 1658 1669 1675 1686 1696 1700 1710 1718
1412 1414 1416 1417 1419 1425 1421 1419 1419 1421 1422 1421 1421 1425 1427 1431 1431 1436 1438 1438 1438 1442 1443 1444 1450 1453 1455 1456 1459 1463 1467 1468 1470 1473 1475 1477 1480 1478 1480 1484 1488 1490 1490 1491 1492 1496 1498 1500 1502 1503 1504 1502 1505 1507 1510 1513 1514 1518 1522 1528 1534 1538 1550 1559 1571 1580 1590 1600 1608 1620 1631 1640 1650 1661 1669 1678 1688 1698 1704 1714 1722
1415 1413 1413 1413 1415 1416 1420 1418 1418 1417 1419 1420 1420 1422 1425 1430 1432 1430 1432 1433 1434 1438 1441 1441 1445 1449 1450 1453 1454 1458 1462 1465 1467 1468 1471 1474 1474 1477 1479 1477 1483 1487 1487 1487 1491 1493 1494 1495 1495 1498 1499 1497 1499 1503 1504 1506 1509 1513 1519 1523 1527 1536 1543 1555 1566 1576 1586 1598 1607 1619 1629 1638 1652 1659 1669 1681 1691 1701 1710 1717 1725
1422 1418 1419 1414 1414 1413 1416 1416 1417 1417 1416 1418 1418 1423 1423 1425 1427 1428 1433 1430 1433 1436 1436 1438 1441 1444 1447 1448 1451 1455 1459 1462 1462 1464 1466 1470 1471 1474 1476 1473 1482 1485 1485 1487 1488 1488 1491 1490 1490 1494 1492 1493 1496 1498 1500 1501 1503 1507 1513 1516 1521 1530 1539 1550 1561 1572 1582 1595 1606 1617 1630 1641 1653 1662 1674 1685 1696 1705 1714 1722 1728
1421 1421 1423 1417 1415 1414 1413 1415 1416 1415 1416 1414 1417 1419 1423 1425 1423 1427 1425 1431 1429 1431 1433 1436 1437 1441 1442 1446 1448 1452 1454 1457 1457 1460 1464 1466 1468 1472 1471 1470 1477 1480 1482 1483 1484 1485 1487 1488 1491 1488 1492 1494 1494 1494 1494 1497 1497 1502 1508 1510 1518 1526 1535 1545 1559 1567 1582 1592 1607 1619 1631 1642 1654 1667 1677 1691 1701 1707 1718 1725 1731
1414 1417 1415 1415 1413 1411 1411 1413 1413 1412 1412 1412 1412 1417 1421 1421 1418 1421 1422 1424 1426 1430 1432 1431 1436 1438 1439 1442 1444 1448 1449 1452 1455 1458 1461 1465 1464 1467 1469 1469 1472 1477 1479 1480 1481 1483 1487 1485 1485 1487 1489 1490 1490 1492 1490 1493 1494 1498 1501 1502 1511 1520 1533 1543 1556 1570 1584 1595 1608 1621 1635 1645 1657 1670 1681 1697 1705 1716 1724 1732 1739
1414 1413 1412 1413 1411 1409 1410 1411 1412 1411 1411 1411 1412 1414 1417 1418 1417 1418 1420 1422 1423 1424 1427 1428 1431 1433 1436 1438 1442 1443 1447 1447 1452 1456 1458 1459 1463 1464 1466 1466 1469 1471 1475 1479 1479 1482 1483 1483 1485 1485 1488 1488 1489 1488 1486 1488 1491 1492 1494 1497 1506 1515 1527 1543 1555 1570 1582 1597 1608 1621 1634 1651 1664 1673 1688 1700 1712 1721 1730 1739 1745
1411 1412 1415 1410 1410 1409 1406 1406 1407 1408 1409 1411 1409 1412 1414 1413 1415 1415 1416 1420 1422 1423 1423 1425 1427 1429 1432 1435 1438 1440 1444 1447 1449 1453 1453 1456 1458 1461 1463 1463 1464 1471 1475 1476 1475 1478 1480 1479 1482 1484 1485 1486 1485 1485 1486 1488 1486 1488 1489 1493 1502 1511 1523 1540 1555 1570 1584 1597 1609 1624 1637 1653 1668 1681 1690 1705 1717 1727 1738 1743 1751
1408 1407 1406 1407 1407 1405 1404 1405 1407 1406 1405 1408 1409 1408 1410 1411 1411 1410 1412 1416 1417 1418 1420 1420 1423 1426 1428 1431 1433 1436 1440 1443 1445 1449 1451 1454 1456 1459 1462 1462 1464 1469 1471 1471 1475 1476 1479 1477 1482 1483 1485 1483 1485 1485 1486 1483 1485 1483 1485 1488 1495 1508 1523 1541 1557 1567 1583 1598 1612 1626 1640 1654 1668 1680 1694 1708 1718 1730 1742 1751 1756
1408 1405 1406 1406 1405 1405 1403 1406 1406 1404 1404 1406 1406 1404 1407 1409 1410 1409 1409 1413 1414 1416 1417 1417 1420 1424 1426 1427 1430 1433 1438 1440 1443 1445 1447 1451 1455 1457 1458 1458 1463 1469 1468 1470 1472 1475 1479 1477 1481 1482 1484 1482 1483 1485 1487 1486 1483 1484 1482 1486 1495 1509 1524 1540 1556 1573 1586 1600 1614 1628 1642 1657 1669 1684 1695 1712 1722 1734 1748 1755 1758
1407 1406 1405 1402 1405 1406 1405 1405 1404 1404 1403 1402 1405 1402 1405 1401 1404 1404 1407 1410 1415 1416 1414 1416 1417 1421 1425 1426 1426 1432 1435 1436 1441 1444 1444 1448 1451 1455 1455 1456 1462 1467 1466 1470 1471 1476 1475 1476 1480 1484 1483 1484 1483 1488 1487 1488 1485 1486 1487 1493 1502 1514 1528 1545 1559 1573 1587 1601 1616 1629 1645 1658 1672 1686 1700 1712 1725 1736 1750 1756 1760
1405 1407 1410 1406 1405 1406 1406 1404 1403 1402 1401 1402 1403 1402 1403 1402 1401 1399 1405 1406 1410 1412 1413 1414 1417 1419 1423 1422 1423 1428 1432 1434 1438 1440 1441 1444 1447 1451 1452 1454 1458 1466 1465 1468 1471 1477 1472 1476 1481 1482 1486 1486 1488 1486 1489 1492 1489 1493 1497 1502 1510 1519 1534 1547 1564 1576 1591 1605 1619 1633 1646 1661 1675 1688 1700 1715 1727 1741 1753 1757 1761
1407 1408 1416 1406 1405 1403 1404 1402 1403 1401 1402 1400 1399 1399 1399 1397 1398 1399 1402 1404 1404 1408 1409 1412 1414 1415 1420 1419 1419 1423 1430 1431 1434 1436 1439 1441 1446 1449 1449 1451 1460 1463 1465 1466 1471 1477 1473 1478 1483 1484 1486 1487 1491 1492 1494 1495 1495 1501 1507 1511 1520 1531 1541 1555 1568 1580 1594 1604 1621 1636 1645 1660 1674 1687 1702 1715 1727 1740 1750 1756 1761
1409 1411 1409 1410 1406 1403 1402 1402 1402 1402 1399 1398 1398 1396 1397 1395 1398 1398 1399 1402 1404 1404 1406 1407 1410 1411 1416 1415 1417 1422 1424 1427 1431 1433 1437 1441 1443 1446 1446 1453 1460 1461 1462 1469 1472 1473 1474 1481 1484 1486 1490 1491 1493 1495 1498 1498 1502 1509 1518 1521 1530 1537 1549 1562 1575 1586 1599 1612 1625 1636 1649 1663 1678 1690 1703 1715 1726 1738 1747 1754 1761
1410 1410 1414 1413 1408 1400 1402 1402 1402 1401 1399 1398 1396 1395 1394 1394 1392 1394 1396 1397 1401 1403 1402 1405 1407 1410 1414 1414 1416 1419 1421 1424 1427 1432 1435 1438 1442 1444 1446 1452 1457 1461 1465 1467 1469 1473 1481 1482 1486 1490 1493 1495 1498 1499 1501 1503 1510 1518 1523 1532 1539 1546 1558 1569 1582 1591 1603 1618 1630 1643 1655 1669 1678 1690 1702 1718 1727 1736 1746 1755 1759
1408 1406 1410 1406 1406 1402 1400 1402 1399 1400 1399 1396 1395 1394 1393 1392 1389 1394 1393 1397 1398 1399 1400 1402 1405 1406 1410 1411 1412 1416 1422 1424 1425 1429 1433 1434 1438 1443 1442 1450 1457 1460 1463 1468 1470 1474 1479 1484 1488 1492 1495 1498 1501 1504 1507 1514 1517 1523 1532 1539 1549 1557 1565 1575 1589 1598 1609 1620 1636 1651 1662 1671 1682 1690 1702 1713 1724 1735 1743 1752 1760
1408 1407 1406 1406 1403 1402 1398 1400 1398 1396 1398 1393 1395 1392 1391 1389 1388 1386 1390 1392 1395 1396 1399 1398 1401 1403 1404 1407 1408 1412 1415 1423 1423 1427 1432 1434 1436 1440 1442 1450 1456 1460 1463 1467 1471 1476 1481 1485 1489 1496 1497 1501 1505 1507 1515 1519 1527 1532 1539 1547 1555 1566 1573 1583 1597 1606 1615 1625 1640 1652 1664 1675 1687 1695 1703 1714 1722 1733 1742 1750 1755
1412 1406 1406 1405 1402 1400 1401 1400 1399 1397 1393 1391 1390 1390 1389 1386 1386 1384 1386 1390 1391 1393 1396 1396 1397 1400 1400 1404 1405 1411 1415 1419 1418 1425 1429 1431 1435 1435 1439 1446 1454 1459 1463 1469 1474 1477 1482 1486 1494 1495 1502 1502 1507 1515 1521 1527 1533 1540 1548 1557 1564 1573 1581 1591 1602 1611 1618 1632 1645 1656 1670 1682 1690 1697 1707 1713 1724 1733 1740 1746 1754
1415 1409 1406 1405 1402 1400 1400 1397 1398 1397 1392 1392 1390 1390 1388 1385 1384 1384 1382 1387 1389 1391 1392 1393 1395 1397 1398 1400 1402 1407 1410 1413 1419 1420 1427 1430 1432 1434 1438 1445 1452 1458 1463 1467 1473 1475 1482 1488 1494 1499 1503 1505 1514 1521 1529 1535 1540 1549 1554 1564 1571 1578 1588 1600 1609 1616 1627 1636 1647 1659 1670 1683 1693 1701 1710 1716 1725 1731 1738 1748 1752
1407 1404 1404 1404 1400 1401 1398 1396 1393 1392 1391 1389 1388 1385 1386 1384 1382 1382 1378 1383 1385 1388 1387 1390 1391 1392 1394 1398 1399 1403 1405 1412 1412 1420 1424 1426 1429 1431 1437 1444 1451 1457 1463 1468 1474 1479 1481 1493 1497 1501 1506 1514 1520 1527 1536 1542 1548 1554 1562 1573 1581 1588 1595 1608 1614 1623 1630 1642 1649 1662 1673 1684 1695 1703 1711 1722 1728 1732 1741 1742 1752
1407 1405 1401 1401 1398 1398 1396 1395 1394 1392 1391 1384 1386 1384 1382 1380 1376 1378 1376 1379 1381 1384 1386 1385 1387 1390 1392 1394 1397 1401 1403 1406 1410 1416 1420 1422 1426 1428 1434 1443 1450 1455 1461 1469 1477 1483 1484 1491 1497 1504 1513 1519 1526 1533 1541 1549 1555 1563 1569 1580 1587 1593 1604 1615 1623 1628 1636 1645 1659 1666 1674 1687 1697 1705 1714 1724 1729 1735 1739 1746 1749
1407 1405 1402 1398 1395 1394 1396 1393 1389 1388 1386 1385 1382 1381 1379 1380 1376 1375 1373 1375 1376 1381 1382 1384 1386 1387 1388 1392 1391 1399 1403 1404 1408 1414 1417 1423 1423 1428 1435 1439 1449 1455 1462 1469 1477 1481 1485 1494 1500 1508 1517 1525 1534 1541 1548 1555 1562 1569 1577 1586 1594 1603 1612 1620 1629 1633 1641 1652 1661 1668 1678 1688 1695 1707 1718 1724 1729 1735 1740 1748 1755
