data_and_outputs/predictor_data/006/bioclim_04.asc
NCOLS 1199 
NROWS 625 
XLLCORNER -17.966918 
YLLCORNER -10.0196949358429 
CELLSIZE 0.0416666688395203 
NODATA_value -9999 
[rows 0 to 39 of 625, columns 180 to 269 of 1199]
-9999 -9999 -9999 -9999 -9999 -9999 -9999 -9999 -9999 -9999 -9999 -9999 -9999 -9999 -9999 -9999 -9999 -9999 -9999 -9999 -9999 -9999 -9999 -9999 -9999 -9999 -9999 -9999 -9999 -9999 -9999 -9999 -9999 -9999 -9999 -9999 -9999 -9999 -9999 -9999 -9999 -9999 -9999 -9999 -9999 -9999 -9999 -9999 -9999 -9999 -9999 -9999 -9999 -9999 -9999 -9999 -9999 -9999 -9999 -9999 -9999 -9999 -9999 -9999 -9999 -9999 -9999 -9999 -9999 -9999 -9999 -9999 -9999 -9999 -9999 -9999 -9999 -9999 -9999 -9999 -9999 -9999 -9999 -9999 -9999 -9999 -9999 -9999 -9999 -9999
398 398 399 399 401 403 402 405 406 407 410 411 413 414 414 418 419 420 422 420 424 424 424 425 426 427 427 427 428 428 427 426 426 424 425 425 423 423 421 423 421 420 419 417 418 417 415 416 415 414 412 411 412 411 412 410 409 408 408 407 406 406 404 405 404 403 402 403 403 400 399 403 402 399 400 399 399 399 399 396 399 396 398 398 396 397 398 395 397 397
394 395 395 395 398 400 402 401 404 406 407 408 410 411 412 415 417 417 419 420 421 423 425 425 425 426 426 426 427 425 425 424 424 425 424 422 422 421 421 420 419 419 418 416 415 415 414 414 411 413 413 410 408 408 408 408 407 406 404 404 404 404 404 403 402 402 401 400 401 398 401 396 399 399 399 396 398 396 395 395 395 396 396 395 395 394 394 394 394 394
391 390 393 393 396 397 396 400 400 403 404 407 408 409 412 413 414 415 418 418 420 421 423 422 423 423 423 424 425 425 425 423 420 423 422 420 420 419 420 418 417 417 414 413 414 413 411 412 411 411 409 409 409 408 408 408 405 404 404 403 403 402 403 403 400 400 400 399 397 398 396 396 398 397 396 395 395 395 393 395 395 395 393 392 393 393 392 392 393 393
385 388 388 389 390 392 392 395 395 399 400 403 405 407 410 412 412 414 416 417 420 419 421 422 423 422 423 423 423 424 423 422 422 421 420 418 418 418 417 414 414 416 413 413 412 410 411 408 408 408 408 407 406 406 406 404 403 402 400 401 401 401 400 400 398 397 397 398 397 396 396 395 394 396 394 393 394 392 392 393 391 392 391 391 391 391 391 391 389 391
382 382 384 386 386 387 391 391 394 397 398 400 403 403 407 410 411 414 414 416 419 419 420 421 421 421 421 420 421 421 421 421 421 421 419 419 416 415 415 414 414 411 411 409 409 408 407 408 408 405 403 403 402 402 401 401 401 400 401 399 400 397 399 398 396 397 394 396 396 394 394 394 394 392 391 392 392 392 392 389 390 391 389 389 388 389 389 388 388 390
377 379 379 381 383 386 389 389 392 393 396 400 400 402 403 409 409 411 413 413 415 419 419 419 419 420 420 421 421 418 420 417 419 420 417 415 415 413 414 412 411 410 410 408 407 406 405 404 404 401 404 404 401 399 399 399 397 399 396 396 396 396 394 394 393 393 394 393 394 393 391 390 393 390 390 391 389 389 389 391 390 388 387 386 389 388 385 389 387 386
373 374 376 378 380 382 385 386 389 391 392 397 397 402 402 405 407 410 413 413 414 417 417 417 419 419 418 418 419 418 416 417 416 416 415 414 414 413 412 411 410 409 407 407 405 404 404 401 403 401 399 399 399 399 398 397 397 397 397 395 395 395 392 392 393 393 391 390 392 390 389 390 390 390 390 388 389 389 388 388 388 388 388 388 386 385 386 385 382 383
369 372 372 374 377 377 382 384 387 389 389 393 395 399 402 403 404 408 411 412 413 415 416 416 417 417 416 417 418 417 418 415 417 415 413 413 412 411 409 409 408 406 406 404 402 402 400 401 400 399 398 399 399 397 395 397 395 394 393 393 394 392 392 392 392 389 388 390 389 390 388 386 389 386 386 386 386 386 386 386 385 383 385 385 383 383 384 383 383 382
364 367 367 369 372 375 376 381 382 384 389 390 394 396 400 400 406 406 408 410 412 414 414 416 416 418 418 417 416 418 415 415 413 413 411 411 409 410 407 407 404 403 404 402 400 400 399 398 396 396 396 394 394 395 394 394 393 393 392 392 389 388 391 388 388 388 389 388 388 388 387 386 386 387 387 386 386 386 386 383 383 383 385 384 383 382 382 381 381 380
360 364 364 367 368 373 373 376 379 382 384 388 393 394 395 400 402 405 409 410 412 413 413 415 415 417 417 414 416 415 415 412 411 410 409 408 409 407 405 405 403 402 400 401 399 398 395 397 396 395 394 393 394 393 392 391 391 390 389 391 389 390 387 389 388 386 386 386 386 386 386 385 386 385 384 384 384 382 384 384 382 381 383 383 381 383 380 380 378 378
357 359 359 363 366 366 371 373 377 379 383 385 390 392 395 398 400 405 405 408 411 412 412 415 415 416 415 413 415 413 412 411 411 407 408 407 406 405 404 402 402 399 399 398 397 397 395 393 394 391 391 391 391 391 390 389 389 388 388 388 386 387 386 385 385 385 385 383 384 385 384 383 383 385 384 384 384 384 380 380 379 382 381 379 380 379 378 377 378 376
354 355 356 359 360 366 367 369 375 377 380 383 385 391 393 396 401 403 405 407 409 412 412 413 414 413 414 412 413 412 409 410 407 407 406 405 403 402 402 399 399 398 396 396 394 394 393 392 391 391 390 389 390 388 387 389 387 385 386 386 383 383 385 385 384 384 384 383 383 383 383 383 381 381 382 382 381 381 380 378 378 378 377 378 378 377 375 375 375 375
351 351 353 355 358 360 366 367 369 373 377 380 384 387 390 395 397 402 404 407 409 411 413 414 413 414 413 413 411 410 409 407 407 406 404 403 403 402 399 398 397 397 394 392 392 392 392 388 388 387 389 387 386 386 384 384 385 384 385 384 384 383 384 383 383 381 381 382 380 381 379 382 382 382 379 380 380 380 379 378 378 378 376 376 375 375 375 375 375 375
344 346 348 350 355 357 361 364 368 370 376 377 382 386 390 393 398 399 404 405 408 411 412 411 414 413 413 410 410 409 409 406 405 404 402 400 397 397 397 396 393 393 393 390 388 388 387 386 387 388 384 384 384 384 381 381 384 381 381 381 381 381 381 379 381 379 379 380 379 380 379 379 379 378 378 376 378 376 376 376 376 376 376 374 374 372 372 372 371 372
340 342 344 347 350 354 358 360 365 365 371 373 379 383 388 391 395 400 401 405 406 410 410 410 412 412 411 410 409 405 405 403 402 402 398 397 396 396 395 392 390 392 389 388 388 388 385 384 384 385 383 381 382 382 379 379 381 381 379 378 378 378 378 378 377 378 378 378 377 377 377 378 378 378 378 377 378 377 376 375 375 375 373 372 371 371 371 371 370 369
336 337 341 344 344 350 352 357 360 365 367 372 375 381 384 390 392 395 399 404 406 408 408 410 411 410 410 408 405 404 404 400 400 397 397 395 395 393 392 390 388 388 386 385 386 384 383 380 382 381 379 381 381 379 379 378 378 379 376 376 376 377 378 377 375 376 376 377 378 377 375 376 378 377 375 375 375 376 373 373 373 373 370 371 370 370 370 369 366 366
332 336 336 339 343 346 350 353 357 360 364 367 372 375 382 386 391 393 398 403 407 409 411 411 409 407 408 403 403 401 401 399 396 395 394 392 393 391 388 387 387 386 384 383 381 382 378 379 378 379 378 377 378 376 376 376 375 375 374 376 376 376 374 375 374 374 376 377 374 374 374 375 374 374 373 374 375 374 372 372 372 371 369 369 370 367 367 365 366 366
328 330 333 336 340 341 346 350 353 358 361 365 370 373 377 382 389 392 397 401 405 409 409 408 407 405 403 403 400 399 396 396 395 391 391 389 388 387 387 386 384 383 381 380 378 378 378 377 377 375 377 375 374 373 374 373 374 374 375 373 374 374 372 373 374 373 373 373 373 372 375 373 372 373 372 374 374 372 372 371 371 367 369 366 369 368 364 364 365 363
323 327 330 333 335 341 342 347 349 353 357 362 366 371 375 380 386 392 394 399 404 406 405 404 405 403 400 399 396 395 394 393 392 389 387 386 386 386 381 381 381 380 379 378 377 375 376 376 374 374 374 374 370 371 371 372 370 372 371 372 370 372 370 372 371 370 371 370 371 371 371 371 371 372 372 372 372 371 370 369 367 367 367 365 366 363 363 364 361 360
321 322 325 327 330 334 339 342 345 352 354 358 364 367 369 375 380 386 388 393 398 398 399 399 400 399 399 396 393 390 389 388 387 385 385 385 382 379 379 380 377 377 374 374 373 373 372 374 372 371 371 369 371 370 370 370 371 369 369 369 369 369 370 369 368 369 368 368 368 369 370 369 369 370 370 370 371 370 367 368 368 368 364 364 363 362 361 360 361 360
314 318 322 325 327 333 337 340 342 346 350 356 358 363 368 369 376 381 386 389 393 393 393 394 395 396 394 391 391 389 386 385 383 382 381 380 379 377 377 376 374 374 372 374 372 370 370 369 369 369 369 369 368 367 367 368 368 367 367 367 367 367 366 368 366 367 365 368 368 368 368 368 368 368 368 369 368 369 366 366 366 365 362 363 360 360 359 359 358 358
312 315 318 321 326 330 333 337 341 343 348 351 356 359 365 368 373 376 382 384 386 387 388 390 389 387 387 386 383 385 382 380 380 378 377 377 375 373 374 372 373 370 371 370 369 369 368 368 368 367 365 365 365 365 366 366 366 366 366 366 366 366 366 366 364 365 366 365 364 365 366 367 364 364 367 366 367 366 367 363 363 363 362 360 360 360 358 357 357 357
310 313 316 319 323 324 329 333 337 341 344 346 353 356 361 365 369 371 373 378 381 383 383 383 385 383 384 384 381 380 380 377 377 375 374 372 371 370 370 370 370 369 366 368 366 364 364 364 364 363 364 364 364 364 364 364 362 363 363 362 363 363 363 363 362 361 363 363 364 364 362 364 363 363 362 363 361 363 361 361 359 360 359 359 357 359 356 354 354 354
308 310 312 316 320 323 327 331 333 337 341 344 348 353 356 359 363 366 372 373 376 378 379 378 379 378 379 379 376 374 373 373 373 371 371 369 368 366 367 366 365 365 364 364 364 364 362 362 362 362 362 361 360 361 360 360 360 360 361 360 358 361 362 361 360 360 360 362 361 361 362 362 362 362 361 362 361 361 361 359 358 357 357 356 356 353 355 352 352 351
304 306 310 313 316 318 323 326 329 333 337 343 346 349 354 356 360 362 366 368 370 370 371 375 375 375 372 374 372 373 369 369 369 369 368 366 366 364 364 363 364 364 360 363 360 361 360 359 359 360 361 360 360 359 361 358 358 358 359 359 358 358 359 359 359 360 359 360 359 359 359 359 360 359 359 359 359 359 358 357 355 357 354 354 353 353 351 352 352 351
303 303 308 311 314 315 320 323 327 329 333 337 341 345 349 352 355 356 361 363 366 370 367 370 371 370 367 368 366 366 365 366 364 364 364 361 361 360 361 360 361 358 358 360 358 357 357 357 356 357 357 356 356 356 355 356 356 357 355 357 355 356 356 356 355 356 357 356 357 357 356 356 358 359 359 356 356 356 356 356 355 354 352 353 350 351 350 350 349 350
300 302 305 308 311 315 317 320 323 328 330 333 338 343 343 347 352 353 356 358 360 361 364 364 364 364 363 362 362 361 361 360 360 360 358 359 358 358 358 357 357 356 355 356 356 356 355 354 356 356 356 353 353 357 353 354 354 352 353 354 356 353 356 354 353 354 354 354 355 354 354 355 355 354 355 354 352 353 353 354 353 350 350 350 349 349 349 348 347 346
298 299 302 304 306 312 316 318 320 323 326 332 336 337 342 343 345 348 351 353 356 358 356 359 359 360 358 358 357 359 357 357 357 355 355 355 354 354 355 352 356 354 352 353 355 352 351 352 350 353 351 352 352 350 353 351 352 351 351 352 351 352 352 350 352 352 350 351 353 351 354 354 352 353 352 352 352 351 351 350 351 350 348 348 347 347 345 346 347 346
294 296 297 302 306 306 310 313 318 322 324 325 332 334 337 339 343 345 348 351 351 352 353 354 352 356 353 352 353 353 350 354 351 351 350 350 350 351 353 349 350 349 350 350 351 348 349 348 349 351 348 349 349 351 349 349 352 350 349 350 350 349 349 351 348 348 348 349 351 350 350 350 349 350 351 350 349 348 348 348 348 348 348 348 346 346 344 344 344 343
290 294 296 298 301 303 307 310 313 317 321 325 326 329 333 336 339 342 343 347 347 347 347 348 348 351 350 348 349 348 348 347 347 346 345 347 345 348 350 348 347 350 348 347 348 348 347 346 346 348 347 347 347 348 347 347 349 347 347 346 347 346 346 347 347 348 348 347 348 348 347 347 347 348 348 347 346 346 346 346 346 345 346 344 345 344 343 343 343 343
288 290 293 294 297 299 303 307 311 314 315 320 323 327 331 333 334 338 340 343 343 344 345 346 344 345 344 346 344 343 343 343 345 343 344 344 346 346 345 345 345 345 345 345 344 344 344 345 344 345 345 344 345 345 345 346 346 346 344 342 344 344 344 346 344 343 346 346 344 345 345 344 344 344 347 346 344 345 344 342 344 344 343 341 343 340 340 340 340 337
286 287 290 292 296 298 302 304 308 309 312 319 320 324 326 329 332 334 336 338 337 341 341 342 343 343 340 340 340 340 341 340 340 339 341 340 341 342 342 343 341 342 342 343 341 343 342 342 342 343 342 344 343 344 343 343 344 342 342 342 342 341 342 343 343 342 344 343 342 342 343 341 343 344 344 341 343 342 341 342 341 342 341 341 339 339 339 337 338 338
281 283 287 290 293 297 299 302 305 309 309 314 318 322 324 327 330 332 333 333 337 334 337 338 339 339 336 336 337 337 336 336 336 337 336 339 338 340 341 339 342 341 340 341 341 339 340 340 342 342 340 341 342 342 342 341 342 340 340 342 340 340 341 340 342 339 339 341 341 339 341 340 339 340 339 339 340 340 340 339 340 338 338 339 338 339 335 338 336 337
279 281 283 286 287 293 295 298 302 305 308 312 314 318 320 324 327 329 329 332 331 333 334 334 337 337 334 334 332 333 333 332 334 333 334 336 335 336 335 337 338 337 338 339 340 339 340 339 337 339 339 339 339 339 338 338 338 338 338 338 338 338 336 336 336 337 337 337 338 338 337 338 339 338 335 338 339 338 337 337 337 338 337 336 335 335 337 335 335 335
275 278 280 284 286 289 292 297 298 303 305 310 312 316 318 322 323 325 328 330 330 330 331 331 331 333 330 330 331 330 329 329 330 333 332 333 333 335 336 335 336 338 335 337 337 337 337 337 334 334 336 335 337 338 336 335 335 335 335 335 336 335 335 336 336 335 336 336 335 335 335 336 335 336 336 337 336 336 335 337 334 333 335 335 334 333 333 334 332 332
270 275 277 279 284 286 288 293 296 300 305 307 312 315 318 318 322 323 326 327 327 328 329 330 331 328 330 329 327 327 326 326 326 329 329 331 330 334 333 332 335 334 335 334 335 335 333 334 334 333 334 334 334 333 332 333 334 331 334 334 334 334 333 331 334 334 331 332 334 332 332 332 331 331 332 332 334 334 333 332 331 333 333 331 331 333 331 331 331 330
268 273 275 279 282 285 288 292 295 296 303 305 310 312 314 319 319 322 323 324 325 327 327 327 327 327 328 327 327 326 325 327 326 329 329 330 330 332 333 332 331 333 333 332 333 333 331 332 333 332 331 333 333 332 330 332 330 329 332 329 331 330 333 330 331 331 330 329 329 331 330 330 331 330 331 331 331 331 332 331 330 330 331 329 330 330 330 328 329 327
266 268 273 275 278 281 285 289 294 297 302 304 306 312 315 315 319 322 322 324 326 326 326 327 327 326 326 327 327 327 326 327 326 328 329 328 330 329 329 331 332 332 331 332 329 331 329 331 330 331 329 329 329 329 329 328 331 327 328 330 330 328 330 330 327 328 328 328 328 328 328 327 327 328 330 329 330 328 330 329 328 329 327 330 330 328 330 328 327 328
262 267 271 274 277 282 286 288 291 297 300 304 309 312 311 316 317 320 323 322 326 327 328 327 326 327 327 327 327 327 326 327 328 327 329 329 329 329 331 330 330 329 330 331 331 330 330 327 328 327 327 327 327 327 327 327 327 325 326 328 327 328 325 326 326 327 326 327 327 325 327 327 328 326 328 325 328 325 328 325 328 325 326 326 326 327 326 326 326 327
