data_and_outputs/predictor_data/006/bioclim_01.asc
NCOLS 1199 
NROWS 625 
XLLCORNER -17.966918 
YLLCORNER -10.0196949358429 
CELLSIZE 0.0416666688395203 
NODATA_value -9999 
[rows 114 to 151 of 625, columns 425 to 509 of 1199]
269 268 268 267 267 267 266 265 263 263 265 264 264 265 266 267 268 268 270 270 269 268 268 266 267 268 269 268 269 270 270 269 270 271 271 271 271 270 270 269 269 268 267 266 264 266 264 263 266 267 267 266 260 259 260 261 261 261 260 259 260 260 260 259 258 259 260 260 261 262 262 262 262 262 262 261 261 261 258 258 258 258 258 260 263
268 267 267 266 265 265 266 264 263 262 264 264 264 266 266 267 267 269 270 270 270 269 268 268 268 268 266 266 268 270 271 270 271 271 271 271 270 269 270 270 270 269 268 267 265 265 264 265 266 267 266 262 259 260 260 260 261 261 259 258 259 260 259 259 258 259 260 260 261 262 261 261 261 261 261 261 260 259 258 258 258 259 259 260 262
267 267 266 265 265 264 265 264 263 262 264 265 265 267 267 267 267 268 269 270 270 269 269 269 267 266 267 267 269 270 271 270 270 271 271 271 270 269 269 269 269 269 268 268 267 266 265 266 266 266 259 258 259 260 259 260 261 261 259 258 259 259 259 259 259 259 260 261 262 262 261 260 259 260 260 260 260 259 258 259 258 259 260 261 261
268 267 265 265 265 264 264 264 263 262 264 266 266 267 268 268 268 268 267 268 270 270 269 266 263 266 268 269 270 270 271 271 271 271 271 270 270 270 269 268 267 268 267 268 267 266 265 266 266 261 256 258 258 258 259 259 260 260 260 258 258 259 260 260 260 260 261 261 261 261 260 260 259 258 259 258 258 257 258 259 260 260 260 261 260
266 266 266 266 265 265 264 263 263 262 264 266 267 268 268 269 268 269 268 268 269 269 269 268 269 268 269 269 270 271 271 271 271 270 270 271 269 269 268 266 265 266 264 267 266 266 265 265 263 258 257 256 258 259 260 260 260 259 258 258 259 259 259 260 261 260 261 261 260 260 259 259 258 257 257 257 256 257 258 260 260 259 258 261 259
265 264 265 265 265 263 263 262 262 262 264 266 267 268 267 268 268 269 268 268 268 268 269 271 270 269 269 270 271 271 271 271 272 271 270 269 270 269 268 267 264 266 266 266 265 263 259 261 260 257 256 255 258 259 259 259 259 260 259 258 258 259 260 260 260 261 261 261 259 260 259 258 257 257 258 257 256 257 259 260 258 257 258 260 258
265 264 266 265 264 263 263 263 262 262 264 266 267 267 268 268 268 269 269 267 267 269 270 271 270 271 270 271 271 271 271 270 271 270 269 270 270 269 269 268 267 267 266 265 262 254 258 263 257 256 252 252 256 258 257 258 258 259 258 258 258 259 260 260 260 261 259 259 259 259 259 258 257 256 258 258 257 258 260 258 256 256 257 260 259
266 265 266 264 263 264 264 263 262 261 264 266 266 266 268 268 269 269 268 265 266 268 269 270 271 271 271 271 272 271 271 270 271 270 270 269 269 269 268 268 268 266 264 262 255 256 261 260 253 253 251 252 253 255 257 258 259 259 258 257 258 259 260 260 260 260 260 259 258 258 259 258 257 257 258 258 259 259 258 256 255 256 257 259 259
266 266 265 264 263 263 263 262 261 261 263 265 265 267 267 267 268 269 269 268 267 268 270 270 271 271 271 271 271 271 270 269 270 271 270 269 268 268 268 267 267 266 262 253 256 260 260 256 252 250 249 251 251 256 257 258 259 257 257 257 258 259 259 259 260 260 259 259 259 258 258 258 257 256 256 257 257 258 258 256 256 257 258 260 259
266 265 265 264 263 263 263 262 260 260 261 263 264 264 266 265 266 268 270 269 268 270 270 270 271 271 271 271 271 269 269 269 269 270 270 269 268 267 268 267 265 264 252 253 258 261 257 255 253 250 252 254 255 256 257 258 258 257 256 257 258 258 259 259 260 260 259 258 258 258 257 257 256 255 255 256 256 258 257 256 257 259 259 259 258
265 264 264 263 262 263 262 261 259 259 259 261 263 265 266 267 268 269 270 269 269 269 271 271 270 271 271 270 270 269 268 268 270 269 270 270 269 268 267 266 265 255 252 258 259 260 255 254 252 251 256 256 256 257 257 258 257 256 255 257 258 258 259 259 259 260 258 258 257 258 257 256 255 254 256 257 257 257 256 257 259 257 258 257 257
263 263 262 262 262 263 261 258 257 258 259 261 264 266 263 267 268 267 269 268 268 270 271 271 271 271 271 270 269 269 267 268 269 268 268 269 269 268 267 266 261 252 256 259 258 258 255 252 250 253 255 256 257 257 257 257 257 255 256 257 257 258 258 258 259 259 258 258 258 257 257 256 254 255 257 256 256 255 256 257 258 255 259 258 257
262 262 261 262 263 260 259 258 258 260 262 261 262 261 260 264 266 267 268 269 270 270 271 271 271 271 270 270 269 268 268 268 268 267 267 269 269 269 268 265 254 252 256 258 258 257 256 250 249 253 256 256 257 258 257 257 255 255 256 257 258 258 258 259 258 259 258 257 257 256 256 255 255 256 256 255 256 255 256 258 257 256 258 259 258
263 262 262 262 263 262 261 262 261 261 260 258 259 261 262 265 267 267 268 269 269 270 270 270 271 270 270 270 270 269 269 269 267 266 267 269 269 268 267 256 251 255 256 258 257 255 251 248 250 251 255 255 256 257 257 256 254 256 257 257 258 258 257 257 258 259 258 257 256 255 255 254 254 256 255 254 255 255 257 258 256 256 258 258 257
263 264 263 258 254 255 256 257 257 259 257 260 261 264 264 265 266 268 268 268 269 270 270 270 271 271 270 270 269 269 269 267 266 268 269 268 268 266 259 250 254 257 258 257 255 253 249 249 248 250 254 254 255 255 256 255 254 256 257 257 257 256 255 256 258 259 257 257 256 255 254 253 255 254 255 255 255 255 257 257 255 256 257 258 257
259 256 251 249 249 250 250 254 254 257 261 261 262 265 265 266 267 268 269 269 268 269 270 270 270 270 270 270 269 268 267 265 266 267 268 267 267 258 249 254 257 258 256 255 252 251 248 247 246 253 255 255 255 255 256 254 254 254 256 255 256 256 257 258 258 258 257 256 256 254 253 253 254 255 256 256 255 256 257 257 256 257 258 257 256
249 251 250 250 252 253 254 255 257 260 261 263 264 265 266 267 267 267 268 269 269 269 270 270 270 269 269 269 269 268 266 266 268 268 267 267 259 250 251 257 258 257 256 253 248 250 247 246 252 253 254 254 255 255 255 255 254 254 255 256 257 257 257 258 257 257 258 257 256 254 254 254 254 255 256 256 256 257 257 255 256 257 257 256 256
252 253 252 254 255 256 257 258 259 261 264 264 266 266 266 265 266 267 269 268 269 269 269 269 268 268 268 268 268 268 266 267 267 267 267 265 250 248 255 257 257 257 255 251 248 248 244 249 253 253 253 254 254 253 254 255 254 254 255 256 257 256 257 256 256 255 257 257 256 255 255 254 254 255 255 256 257 257 256 255 256 257 256 255 255
256 255 256 256 258 257 259 261 261 263 264 266 265 266 266 265 265 267 268 268 269 269 269 269 269 269 268 267 268 266 265 265 267 266 266 254 249 251 256 257 256 256 252 247 248 245 250 251 253 253 253 253 253 254 254 254 253 253 254 255 255 256 257 256 255 254 255 257 256 256 255 254 253 254 255 256 257 256 255 255 257 256 255 254 255
257 258 258 259 260 260 261 263 263 265 265 266 265 266 266 264 265 266 268 267 268 268 269 269 268 267 267 267 267 266 263 265 266 267 261 251 250 251 256 256 253 253 246 247 247 245 252 253 254 254 254 254 254 254 253 254 255 254 255 256 256 257 256 255 253 253 255 256 254 254 254 253 253 254 255 256 256 255 255 255 256 255 255 254 253
260 261 260 261 262 262 263 264 264 265 266 266 267 266 266 264 265 266 267 266 266 267 267 268 268 268 267 267 268 265 264 264 266 266 255 252 251 250 256 253 249 248 245 243 243 249 251 252 252 252 252 253 254 252 252 254 254 255 256 256 256 255 255 254 253 253 255 255 254 254 253 253 255 254 254 256 255 254 254 255 256 255 253 253 252
262 262 261 262 263 264 264 264 265 265 266 266 266 266 265 264 265 265 266 267 266 266 266 266 266 267 268 268 268 264 264 265 265 264 255 257 252 251 256 249 248 248 245 241 244 251 250 251 252 252 253 254 253 251 253 253 254 255 255 254 255 255 254 253 251 253 254 255 253 252 252 254 255 255 255 255 255 253 254 255 255 255 254 253 251
263 262 263 263 264 265 265 265 265 266 265 264 265 266 265 264 264 265 266 267 266 265 265 265 264 266 267 266 267 266 264 267 267 261 259 254 251 253 254 250 252 246 242 240 241 245 249 251 252 253 253 253 252 251 252 254 255 255 254 253 253 255 253 251 252 253 254 254 253 252 252 253 254 253 254 254 253 253 255 255 255 254 254 253 250
264 263 263 263 263 264 264 263 264 264 264 265 265 266 266 265 265 265 266 266 266 265 265 265 266 267 267 267 268 267 265 268 267 260 258 251 251 251 248 255 253 246 239 239 240 243 248 251 252 253 251 252 251 250 252 253 254 254 253 251 252 254 252 250 251 252 254 253 253 251 251 253 254 253 253 253 252 253 255 255 254 253 253 252 249
265 265 264 263 262 263 262 262 262 263 264 263 264 265 265 265 265 265 265 265 265 265 265 266 267 267 267 267 267 267 267 268 267 265 254 249 248 248 254 255 245 241 238 241 245 246 248 250 251 252 250 252 250 250 252 253 254 254 253 251 251 253 253 251 251 253 253 252 252 250 249 252 253 252 251 252 252 253 254 254 253 252 253 251 248
265 265 264 263 262 262 262 262 262 262 262 263 263 264 266 265 266 265 265 265 265 266 266 267 267 267 267 267 268 268 268 267 266 263 254 245 250 254 257 256 247 241 243 246 248 247 249 250 251 251 250 251 250 250 252 252 253 253 253 251 251 252 252 251 251 252 252 252 251 248 250 251 253 252 251 250 251 253 254 253 253 252 251 251 248
265 264 264 263 262 262 263 263 262 262 262 263 264 265 266 266 266 266 266 266 266 267 267 266 268 267 268 268 268 268 267 267 266 258 253 251 255 258 259 257 255 253 245 248 250 249 249 250 251 250 249 251 250 249 251 252 253 252 252 251 250 251 252 250 250 251 250 250 249 248 250 251 253 251 250 251 252 253 253 252 251 251 249 249 249
264 264 263 262 261 262 262 262 263 261 262 261 262 264 265 266 265 264 265 264 265 266 265 267 267 267 268 268 267 266 267 266 266 261 255 257 259 259 258 257 257 256 248 250 252 251 248 249 250 249 249 249 248 248 250 251 252 252 251 250 249 250 250 249 250 250 251 250 250 249 251 252 252 251 250 251 253 252 251 252 250 251 249 249 250
264 264 263 261 260 261 262 262 263 262 262 262 262 264 266 265 265 265 264 264 264 265 264 265 266 265 266 268 267 268 267 266 267 261 255 260 261 260 259 258 257 254 248 253 251 250 248 249 250 248 248 248 249 250 250 250 251 250 249 249 250 251 251 250 251 251 252 251 250 249 250 251 250 250 251 252 252 251 250 251 249 248 248 249 250
263 262 261 260 260 261 261 261 263 263 262 263 263 263 265 266 266 266 265 264 264 263 263 262 264 265 265 266 266 268 267 267 265 259 255 262 261 258 258 257 256 255 254 253 251 250 248 249 249 248 249 248 250 250 251 251 250 249 249 249 250 251 252 251 251 252 251 249 249 249 250 250 249 250 252 251 250 251 250 249 248 248 249 250 251
263 262 262 259 261 261 262 262 263 263 262 263 263 264 266 266 267 266 266 265 264 263 264 264 263 263 263 263 264 266 266 266 265 260 258 258 260 257 255 255 254 253 252 252 250 249 248 248 248 249 251 249 249 250 251 252 251 249 249 250 250 250 251 252 251 252 251 249 250 250 250 249 248 249 251 250 249 250 249 247 247 249 250 250 249
263 262 262 260 260 260 261 262 264 262 263 264 264 264 266 266 267 266 266 266 264 264 265 265 264 264 263 263 263 265 263 263 264 258 255 255 259 254 253 254 253 252 249 249 250 249 249 249 249 250 251 250 250 251 250 252 252 250 250 251 251 250 251 253 252 252 251 249 250 251 251 250 248 248 250 249 248 248 247 248 249 250 250 248 248
262 261 261 261 261 261 261 262 263 264 264 263 264 265 266 265 265 266 267 266 265 265 264 263 264 265 264 264 262 262 261 261 258 250 250 250 256 250 251 253 253 252 250 248 249 249 250 250 251 251 251 251 250 251 251 252 252 250 249 251 252 252 252 253 252 252 251 250 251 252 251 250 248 248 248 247 247 247 248 248 248 248 249 246 246
259 259 260 261 262 263 262 261 262 263 264 264 264 265 266 266 265 265 266 266 266 266 266 265 266 266 265 265 263 262 260 255 246 247 247 253 252 247 249 251 251 250 248 246 248 249 249 249 249 248 250 251 252 252 252 252 252 251 250 250 251 251 252 253 254 253 251 250 252 251 250 250 248 249 248 248 248 247 247 247 246 248 248 247 245
258 258 259 261 262 262 263 262 262 263 265 264 265 266 266 266 265 264 264 265 264 265 266 266 266 264 265 264 264 262 260 248 244 248 249 252 253 250 250 250 250 247 243 245 247 248 248 248 249 250 250 251 252 252 252 253 252 252 251 251 250 251 252 252 254 253 251 252 252 251 249 248 249 249 249 249 249 248 246 244 246 248 246 246 244
259 259 258 260 261 263 263 263 262 263 265 264 264 266 266 266 265 264 263 263 262 264 264 266 264 263 264 262 260 259 252 245 243 244 247 250 251 253 252 251 249 247 246 244 246 247 247 248 250 251 251 251 251 251 252 253 252 253 253 252 250 250 251 253 254 252 251 253 251 250 249 248 249 250 249 249 248 247 246 245 247 247 245 243 243
259 259 258 259 261 261 262 263 264 264 265 264 264 265 266 266 264 264 264 263 262 264 262 265 263 261 263 262 260 257 249 244 242 244 246 245 243 249 251 250 250 247 246 245 246 248 248 249 250 249 250 252 252 250 252 253 253 253 253 251 250 252 253 254 253 252 253 252 251 251 250 249 250 249 249 248 247 247 247 245 246 245 246 244 242
258 259 258 258 260 262 262 262 263 265 265 265 264 266 266 265 265 264 263 263 261 263 262 264 262 260 262 262 259 253 244 243 245 247 247 246 246 248 249 248 248 248 247 245 246 247 248 249 249 249 250 251 252 251 252 253 254 254 253 252 251 252 252 254 253 252 253 251 251 250 249 249 251 250 249 249 248 248 248 246 245 244 244 243 242
