data_and_outputs/correlation_matrices/10km_rarefied/palms.asc
NCOLS 1199 
NROWS 625 
XLLCORNER -17.966920000227 
YLLCORNER -10.0196900162263 
CELLSIZE 0.0416666722270451 
NODATA_value -9999 
[rows 370 to 406 of 625, columns 935 to 1019 of 1199]
6.5 6.5 6.75 6.75 6.75 10.75 10.75 9.75 9.75 3.75 3.75 3.75 3.75 4.5 4.5 4 4 4 4.25 4.25 4 4 4 4 6.75 6.75 7.5 7.5 5.25 5.25 5.25 5.25 5.25 5.25 5.25 5.25 5.25 4.75 4.75 4.75 4.75 4.75 4.75 4.75 5 5 5.75 5.75 5.25 5.25 5.25 5.25 5.25 5.25 5.25 6.25 6.25 5.5 5.5 5 5 4.75 4.75 6.75 6.75 8.25 8.25 8.25 8.5 8.5 8.5 8.5 9 9 9 9 6.75 6.75 6.75 5 5 5.25 5.25 4.5 4.5
6.5 6.5 6.75 6.75 6.75 10.75 10.75 9.75 9.75 3.75 3.75 3.75 3.75 4.5 4.5 4 4 4 4.25 4.25 4 4 4 4 6.75 6.75 7.5 7.5 5.25 5.25 5.25 5.25 5.25 5.25 5.25 5.25 5.25 4.75 4.75 4.75 4.75 4.75 4.75 4.75 5 5 5.75 5.75 5.25 5.25 5.25 5.25 5.25 5.25 5.25 6.25 6.25 5.5 5.5 5 5 4.75 4.75 6.75 6.75 8.25 8.25 8.25 8.5 8.5 8.5 8.5 9 9 9 9 6.75 6.75 6.75 5 5 5.25 5.25 4.5 4.5
5.5 5.5 6.5 6.5 6.5 8.25 8.25 10.75 10.75 10.75 10.75 7.25 7.25 10.75 10.75 8 8 8 7.5 7.5 7 7 8.5 8.5 8 8 5.25 5.25 5.25 5.25 5.25 5.25 5.25 5.25 5.25 5.25 5.25 4.75 4.75 4.75 4.75 4.75 4.75 4.75 4.75 4.75 5.25 5.25 5.25 5.25 5 5 5 5 5 5 5 5.5 5.5 5 5 6.25 6.25 8 8 8.25 8.25 8.25 8.25 8.25 8.5 8.5 9 9 8.25 8.25 5.25 5.25 5.25 5.75 5.75 4 4 4.25 4.25
5.5 5.5 6.5 6.5 6.5 8.25 8.25 10.75 10.75 10.75 10.75 7.25 7.25 10.75 10.75 8 8 8 7.5 7.5 7 7 8.5 8.5 8 8 5.25 5.25 5.25 5.25 5.25 5.25 5.25 5.25 5.25 5.25 5.25 4.75 4.75 4.75 4.75 4.75 4.75 4.75 4.75 4.75 5.25 5.25 5.25 5.25 5 5 5 5 5 5 5 5.5 5.5 5 5 6.25 6.25 8 8 8.25 8.25 8.25 8.25 8.25 8.5 8.5 9 9 8.25 8.25 5.25 5.25 5.25 5.75 5.75 4 4 4.25 4.25
5.5 5.5 5.5 5.5 5.5 5.5 5.5 8.25 8.25 9.75 9.75 10.75 10.75 10.75 10.75 10.25 10.25 10.25 10 10 10.25 10.25 10 10 5.25 5.25 5.25 5.25 5.25 5.25 5.25 5.25 5.25 5.25 5.25 5.25 5.25 4.25 4.25 4.25 4.25 4.25 4.25 4.25 5.25 5.25 5.25 5.25 5.25 5.25 5.25 5.25 5 5 5 5 5 5.25 5.25 4.75 4.75 6.5 6.5 7.25 7.25 7.25 7.25 7.25 6.75 6.75 7.5 7.5 9 9 8 8 5.75 5.75 5.75 5.5 5.5 4 4 4 4
5.5 5.5 5.5 5.5 5.5 5.5 5.5 8.25 8.25 9.75 9.75 10.75 10.75 10.75 10.75 10.25 10.25 10.25 10 10 10.25 10.25 10 10 5.25 5.25 5.25 5.25 5.25 5.25 5.25 5.25 5.25 5.25 5.25 5.25 5.25 4.25 4.25 4.25 4.25 4.25 4.25 4.25 5.25 5.25 5.25 5.25 5.25 5.25 5.25 5.25 5 5 5 5 5 5.25 5.25 4.75 4.75 6.5 6.5 7.25 7.25 7.25 7.25 7.25 6.75 6.75 7.5 7.5 9 9 8 8 5.75 5.75 5.75 5.5 5.5 4 4 4 4
4.5 4.5 5.5 5.5 5.5 5.5 5.5 5.5 5.5 5.5 5.5 8.25 8.25 10 10 6.25 6.25 6.25 8.75 8.75 10 10 8.25 8.25 4.5 4.5 4.5 4.5 4.5 4.5 4.5 4.5 4.5 4.5 4.5 4.25 4.25 4 4 4 4 4 5 5 5 5 5 5 5 5 5.25 5.25 5.25 5.25 5.25 5.25 5.25 5 5 4.75 4.75 4.75 4.75 5.5 5.5 7.75 7.75 7.75 7.75 7.75 7.5 7.5 9 9 8 8 8 8 8 4.25 4.25 4 4 4 4
4.5 4.5 5.5 5.5 5.5 5.5 5.5 5.5 5.5 5.5 5.5 8.25 8.25 10 10 6.25 6.25 6.25 8.75 8.75 10 10 8.25 8.25 4.5 4.5 4.5 4.5 4.5 4.5 4.5 4.5 4.5 4.5 4.5 4.25 4.25 4 4 4 4 4 5 5 5 5 5 5 5 5 5.25 5.25 5.25 5.25 5.25 5.25 5.25 5 5 4.75 4.75 4.75 4.75 5.5 5.5 7.75 7.75 7.75 7.75 7.75 7.5 7.5 9 9 8 8 8 8 8 4.25 4.25 4 4 4 4
4.5 4.5 5.5 5.5 5.5 5.5 5.5 5.5 5.5 5.5 5.5 8.25 8.25 10 10 6.25 6.25 6.25 8.75 8.75 10 10 8.25 8.25 4.5 4.5 4.5 4.5 4.5 4.5 4.5 4.5 4.5 4.5 4.5 4.25 4.25 4 4 4 4 4 5 5 5 5 5 5 5 5 5.25 5.25 5.25 5.25 5.25 5.25 5.25 5 5 4.75 4.75 4.75 4.75 5.5 5.5 7.75 7.75 7.75 7.75 7.75 7.5 7.5 9 9 8 8 8 8 8 4.25 4.25 4 4 4 4
4 4 4.25 4.25 4.25 4.25 4.25 5 5 5 5 5 5 4.25 4.25 4 4 4 4 4 4 4 4 4 3.75 3.75 3.75 3.75 3.75 3.75 3.75 4 4 4 4 5 5 4.75 4.75 4.75 4.75 4.75 5 5 5 5 5 5 4.75 4.75 5 5 9 9 9 8 8 4.75 4.75 4.75 4.75 3.5 3.5 4.75 4.75 5.5 5.5 5.5 5 5 7.75 7.75 7.25 7.25 6.5 6.5 4.25 4.25 4.25 4.25 4.25 4.25 4.25 4 4
4 4 4.25 4.25 4.25 4.25 4.25 5 5 5 5 5 5 4.25 4.25 4 4 4 4 4 4 4 4 4 3.75 3.75 3.75 3.75 3.75 3.75 3.75 4 4 4 4 5 5 4.75 4.75 4.75 4.75 4.75 5 5 5 5 5 5 4.75 4.75 5 5 9 9 9 8 8 4.75 4.75 4.75 4.75 3.5 3.5 4.75 4.75 5.5 5.5 5.5 5 5 7.75 7.75 7.25 7.25 6.5 6.5 4.25 4.25 4.25 4.25 4.25 4.25 4.25 4 4
4.25 4.25 3.5 3.5 3.5 4 4 3.5 3.5 3.5 3.5 4.25 4.25 5 5 4 4 4 4.75 4.75 5 5 5 5 5 5 3.75 3.75 3.75 3.75 3.75 3.75 3.75 4.75 4.75 4.75 4.75 4.75 4.75 4.75 4.75 4.75 4.75 4.75 5 5 5 5 7.75 7.75 7.75 7.75 9.75 9.75 9.75 9.25 9.25 4.75 4.75 4.25 4.25 3.25 3.25 4.75 4.75 5 5 5 4.5 4.5 5.25 5.25 5.25 5.25 4 4 4 4 4 4 4 4.25 4.25 4 4
4.25 4.25 3.5 3.5 3.5 4 4 3.5 3.5 3.5 3.5 4.25 4.25 5 5 4 4 4 4.75 4.75 5 5 5 5 5 5 3.75 3.75 3.75 3.75 3.75 3.75 3.75 4.75 4.75 4.75 4.75 4.75 4.75 4.75 4.75 4.75 4.75 4.75 5 5 5 5 7.75 7.75 7.75 7.75 9.75 9.75 9.75 9.25 9.25 4.75 4.75 4.25 4.25 3.25 3.25 4.75 4.75 5 5 5 4.5 4.5 5.25 5.25 5.25 5.25 4 4 4 4 4 4 4 4.25 4.25 4 4
5.75 5.75 4.5 4.5 4.5 4.5 4.5 4.25 4.25 4 4 4.75 4.75 5 5 4.5 4.5 4.5 5 5 5 5 5 5 5 5 5 5 5 5 5 4.75 4.75 4.75 4.75 4.75 4.75 4.75 4.75 4.75 4.75 4.75 4.75 4.75 5 5 7.5 7.5 10.75 10.75 10.25 10.25 10.75 10.75 10.75 5.5 5.5 4.25 4.25 3.25 3.25 3.25 3.25 4.5 4.5 4.5 4.5 4.5 4.5 4.5 4.5 4.5 4.5 4.5 3.75 3.75 4 4 4 4 4 4 4 3.75 3.75
5.75 5.75 4.5 4.5 4.5 4.5 4.5 4.25 4.25 4 4 4.75 4.75 5 5 4.5 4.5 4.5 5 5 5 5 5 5 5 5 5 5 5 5 5 4.75 4.75 4.75 4.75 4.75 4.75 4.75 4.75 4.75 4.75 4.75 4.75 4.75 5 5 7.5 7.5 10.75 10.75 10.25 10.25 10.75 10.75 10.75 5.5 5.5 4.25 4.25 3.25 3.25 3.25 3.25 4.5 4.5 4.5 4.5 4.5 4.5 4.5 4.5 4.5 4.5 4.5 3.75 3.75 4 4 4 4 4 4 4 3.75 3.75
8.75 8.75 9 9 9 8.75 8.75 8.75 8.75 4.75 4.75 5.25 5.25 4.25 4.25 4 4 4 5.25 5.25 5.25 5.25 5 5 5 5 5 5 5 5 5 5 5 4.75 4.75 4.75 4.75 4.75 4.75 4.75 4.75 4.75 4.75 4.75 5 5 8 8 10.75 10.75 10.75 10.75 10 10 10 3.25 3.25 4.25 4.25 4.5 4.5 4.25 4.25 4.25 4.25 3.25 3.25 3.25 3.25 3.25 3.25 3.25 3 3 3.75 3.75 4.5 4.5 4.5 4 4 4 4 3.5 3.5
8.75 8.75 9 9 9 8.75 8.75 8.75 8.75 4.75 4.75 5.25 5.25 4.25 4.25 4 4 4 5.25 5.25 5.25 5.25 5 5 5 5 5 5 5 5 5 5 5 4.75 4.75 4.75 4.75 4.75 4.75 4.75 4.75 4.75 4.75 4.75 5 5 8 8 10.75 10.75 10.75 10.75 10 10 10 3.25 3.25 4.25 4.25 4.5 4.5 4.25 4.25 4.25 4.25 3.25 3.25 3.25 3.25 3.25 3.25 3.25 3 3 3.75 3.75 4.5 4.5 4.5 4 4 4 4 3.5 3.5
4.25 4.25 4.75 4.75 4.75 5.25 5.25 4.5 4.5 4.25 4.25 4.75 4.75 4.75 4.75 5 5 5 5.75 5.75 5.25 5.25 5.25 5.25 5.25 5.25 5.25 5.25 5.25 5.25 5.25 5.25 5.25 5.25 5.25 4.75 4.75 4.75 4.75 4.75 4.75 4.75 4.5 4.5 4.75 4.75 7.75 7.75 10.75 10.75 10.75 10.75 8.5 8.5 8.5 4.75 4.75 4.75 4.75 4.75 4.75 3.25 3.25 3.25 3.25 3.25 3.25 3.25 3.25 3.25 3.25 3.25 3 3 3.25 3.25 4.75 4.75 4.75 4.5 4.5 4 4 3.5 3.5
4.25 4.25 4.75 4.75 4.75 5.25 5.25 4.5 4.5 4.25 4.25 4.75 4.75 4.75 4.75 5 5 5 5.75 5.75 5.25 5.25 5.25 5.25 5.25 5.25 5.25 5.25 5.25 5.25 5.25 5.25 5.25 5.25 5.25 4.75 4.75 4.75 4.75 4.75 4.75 4.75 4.5 4.5 4.75 4.75 7.75 7.75 10.75 10.75 10.75 10.75 8.5 8.5 8.5 4.75 4.75 4.75 4.75 4.75 4.75 3.25 3.25 3.25 3.25 3.25 3.25 3.25 3.25 3.25 3.25 3.25 3 3 3.25 3.25 4.75 4.75 4.75 4.5 4.5 4 4 3.5 3.5
4.25 4.25 4.75 4.75 4.75 5.25 5.25 4.5 4.5 4.25 4.25 4.75 4.75 4.75 4.75 5 5 5 5.75 5.75 5.25 5.25 5.25 5.25 5.25 5.25 5.25 5.25 5.25 5.25 5.25 5.25 5.25 5.25 5.25 4.75 4.75 4.75 4.75 4.75 4.75 4.75 4.5 4.5 4.75 4.75 7.75 7.75 10.75 10.75 10.75 10.75 8.5 8.5 8.5 4.75 4.75 4.75 4.75 4.75 4.75 3.25 3.25 3.25 3.25 3.25 3.25 3.25 3.25 3.25 3.25 3.25 3 3 3.25 3.25 4.75 4.75 4.75 4.5 4.5 4 4 3.5 3.5
3.25 3.25 4 4 4 3.75 3.75 3.75 3.75 3.75 3.75 4 4 4.25 4.25 5.75 5.75 5.75 5.75 5.75 5.75 5.75 4.75 4.75 5.75 5.75 5.75 5.75 6 6 6 6.25 6.25 5.25 5.25 5.25 5.25 5.25 5.25 4.75 4.75 4.75 4.75 4.75 5.25 5.25 10.75 10.75 10.75 10.75 10.75 10.75 8.5 8.5 8.5 5 5 4.5 4.5 4.5 4.5 4.25 4.25 2.75 2.75 2.75 2.75 2.75 3.25 3.25 3.25 3.25 3.5 3.5 3.25 3.25 4 4 4 4.25 4.25 4 4 3.5 3.5
3.25 3.25 4 4 4 3.75 3.75 3.75 3.75 3.75 3.75 4 4 4.25 4.25 5.75 5.75 5.75 5.75 5.75 5.75 5.75 4.75 4.75 5.75 5.75 5.75 5.75 6 6 6 6.25 6.25 5.25 5.25 5.25 5.25 5.25 5.25 4.75 4.75 4.75 4.75 4.75 5.25 5.25 10.75 10.75 10.75 10.75 10.75 10.75 8.5 8.5 8.5 5 5 4.5 4.5 4.5 4.5 4.25 4.25 2.75 2.75 2.75 2.75 2.75 3.25 3.25 3.25 3.25 3.5 3.5 3.25 3.25 4 4 4 4.25 4.25 4 4 3.5 3.5
3.25 3.25 3 3 3 3 3 3.25 3.25 3.75 3.75 3.75 3.75 3.75 3.75 4 4 4 4 4 4 4 4 4 5 5 5.25 5.25 5.25 5.25 5.25 6.25 6.25 7 7 6.25 6.25 5.25 5.25 5.25 5.25 5.25 5.25 5.25 10.25 10.25 10.75 10.75 10.75 10.75 10.75 10.75 9 9 9 4.75 4.75 4.5 4.5 4.25 4.25 4.25 4.25 4.25 4.25 4.25 4.25 4.25 4.75 4.75 4.5 4.5 3.5 3.5 3.5 3.5 4 4 4 4 4 4.25 4.25 4 4
3.25 3.25 3 3 3 3 3 3.25 3.25 3.75 3.75 3.75 3.75 3.75 3.75 4 4 4 4 4 4 4 4 4 5 5 5.25 5.25 5.25 5.25 5.25 6.25 6.25 7 7 6.25 6.25 5.25 5.25 5.25 5.25 5.25 5.25 5.25 10.25 10.25 10.75 10.75 10.75 10.75 10.75 10.75 9 9 9 4.75 4.75 4.5 4.5 4.25 4.25 4.25 4.25 4.25 4.25 4.25 4.25 4.25 4.75 4.75 4.5 4.5 3.5 3.5 3.5 3.5 4 4 4 4 4 4.25 4.25 4 4
4.75 4.75 4 4 4 3.75 3.75 3 3 3 3 3.75 3.75 4 4 3.5 3.5 3.5 3.75 3.75 3.5 3.5 4.5 4.5 5 5 5 5 5.25 5.25 5.25 5.25 5.25 6.25 6.25 6.5 6.5 7 7 6.75 6.75 6.75 8.5 8.5 10.25 10.25 10.25 10.25 10.75 10.75 10.75 10.75 10.75 10.75 10.75 9 9 9 9 4 4 4.25 4.25 4.75 4.75 4.75 4.75 4.75 5 5 5 5 3.5 3.5 4 4 3.5 3.5 3.5 2.75 2.75 3.75 3.75 3.5 3.5
4.75 4.75 4 4 4 3.75 3.75 3 3 3 3 3.75 3.75 4 4 3.5 3.5 3.5 3.75 3.75 3.5 3.5 4.5 4.5 5 5 5 5 5.25 5.25 5.25 5.25 5.25 6.25 6.25 6.5 6.5 7 7 6.75 6.75 6.75 8.5 8.5 10.25 10.25 10.25 10.25 10.75 10.75 10.75 10.75 10.75 10.75 10.75 9 9 9 9 4 4 4.25 4.25 4.75 4.75 4.75 4.75 4.75 5 5 5 5 3.5 3.5 4 4 3.5 3.5 3.5 2.75 2.75 3.75 3.75 3.5 3.5
2 2 2.25 2.25 2.25 3 3 3.5 3.5 4 4 4 4 3.75 3.75 3.75 3.75 3.75 3.25 3.25 3.5 3.5 4.25 4.25 4.5 4.5 4.5 4.5 5 5 5 5 5 5 5 6 6 6 6 6.75 6.75 6.75 8 8 10 10 10.25 10.25 10.25 10.25 10.25 10.25 10.25 10.25 10.25 10.25 10.25 10.25 10.25 9.5 9.5 4.75 4.75 4.25 4.25 5 5 5 5.25 5.25 5.25 5.25 3 3 2.75 2.75 2 2 2 2 2 2.75 2.75 3.25 3.25
2 2 2.25 2.25 2.25 3 3 3.5 3.5 4 4 4 4 3.75 3.75 3.75 3.75 3.75 3.25 3.25 3.5 3.5 4.25 4.25 4.5 4.5 4.5 4.5 5 5 5 5 5 5 5 6 6 6 6 6.75 6.75 6.75 8 8 10 10 10.25 10.25 10.25 10.25 10.25 10.25 10.25 10.25 10.25 10.25 10.25 10.25 10.25 9.5 9.5 4.75 4.75 4.25 4.25 5 5 5 5.25 5.25 5.25 5.25 3 3 2.75 2.75 2 2 2 2 2 2.75 2.75 3.25 3.25
2 2 2 2 2 2 2 2 2 2 2 4.25 4.25 3.5 3.5 3.25 3.25 3.25 4.25 4.25 4 4 2.25 2.25 4 4 4.25 4.25 4.25 4.25 4.25 4.25 4.25 4.5 4.5 5.75 5.75 5.5 5.5 9.25 9.25 9.25 9 9 9 9 9.75 9.75 10 10 10 10 10 10 10 10 10 10 10 10.25 10.25 8 8 4.25 4.25 5 5 5 4.75 4.75 4.75 4.75 3.25 3.25 2.25 2.25 2 2 2 4 4 4.5 4.5 4.25 4.25
2 2 2 2 2 2 2 2 2 2 2 4.25 4.25 3.5 3.5 3.25 3.25 3.25 4.25 4.25 4 4 2.25 2.25 4 4 4.25 4.25 4.25 4.25 4.25 4.25 4.25 4.5 4.5 5.75 5.75 5.5 5.5 9.25 9.25 9.25 9 9 9 9 9.75 9.75 10 10 10 10 10 10 10 10 10 10 10 10.25 10.25 8 8 4.25 4.25 5 5 5 4.75 4.75 4.75 4.75 3.25 3.25 2.25 2.25 2 2 2 4 4 4.5 4.5 4.25 4.25
2 2 2 2 2 2 2 2 2 2 2 3.5 3.5 3.75 3.75 3.75 3.75 3.75 3.75 3.75 3.75 3.75 3.5 3.5 3.25 3.25 3.25 3.25 3.5 3.5 3.5 3.75 3.75 3.75 3.75 4 4 7.75 7.75 10 10 10 9.75 9.75 8.75 8.75 8.75 8.75 9.75 9.75 9.75 9.75 9.75 9.75 9.75 9.75 9.75 9.5 9.5 9.5 9.5 5 5 4.25 4.25 4.25 4.25 4.25 3.5 3.5 4.5 4.5 3 3 2.25 2.25 2.25 2.25 2.25 4.5 4.5 5.5 5.5 5.75 5.75
2 2 2 2 2 2 2 2 2 2 2 3.5 3.5 3.75 3.75 3.75 3.75 3.75 3.75 3.75 3.75 3.75 3.5 3.5 3.25 3.25 3.25 3.25 3.5 3.5 3.5 3.75 3.75 3.75 3.75 4 4 7.75 7.75 10 10 10 9.75 9.75 8.75 8.75 8.75 8.75 9.75 9.75 9.75 9.75 9.75 9.75 9.75 9.75 9.75 9.5 9.5 9.5 9.5 5 5 4.25 4.25 4.25 4.25 4.25 3.5 3.5 4.5 4.5 3 3 2.25 2.25 2.25 2.25 2.25 4.5 4.5 5.5 5.5 5.75 5.75
2 2 2 2 2 2 2 2 2 2 2 3.5 3.5 3.75 3.75 3.75 3.75 3.75 3.75 3.75 3.75 3.75 3.5 3.5 3.25 3.25 3.25 3.25 3.5 3.5 3.5 3.75 3.75 3.75 3.75 4 4 7.75 7.75 10 10 10 9.75 9.75 8.75 8.75 8.75 8.75 9.75 9.75 9.75 9.75 9.75 9.75 9.75 9.75 9.75 9.5 9.5 9.5 9.5 5 5 4.25 4.25 4.25 4.25 4.25 3.5 3.5 4.5 4.5 3 3 2.25 2.25 2.25 2.25 2.25 4.5 4.5 5.5 5.5 5.75 5.75
2 2 2 2 2 3.25 3.25 2.25 2.25 2.25 2.25 2.25 2.25 3.75 3.75 4 4 4 3.5 3.5 3.75 3.75 3.5 3.5 3.75 3.75 3.25 3.25 3.25 3.25 3.25 3.25 3.25 3.25 3.25 3 3 6.5 6.5 9.75 9.75 9.75 9.75 9.75 9.75 9.75 9.75 9.75 9.75 9.75 9.75 9.75 9.75 9.75 9.75 9.5 9.5 10 10 6 6 6 6 5 5 4 4 4 1.75 1.75 2 2 2.25 2.25 2.5 2.5 2.5 2.5 2.5 5.5 5.5 5.75 5.75 5.75 5.75
2 2 2 2 2 3.25 3.25 2.25 2.25 2.25 2.25 2.25 2.25 3.75 3.75 4 4 4 3.5 3.5 3.75 3.75 3.5 3.5 3.75 3.75 3.25 3.25 3.25 3.25 3.25 3.25 3.25 3.25 3.25 3 3 6.5 6.5 9.75 9.75 9.75 9.75 9.75 9.75 9.75 9.75 9.75 9.75 9.75 9.75 9.75 9.75 9.75 9.75 9.5 9.5 10 10 6 6 6 6 5 5 4 4 4 1.75 1.75 2 2 2.25 2.25 2.5 2.5 2.5 2.5 2.5 5.5 5.5 5.75 5.75 5.75 5.75
2 2 2 2 2 2 2 2 2 2.25 2.25 3.25 3.25 3.25 3.25 3.25 3.25 3.25 3.5 3.5 4 4 3.75 3.75 3.5 3.5 3.25 3.25 3.5 3.5 3.5 2.75 2.75 2.75 2.75 2.75 2.75 3 3 7.75 7.75 7.75 10 10 9.75 9.75 9.75 9.75 9.75 9.75 9.75 9.75 9.75 9.75 9.75 7.75 7.75 6 6 6 6 7 7 6 6 4.75 4.75 4.75 4 4 2.5 2.5 1.75 1.75 2.25 2.25 2.5 2.5 2.5 4.5 4.5 5.5 5.5 5.5 5.5
2 2 2 2 2 2 2 2 2 2.25 2.25 3.25 3.25 3.25 3.25 3.25 3.25 3.25 3.5 3.5 4 4 3.75 3.75 3.5 3.5 3.25 3.25 3.5 3.5 3.5 2.75 2.75 2.75 2.75 2.75 2.75 3 3 7.75 7.75 7.75 10 10 9.75 9.75 9.75 9.75 9.75 9.75 9.75 9.75 9.75 9.75 9.75 7.75 7.75 6 6 6 6 7 7 6 6 4.75 4.75 4.75 4 4 2.5 2.5 1.75 1.75 2.25 2.25 2.5 2.5 2.5 4.5 4.5 5.5 5.5 5.5 5.5
