data_and_outputs/correlation_matrices/10km_rarefied/palms.asc
NCOLS 1199 
NROWS 625 
XLLCORNER -17.966920000227 
YLLCORNER -10.0196900162263 
CELLSIZE 0.0416666722270451 
NODATA_value -9999 
[rows 333 to 369 of 625, columns 680 to 764 of 1199]
18 18 18 18 18 18.5 18.5 17.25 17.25 16.75 16.75 17.5 17.5 17.5 17.5 17.5 18.5 18.5 18.25 18.25 20.75 20.75 20 20 19.75 19.75 19.75 19.25 19.25 19.5 19.5 19 19 18.75 18.75 16.75 16.75 16.25 16.25 16.25 15.5 15.5 14.75 14.75 11 11 11 11 9 9 9 8 8 8.25 8.25 9.25 9.25 9.25 9.25 9 9 8.75 8.75 8.75 8.75 8.75 8.5 8.5 9.25 9.25 9 9 8.25 8.25 8 8 8 8.5 8.5 11.25 11.25 6 6 6.25 6.25
18 18 18 18 18 18.5 18.5 17.25 17.25 16.75 16.75 17.5 17.5 17.5 17.5 17.5 18.5 18.5 18.25 18.25 20.75 20.75 20 20 19.75 19.75 19.75 19.25 19.25 19.5 19.5 19 19 18.75 18.75 16.75 16.75 16.25 16.25 16.25 15.5 15.5 14.75 14.75 11 11 11 11 9 9 9 8 8 8.25 8.25 9.25 9.25 9.25 9.25 9 9 8.75 8.75 8.75 8.75 8.75 8.5 8.5 9.25 9.25 9 9 8.25 8.25 8 8 8 8.5 8.5 11.25 11.25 6 6 6.25 6.25
18.5 18.5 18.5 18.75 18.75 19 19 18.75 18.75 18.75 18.75 17.25 17.25 17.25 17.5 17.5 18.5 18.5 19 19 19.75 19.75 20.75 20.75 19.25 19.25 19.25 19.5 19.5 18.75 18.75 19 19 18.25 18.25 17 17 16 16 16 15.25 15.25 13 13 9.75 9.75 9 9 8.5 8.5 8.5 9.25 9.25 8.25 8.25 8.25 8.25 9.5 9.5 8.25 8.25 8.25 8.25 8.25 8.75 8.75 8 8 9.25 9.25 8 8 7.75 7.75 7.75 7.75 7.75 8.5 8.5 8 8 7 7 7 7
18.5 18.5 18.5 18.75 18.75 19 19 18.75 18.75 18.75 18.75 17.25 17.25 17.25 17.5 17.5 18.5 18.5 19 19 19.75 19.75 20.75 20.75 19.25 19.25 19.25 19.5 19.5 18.75 18.75 19 19 18.25 18.25 17 17 16 16 16 15.25 15.25 13 13 9.75 9.75 9 9 8.5 8.5 8.5 9.25 9.25 8.25 8.25 8.25 8.25 9.5 9.5 8.25 8.25 8.25 8.25 8.25 8.75 8.75 8 8 9.25 9.25 8 8 7.75 7.75 7.75 7.75 7.75 8.5 8.5 8 8 7 7 7 7
16.25 16.25 16.25 17.25 17.25 18.5 18.5 18 18 17.75 17.75 18.25 18.25 18.25 18.5 18.5 18.5 18.5 17 17 18 18 20 20 19.75 19.75 19.75 18.5 18.5 19.5 19.5 18.75 18.75 17.25 17.25 16.5 16.5 13.5 13.5 13.5 12 12 12.5 12.5 9.5 9.5 9.25 9.25 9 9 9 9.5 9.5 8.5 8.5 8.5 8.5 9.25 9.25 9.25 9.25 8.25 8.25 8.25 8.5 8.5 8.75 8.75 8.75 8.75 8.5 8.5 8 8 6.75 6.75 6.75 7 7 6.25 6.25 6.5 6.5 6.25 6.25
16.25 16.25 16.25 17.25 17.25 18.5 18.5 18 18 17.75 17.75 18.25 18.25 18.25 18.5 18.5 18.5 18.5 17 17 18 18 20 20 19.75 19.75 19.75 18.5 18.5 19.5 19.5 18.75 18.75 17.25 17.25 16.5 16.5 13.5 13.5 13.5 12 12 12.5 12.5 9.5 9.5 9.25 9.25 9 9 9 9.5 9.5 8.5 8.5 8.5 8.5 9.25 9.25 9.25 9.25 8.25 8.25 8.25 8.5 8.5 8.75 8.75 8.75 8.75 8.5 8.5 8 8 6.75 6.75 6.75 7 7 6.25 6.25 6.5 6.5 6.25 6.25
15.25 15.25 15.25 16.5 16.5 17 17 18 18 18.75 18.75 19 19 19 18.75 18.75 18.5 18.5 18.25 18.25 18 18 16.75 16.75 16.5 16.5 16.5 18.25 18.25 19.5 19.5 17.75 17.75 16.75 16.75 14.25 14.25 12.75 12.75 12.75 9.75 9.75 9.75 9.75 10 10 8.75 8.75 8.5 8.5 8.5 9 9 8.5 8.5 8.25 8.25 9 9 8.75 8.75 8 8 8 8.25 8.25 9 9 8.5 8.5 7.25 7.25 7.25 7.25 6.75 6.75 6.75 6.5 6.5 6.25 6.25 6.5 6.5 6.5 6.5
15.25 15.25 15.25 16.5 16.5 17 17 18 18 18.75 18.75 19 19 19 18.75 18.75 18.5 18.5 18.25 18.25 18 18 16.75 16.75 16.5 16.5 16.5 18.25 18.25 19.5 19.5 17.75 17.75 16.75 16.75 14.25 14.25 12.75 12.75 12.75 9.75 9.75 9.75 9.75 10 10 8.75 8.75 8.5 8.5 8.5 9 9 8.5 8.5 8.25 8.25 9 9 8.75 8.75 8 8 8 8.25 8.25 9 9 8.5 8.5 7.25 7.25 7.25 7.25 6.75 6.75 6.75 6.5 6.5 6.25 6.25 6.5 6.5 6.5 6.5
15.25 15.25 15.25 16.5 16.5 17 17 18 18 18.75 18.75 19 19 19 18.75 18.75 18.5 18.5 18.25 18.25 18 18 16.75 16.75 16.5 16.5 16.5 18.25 18.25 19.5 19.5 17.75 17.75 16.75 16.75 14.25 14.25 12.75 12.75 12.75 9.75 9.75 9.75 9.75 10 10 8.75 8.75 8.5 8.5 8.5 9 9 8.5 8.5 8.25 8.25 9 9 8.75 8.75 8 8 8 8.25 8.25 9 9 8.5 8.5 7.25 7.25 7.25 7.25 6.75 6.75 6.75 6.5 6.5 6.25 6.25 6.5 6.5 6.5 6.5
15 15 15 17 17 16.75 16.75 16.5 16.5 16.5 16.5 17.5 17.5 17.5 18.5 18.5 18.5 18.5 18.5 18.5 18.25 18.25 17.75 17.75 18.25 18.25 18.25 18.25 18.25 19.25 19.25 17.5 17.5 16.75 16.75 14.25 14.25 13.75 13.75 13.75 11.25 11.25 11.75 11.75 13.5 13.5 11.75 11.75 8.75 8.75 8.75 8.25 8.25 8.25 8.25 8 8 10.75 10.75 10.75 10.75 7.75 7.75 7.75 8.75 8.75 9 9 11.5 11.5 7.5 7.5 7 7 7 7 7 6.5 6.5 6.25 6.25 6.5 6.5 6.25 6.25
15 15 15 17 17 16.75 16.75 16.5 16.5 16.5 16.5 17.5 17.5 17.5 18.5 18.5 18.5 18.5 18.5 18.5 18.25 18.25 17.75 17.75 18.25 18.25 18.25 18.25 18.25 19.25 19.25 17.5 17.5 16.75 16.75 14.25 14.25 13.75 13.75 13.75 11.25 11.25 11.75 11.75 13.5 13.5 11.75 11.75 8.75 8.75 8.75 8.25 8.25 8.25 8.25 8 8 10.75 10.75 10.75 10.75 7.75 7.75 7.75 8.75 8.75 9 9 11.5 11.5 7.5 7.5 7 7 7 7 7 6.5 6.5 6.25 6.25 6.5 6.5 6.25 6.25
15.5 15.5 15.5 15.5 15.5 16.75 16.75 16.25 16.25 16.25 16.25 16.25 16.25 16.25 18.25 18.25 17.25 17.25 18.25 18.25 17.5 17.5 17.75 17.75 17.75 17.75 17.75 18.25 18.25 18.25 18.25 18 18 16.25 16.25 15.25 15.25 13.75 13.75 13.75 12.5 12.5 13.25 13.25 10.75 10.75 13.5 13.5 13.75 13.75 13.75 9.5 9.5 8.25 8.25 8 8 9.5 9.5 9.25 9.25 7.5 7.5 7.5 7.75 7.75 9.75 9.75 9.25 9.25 7.25 7.25 7.25 7.25 7 7 7 7.25 7.25 6.75 6.75 6.75 6.75 6.75 6.75
15.5 15.5 15.5 15.5 15.5 16.75 16.75 16.25 16.25 16.25 16.25 16.25 16.25 16.25 18.25 18.25 17.25 17.25 18.25 18.25 17.5 17.5 17.75 17.75 17.75 17.75 17.75 18.25 18.25 18.25 18.25 18 18 16.25 16.25 15.25 15.25 13.75 13.75 13.75 12.5 12.5 13.25 13.25 10.75 10.75 13.5 13.5 13.75 13.75 13.75 9.5 9.5 8.25 8.25 8 8 9.5 9.5 9.25 9.25 7.5 7.5 7.5 7.75 7.75 9.75 9.75 9.25 9.25 7.25 7.25 7.25 7.25 7 7 7 7.25 7.25 6.75 6.75 6.75 6.75 6.75 6.75
15.75 15.75 15.75 14.25 14.25 16.25 16.25 15 15 15.75 15.75 16.25 16.25 16.25 17.75 17.75 18.5 18.5 17.75 17.75 17.75 17.75 17.5 17.5 17.25 17.25 17.25 15.25 15.25 15.75 15.75 15.5 15.5 14.5 14.5 13.25 13.25 11.75 11.75 11.75 11.25 11.25 13.25 13.25 12.75 12.75 13.25 13.25 14.5 14.5 14.5 10.25 10.25 9.25 9.25 8.25 8.25 8 8 7.5 7.5 7.75 7.75 7.75 7.75 7.75 7.75 7.75 7.75 7.75 7.5 7.5 7.5 7.5 7.5 7.5 7.5 7.25 7.25 7.25 7.25 7 7 6.25 6.25
15.75 15.75 15.75 14.25 14.25 16.25 16.25 15 15 15.75 15.75 16.25 16.25 16.25 17.75 17.75 18.5 18.5 17.75 17.75 17.75 17.75 17.5 17.5 17.25 17.25 17.25 15.25 15.25 15.75 15.75 15.5 15.5 14.5 14.5 13.25 13.25 11.75 11.75 11.75 11.25 11.25 13.25 13.25 12.75 12.75 13.25 13.25 14.5 14.5 14.5 10.25 10.25 9.25 9.25 8.25 8.25 8 8 7.5 7.5 7.75 7.75 7.75 7.75 7.75 7.75 7.75 7.75 7.75 7.5 7.5 7.5 7.5 7.5 7.5 7.5 7.25 7.25 7.25 7.25 7 7 6.25 6.25
15.5 15.5 15.5 15.25 15.25 14 14 15 15 15 15 16 16 16 16.25 16.25 17.75 17.75 17.75 17.75 17.25 17.25 15.75 15.75 15 15 15 14.5 14.5 15.5 15.5 15.25 15.25 13.5 13.5 11.5 11.5 13.5 13.5 13.5 12.75 12.75 12.5 12.5 12.5 12.5 14.25 14.25 13.5 13.5 13.5 10 10 9.5 9.5 9.75 9.75 8.25 8.25 7.75 7.75 8 8 8 7.75 7.75 8 8 7.75 7.75 7.5 7.5 7.5 7.5 7.5 7.5 7.5 7.25 7.25 7.5 7.5 7.25 7.25 7 7
15.5 15.5 15.5 15.25 15.25 14 14 15 15 15 15 16 16 16 16.25 16.25 17.75 17.75 17.75 17.75 17.25 17.25 15.75 15.75 15 15 15 14.5 14.5 15.5 15.5 15.25 15.25 13.5 13.5 11.5 11.5 13.5 13.5 13.5 12.75 12.75 12.5 12.5 12.5 12.5 14.25 14.25 13.5 13.5 13.5 10 10 9.5 9.5 9.75 9.75 8.25 8.25 7.75 7.75 8 8 8 7.75 7.75 8 8 7.75 7.75 7.5 7.5 7.5 7.5 7.5 7.5 7.5 7.25 7.25 7.5 7.5 7.25 7.25 7 7
15.5 15.5 15.5 15.5 15.5 14 14 15.25 15.25 16.25 16.25 17 17 17 17 17 18 18 16 16 16 16 15 15 14.5 14.5 14.5 14.5 14.5 13.5 13.5 13.5 13.5 13.25 13.25 13.5 13.5 13.5 13.5 13.5 13 13 12.5 12.5 13 13 13.75 13.75 11.5 11.5 11.5 9.5 9.5 9.25 9.25 9.75 9.75 9.75 9.75 8.25 8.25 8 8 8 8.5 8.5 8.25 8.25 7.75 7.75 7.75 7.75 8 8 7.75 7.75 7.75 7.5 7.5 7.5 7.5 6.75 6.75 6.5 6.5
15.5 15.5 15.5 15.5 15.5 14 14 15.25 15.25 16.25 16.25 17 17 17 17 17 18 18 16 16 16 16 15 15 14.5 14.5 14.5 14.5 14.5 13.5 13.5 13.5 13.5 13.25 13.25 13.5 13.5 13.5 13.5 13.5 13 13 12.5 12.5 13 13 13.75 13.75 11.5 11.5 11.5 9.5 9.5 9.25 9.25 9.75 9.75 9.75 9.75 8.25 8.25 8 8 8 8.5 8.5 8.25 8.25 7.75 7.75 7.75 7.75 8 8 7.75 7.75 7.75 7.5 7.5 7.5 7.5 6.75 6.75 6.5 6.5
15.5 15.5 15.5 15.5 15.5 14 14 15.25 15.25 16.25 16.25 17 17 17 17 17 18 18 16 16 16 16 15 15 14.5 14.5 14.5 14.5 14.5 13.5 13.5 13.5 13.5 13.25 13.25 13.5 13.5 13.5 13.5 13.5 13 13 12.5 12.5 13 13 13.75 13.75 11.5 11.5 11.5 9.5 9.5 9.25 9.25 9.75 9.75 9.75 9.75 8.25 8.25 8 8 8 8.5 8.5 8.25 8.25 7.75 7.75 7.75 7.75 8 8 7.75 7.75 7.75 7.5 7.5 7.5 7.5 6.75 6.75 6.5 6.5
16.75 16.75 16.75 17 17 16.5 16.5 15.25 15.25 16 16 17.5 17.5 17.5 18.75 18.75 18 18 15.75 15.75 17 17 14.75 14.75 14 14 14 15.75 15.75 16.75 16.75 16.75 16.75 16 16 15 15 15 15 15 14.25 14.25 12.5 12.5 12.5 12.5 12.5 12.5 11.5 11.5 11.5 9.75 9.75 9.75 9.75 9.75 9.75 9.75 9.75 8.5 8.5 8.25 8.25 8.25 8.5 8.5 10.5 10.5 10.5 10.5 8.5 8.5 7.75 7.75 7.75 7.75 7.75 7.5 7.5 7.5 7.5 6.5 6.5 7 7
16.75 16.75 16.75 17 17 16.5 16.5 15.25 15.25 16 16 17.5 17.5 17.5 18.75 18.75 18 18 15.75 15.75 17 17 14.75 14.75 14 14 14 15.75 15.75 16.75 16.75 16.75 16.75 16 16 15 15 15 15 15 14.25 14.25 12.5 12.5 12.5 12.5 12.5 12.5 11.5 11.5 11.5 9.75 9.75 9.75 9.75 9.75 9.75 9.75 9.75 8.5 8.5 8.25 8.25 8.25 8.5 8.5 10.5 10.5 10.5 10.5 8.5 8.5 7.75 7.75 7.75 7.75 7.75 7.5 7.5 7.5 7.5 6.5 6.5 7 7
16.5 16.5 16.5 16.75 16.75 16.75 16.75 16.75 16.75 17 17 18.75 18.75 18.75 18.5 18.5 18.25 18.25 16.75 16.75 16.5 16.5 14 14 16.75 16.75 16.75 16.5 16.5 17 17 17.75 17.75 16.5 16.5 15.5 15.5 14.5 14.5 14.5 11.75 11.75 12.25 12.25 12.5 12.5 12.5 12.5 10.75 10.75 10.75 9.75 9.75 9.5 9.5 9.5 9.5 9.75 9.75 9.25 9.25 10 10 10 8.75 8.75 12.5 12.5 10.5 10.5 8.5 8.5 8.25 8.25 8 8 8 7.25 7.25 8 8 8 8 7.75 7.75
16.5 16.5 16.5 16.75 16.75 16.75 16.75 16.75 16.75 17 17 18.75 18.75 18.75 18.5 18.5 18.25 18.25 16.75 16.75 16.5 16.5 14 14 16.75 16.75 16.75 16.5 16.5 17 17 17.75 17.75 16.5 16.5 15.5 15.5 14.5 14.5 14.5 11.75 11.75 12.25 12.25 12.5 12.5 12.5 12.5 10.75 10.75 10.75 9.75 9.75 9.5 9.5 9.5 9.5 9.75 9.75 9.25 9.25 10 10 10 8.75 8.75 12.5 12.5 10.5 10.5 8.5 8.5 8.25 8.25 8 8 8 7.25 7.25 8 8 8 8 7.75 7.75
16.25 16.25 16.25 16.75 16.75 16 16 16 16 16.75 16.75 18.25 18.25 18.25 18.75 18.75 18.5 18.5 16 16 16.25 16.25 15.75 15.75 16.5 16.5 16.5 17 17 19.5 19.5 17.75 17.75 15 15 14.75 14.75 14.25 14.25 14.25 13.75 13.75 12.25 12.25 12.5 12.5 11.25 11.25 10.75 10.75 10.75 10.75 10.75 10.75 10.75 9.75 9.75 9.5 9.5 11.25 11.25 9.75 9.75 9.75 9 9 10 10 7.75 7.75 7.5 7.5 8 8 8.5 8.5 8.5 7.75 7.75 8 8 8 8 7 7
16.25 16.25 16.25 16.75 16.75 16 16 16 16 16.75 16.75 18.25 18.25 18.25 18.75 18.75 18.5 18.5 16 16 16.25 16.25 15.75 15.75 16.5 16.5 16.5 17 17 19.5 19.5 17.75 17.75 15 15 14.75 14.75 14.25 14.25 14.25 13.75 13.75 12.25 12.25 12.5 12.5 11.25 11.25 10.75 10.75 10.75 10.75 10.75 10.75 10.75 9.75 9.75 9.5 9.5 11.25 11.25 9.75 9.75 9.75 9 9 10 10 7.75 7.75 7.5 7.5 8 8 8.5 8.5 8.5 7.75 7.75 8 8 8 8 7 7
13.75 13.75 13.75 15.5 15.5 16 16 12.75 12.75 15.75 15.75 17.5 17.5 17.5 17.75 17.75 14.75 14.75 15.5 15.5 14.25 14.25 13.75 13.75 15.75 15.75 15.75 18.25 18.25 18 18 16 16 14.5 14.5 14.5 14.5 12.75 12.75 12.75 13.25 13.25 12.75 12.75 12.25 12.25 11 11 9.75 9.75 9.75 10.25 10.25 10.75 10.75 9.5 9.5 9.5 9.5 12 12 11.75 11.75 11.75 11 11 7.75 7.75 7.75 7.75 8.25 8.25 8 8 8.25 8.25 8.25 8.25 8.25 8 8 7.5 7.5 7 7
13.75 13.75 13.75 15.5 15.5 16 16 12.75 12.75 15.75 15.75 17.5 17.5 17.5 17.75 17.75 14.75 14.75 15.5 15.5 14.25 14.25 13.75 13.75 15.75 15.75 15.75 18.25 18.25 18 18 16 16 14.5 14.5 14.5 14.5 12.75 12.75 12.75 13.25 13.25 12.75 12.75 12.25 12.25 11 11 9.75 9.75 9.75 10.25 10.25 10.75 10.75 9.5 9.5 9.5 9.5 12 12 11.75 11.75 11.75 11 11 7.75 7.75 7.75 7.75 8.25 8.25 8 8 8.25 8.25 8.25 8.25 8.25 8 8 7.5 7.5 7 7
13.75 13.75 13.75 15.75 15.75 13.75 13.75 13 13 16.25 16.25 16 16 16 17.75 17.75 16 16 14.75 14.75 12.25 12.25 16 16 16.75 16.75 16.75 16.75 16.75 18.5 18.5 16.75 16.75 14.25 14.25 13 13 10 10 10 11 11 14.5 14.5 12.25 12.25 12.25 12.25 9.5 9.5 9.5 10.25 10.25 9.5 9.5 9.25 9.25 10.75 10.75 12 12 12.75 12.75 12.75 12.75 12.75 10.75 10.75 9.75 9.75 9.25 9.25 8 8 7.5 7.5 7.5 7.5 7.5 7.25 7.25 7.25 7.25 7 7
13.75 13.75 13.75 15.75 15.75 13.75 13.75 13 13 16.25 16.25 16 16 16 17.75 17.75 16 16 14.75 14.75 12.25 12.25 16 16 16.75 16.75 16.75 16.75 16.75 18.5 18.5 16.75 16.75 14.25 14.25 13 13 10 10 10 11 11 14.5 14.5 12.25 12.25 12.25 12.25 9.5 9.5 9.5 10.25 10.25 9.5 9.5 9.25 9.25 10.75 10.75 12 12 12.75 12.75 12.75 12.75 12.75 10.75 10.75 9.75 9.75 9.25 9.25 8 8 7.5 7.5 7.5 7.5 7.5 7.25 7.25 7.25 7.25 7 7
15.75 15.75 15.75 15.5 15.5 11.5 11.5 11.75 11.75 17 17 18.75 18.75 18.75 18 18 17.25 17.25 13 13 12.75 12.75 12.75 12.75 16.5 16.5 16.5 18 18 18 18 16.75 16.75 14 14 11 11 11 11 11 12.5 12.5 14.5 14.5 13 13 12.25 12.25 9.25 9.25 9.25 10.25 10.25 9.75 9.75 9.75 9.75 12.5 12.5 12.5 12.5 14.25 14.25 14.25 13 13 11.75 11.75 12.25 12.25 12 12 9 9 8.25 8.25 8.25 8 8 7 7 7.5 7.5 7.75 7.75
15.75 15.75 15.75 15.5 15.5 11.5 11.5 11.75 11.75 17 17 18.75 18.75 18.75 18 18 17.25 17.25 13 13 12.75 12.75 12.75 12.75 16.5 16.5 16.5 18 18 18 18 16.75 16.75 14 14 11 11 11 11 11 12.5 12.5 14.5 14.5 13 13 12.25 12.25 9.25 9.25 9.25 10.25 10.25 9.75 9.75 9.75 9.75 12.5 12.5 12.5 12.5 14.25 14.25 14.25 13 13 11.75 11.75 12.25 12.25 12 12 9 9 8.25 8.25 8.25 8 8 7 7 7.5 7.5 7.75 7.75
15.75 15.75 15.75 15.5 15.5 11.5 11.5 11.75 11.75 17 17 18.75 18.75 18.75 18 18 17.25 17.25 13 13 12.75 12.75 12.75 12.75 16.5 16.5 16.5 18 18 18 18 16.75 16.75 14 14 11 11 11 11 11 12.5 12.5 14.5 14.5 13 13 12.25 12.25 9.25 9.25 9.25 10.25 10.25 9.75 9.75 9.75 9.75 12.5 12.5 12.5 12.5 14.25 14.25 14.25 13 13 11.75 11.75 12.25 12.25 12 12 9 9 8.25 8.25 8.25 8 8 7 7 7.5 7.5 7.75 7.75
15.75 15.75 15.75 15 15 13.5 13.5 13.25 13.25 14.75 14.75 16 16 16 16.25 16.25 17.25 17.25 13.5 13.5 12.75 12.75 14 14 16.75 16.75 16.75 17.75 17.75 16.75 16.75 14.25 14.25 13.5 13.5 10.75 10.75 10.75 10.75 10.75 11.5 11.5 14.25 14.25 13.25 13.25 12.75 12.75 12.25 12.25 12.25 11.5 11.5 12.5 12.5 13.5 13.5 13.75 13.75 14.25 14.25 13.75 13.75 13.75 12.25 12.25 10.5 10.5 9.5 9.5 9.25 9.25 8.25 8.25 8.25 8.25 8.25 8 8 8 8 7.5 7.5 6.75 6.75
15.75 15.75 15.75 15 15 13.5 13.5 13.25 13.25 14.75 14.75 16 16 16 16.25 16.25 17.25 17.25 13.5 13.5 12.75 12.75 14 14 16.75 16.75 16.75 17.75 17.75 16.75 16.75 14.25 14.25 13.5 13.5 10.75 10.75 10.75 10.75 10.75 11.5 11.5 14.25 14.25 13.25 13.25 12.75 12.75 12.25 12.25 12.25 11.5 11.5 12.5 12.5 13.5 13.5 13.75 13.75 14.25 14.25 13.75 13.75 13.75 12.25 12.25 10.5 10.5 9.5 9.5 9.25 9.25 8.25 8.25 8.25 8.25 8.25 8 8 8 8 7.5 7.5 6.75 6.75
15.25 15.25 15.25 14.25 14.25 13.5 13.5 13.25 13.25 15.5 15.5 18.25 18.25 18.25 14 14 13.75 13.75 16.5 16.5 14.75 14.75 17 17 18 18 18 17.75 17.75 16.75 16.75 15.75 15.75 12.75 12.75 11 11 12.5 12.5 12.5 12.5 12.5 14.25 14.25 14 14 14.25 14.25 13.5 13.5 13.5 13.75 13.75 13.75 13.75 14.25 14.25 14.25 14.25 14.75 14.75 13.75 13.75 13.75 11 11 9.5 9.5 8.75 8.75 8.5 8.5 8.25 8.25 8.25 8.25 8.25 8 8 8 8 8 8 7.75 7.75
15.25 15.25 15.25 14.25 14.25 13.5 13.5 13.25 13.25 15.5 15.5 18.25 18.25 18.25 14 14 13.75 13.75 16.5 16.5 14.75 14.75 17 17 18 18 18 17.75 17.75 16.75 16.75 15.75 15.75 12.75 12.75 11 11 12.5 12.5 12.5 12.5 12.5 14.25 14.25 14 14 14.25 14.25 13.5 13.5 13.5 13.75 13.75 13.75 13.75 14.25 14.25 14.25 14.25 14.75 14.75 13.75 13.75 13.75 11 11 9.5 9.5 8.75 8.75 8.5 8.5 8.25 8.25 8.25 8.25 8.25 8 8 8 8 8 8 7.75 7.75
