data_and_outputs/correlation_matrices/10km_rarefied/palms.asc
NCOLS 1199 
NROWS 625 
XLLCORNER -17.966920000227 
YLLCORNER -10.0196900162263 
CELLSIZE 0.0416666722270451 
NODATA_value -9999 
[rows 370 to 406 of 625, columns 765 to 849 of 1199]
7.25 7.25 7.25 10.5 10.5 8.5 8.5 7 7 7 7 6 6 5.25 5.25 5.25 5.75 5.75 6.75 6.75 7.5 7.5 6.75 6.75 5.25 5.25 6.5 6.5 6.5 10.25 10.25 13 13 12.75 12.75 12.25 12.25 9 9 9 8 8 5.75 5.75 5.75 5.75 5 5 2.5 2.5 2.75 2.75 2.75 5.5 5.5 5.25 5.25 5 5 5 5 4.5 4.5 4.5 3.5 3.5 2.5 2.5 3.5 3.5 3.75 3.75 3.25 3.25 3 3 3 4.75 4.75 5 5 5.5 5.5 4.75 4.75
7.25 7.25 7.25 10.5 10.5 8.5 8.5 7 7 7 7 6 6 5.25 5.25 5.25 5.75 5.75 6.75 6.75 7.5 7.5 6.75 6.75 5.25 5.25 6.5 6.5 6.5 10.25 10.25 13 13 12.75 12.75 12.25 12.25 9 9 9 8 8 5.75 5.75 5.75 5.75 5 5 2.5 2.5 2.75 2.75 2.75 5.5 5.5 5.25 5.25 5 5 5 5 4.5 4.5 4.5 3.5 3.5 2.5 2.5 3.5 3.5 3.75 3.75 3.25 3.25 3 3 3 4.75 4.75 5 5 5.5 5.5 4.75 4.75
6.25 6.25 6.25 10.5 10.5 11.25 11.25 9.25 9.25 8 8 7.75 7.75 9 9 9 5.5 5.5 5.5 5.5 6.5 6.5 6.5 6.5 8 8 6.25 6.25 6.25 6.25 6.25 9.5 9.5 12.25 12.25 13.25 13.25 11.75 11.75 11.75 10.5 10.5 7.25 7.25 7 7 6.75 6.75 6 6 5.75 5.75 5.75 5.75 5.75 5.5 5.5 5.75 5.75 5.25 5.25 3.25 3.25 3.25 2.5 2.5 2.75 2.75 4.25 4.25 4.5 4.5 4.25 4.25 5 5 5 2.5 2.5 4.75 4.75 5 5 5 5
6.25 6.25 6.25 10.5 10.5 11.25 11.25 9.25 9.25 8 8 7.75 7.75 9 9 9 5.5 5.5 5.5 5.5 6.5 6.5 6.5 6.5 8 8 6.25 6.25 6.25 6.25 6.25 9.5 9.5 12.25 12.25 13.25 13.25 11.75 11.75 11.75 10.5 10.5 7.25 7.25 7 7 6.75 6.75 6 6 5.75 5.75 5.75 5.75 5.75 5.5 5.5 5.75 5.75 5.25 5.25 3.25 3.25 3.25 2.5 2.5 2.75 2.75 4.25 4.25 4.5 4.5 4.25 4.25 5 5 5 2.5 2.5 4.75 4.75 5 5 5 5
7.75 7.75 7.75 9.5 9.5 11.25 11.25 11 11 9.25 9.25 9 9 9.25 9.25 9.25 10.25 10.25 6.5 6.5 6.5 6.5 9 9 6.5 6.5 8 8 8 6.5 6.5 9.25 9.25 10.5 10.5 11.75 11.75 11.75 11.75 11.75 10.5 10.5 8 8 4.75 4.75 6.5 6.5 6.75 6.75 5.75 5.75 5.75 5.75 5.75 5.25 5.25 5.25 5.25 5.5 5.5 2.5 2.5 2.5 2 2 3 3 4.25 4.25 4.25 4.25 4.5 4.5 5.75 5.75 5.75 4.5 4.5 4.25 4.25 5 5 5.25 5.25
7.75 7.75 7.75 9.5 9.5 11.25 11.25 11 11 9.25 9.25 9 9 9.25 9.25 9.25 10.25 10.25 6.5 6.5 6.5 6.5 9 9 6.5 6.5 8 8 8 6.5 6.5 9.25 9.25 10.5 10.5 11.75 11.75 11.75 11.75 11.75 10.5 10.5 8 8 4.75 4.75 6.5 6.5 6.75 6.75 5.75 5.75 5.75 5.75 5.75 5.25 5.25 5.25 5.25 5.5 5.5 2.5 2.5 2.5 2 2 3 3 4.25 4.25 4.25 4.25 4.5 4.5 5.75 5.75 5.75 4.5 4.5 4.25 4.25 5 5 5.25 5.25
7 7 7 7.25 7.25 11 11 10.75 10.75 10.75 10.75 9 9 9 9 9 11.25 11.25 11.25 11.25 11 11 9.25 9.25 9.25 9.25 9.25 9.25 9.25 9.25 9.25 9.25 9.25 10.75 10.75 11.5 11.5 12 12 12 10.75 10.75 9.25 9.25 9.25 9.25 7.5 7.5 6.25 6.25 4.75 4.75 4.75 4.5 4.5 5.5 5.5 5.25 5.25 5.5 5.5 2.5 2.5 2.5 3.5 3.5 4.5 4.5 5.5 5.5 5 5 4.5 4.5 5.5 5.5 5.5 5.5 5.5 4.5 4.5 4.25 4.25 5.25 5.25
7 7 7 7.25 7.25 11 11 10.75 10.75 10.75 10.75 9 9 9 9 9 11.25 11.25 11.25 11.25 11 11 9.25 9.25 9.25 9.25 9.25 9.25 9.25 9.25 9.25 9.25 9.25 10.75 10.75 11.5 11.5 12 12 12 10.75 10.75 9.25 9.25 9.25 9.25 7.5 7.5 6.25 6.25 4.75 4.75 4.75 4.5 4.5 5.5 5.5 5.25 5.25 5.5 5.5 2.5 2.5 2.5 3.5 3.5 4.5 4.5 5.5 5.5 5 5 4.5 4.5 5.5 5.5 5.5 5.5 5.5 4.5 4.5 4.25 4.25 5.25 5.25
7 7 7 7.25 7.25 11 11 10.75 10.75 10.75 10.75 9 9 9 9 9 11.25 11.25 11.25 11.25 11 11 9.25 9.25 9.25 9.25 9.25 9.25 9.25 9.25 9.25 9.25 9.25 10.75 10.75 11.5 11.5 12 12 12 10.75 10.75 9.25 9.25 9.25 9.25 7.5 7.5 6.25 6.25 4.75 4.75 4.75 4.5 4.5 5.5 5.5 5.25 5.25 5.5 5.5 2.5 2.5 2.5 3.5 3.5 4.5 4.5 5.5 5.5 5 5 4.5 4.5 5.5 5.5 5.5 5.5 5.5 4.5 4.5 4.25 4.25 5.25 5.25
6.75 6.75 6.75 7.75 7.75 7.5 7.5 8.5 8.5 9.75 9.75 9.25 9.25 7.75 7.75 7.75 7.75 7.75 10.75 10.75 11.25 11.25 10.25 10.25 10.25 10.25 8.75 8.75 8.75 9.75 9.75 11 11 11 11 12 12 11.25 11.25 11.25 8.5 8.5 8.5 8.5 9.25 9.25 9 9 8.75 8.75 5.25 5.25 5.25 5.5 5.5 4.5 4.5 5.75 5.75 5.75 5.75 5.75 5.75 5.75 5.25 5.25 5.5 5.5 5.25 5.25 5.25 5.25 5.25 5.25 5.25 5.25 5.25 5.75 5.75 2.25 2.25 4.25 4.25 4.75 4.75
6.75 6.75 6.75 7.75 7.75 7.5 7.5 8.5 8.5 9.75 9.75 9.25 9.25 7.75 7.75 7.75 7.75 7.75 10.75 10.75 11.25 11.25 10.25 10.25 10.25 10.25 8.75 8.75 8.75 9.75 9.75 11 11 11 11 12 12 11.25 11.25 11.25 8.5 8.5 8.5 8.5 9.25 9.25 9 9 8.75 8.75 5.25 5.25 5.25 5.5 5.5 4.5 4.5 5.75 5.75 5.75 5.75 5.75 5.75 5.75 5.25 5.25 5.5 5.5 5.25 5.25 5.25 5.25 5.25 5.25 5.25 5.25 5.25 5.75 5.75 2.25 2.25 4.25 4.25 4.75 4.75
8 8 8 7.25 7.25 7.5 7.5 8.75 8.75 8.25 8.25 7.75 7.75 7.75 7.75 7.75 6.5 6.5 7.75 7.75 9.75 9.75 9.75 9.75 9.75 9.75 9.5 9.5 9.5 8.5 8.5 8.5 8.5 9.5 9.5 10 10 11.75 11.75 11.75 8.75 8.75 8.75 8.75 7.5 7.5 9.25 9.25 10.25 10.25 10.25 10.25 10.25 9.75 9.75 9.25 9.25 9.75 9.75 9 9 6.5 6.5 6.5 6 6 5 5 5 5 4.75 4.75 5 5 5.25 5.25 5.25 5 5 2.5 2.5 4 4 4.75 4.75
8 8 8 7.25 7.25 7.5 7.5 8.75 8.75 8.25 8.25 7.75 7.75 7.75 7.75 7.75 6.5 6.5 7.75 7.75 9.75 9.75 9.75 9.75 9.75 9.75 9.5 9.5 9.5 8.5 8.5 8.5 8.5 9.5 9.5 10 10 11.75 11.75 11.75 8.75 8.75 8.75 8.75 7.5 7.5 9.25 9.25 10.25 10.25 10.25 10.25 10.25 9.75 9.75 9.25 9.25 9.75 9.75 9 9 6.5 6.5 6.5 6 6 5 5 5 5 4.75 4.75 5 5 5.25 5.25 5.25 5 5 2.5 2.5 4 4 4.75 4.75
7.75 7.75 7.75 7.25 7.25 7.25 7.25 8 8 8 8 6.5 6.5 6.5 6.5 6.5 5 5 4.5 4.5 3.5 3.5 4.75 4.75 7 7 8.25 8.25 8.25 7 7 7.25 7.25 8 8 9.5 9.5 10 10 10 10.5 10.5 10 10 9.25 9.25 9.25 9.25 7 7 9 9 9 9.5 9.5 9.25 9.25 9.25 9.25 9.75 9.75 8.5 8.5 8.5 9 9 9 9 9 9 5.75 5.75 5.75 5.75 6 6 6 6 6 3.5 3.5 5 5 5.25 5.25
7.75 7.75 7.75 7.25 7.25 7.25 7.25 8 8 8 8 6.5 6.5 6.5 6.5 6.5 5 5 4.5 4.5 3.5 3.5 4.75 4.75 7 7 8.25 8.25 8.25 7 7 7.25 7.25 8 8 9.5 9.5 10 10 10 10.5 10.5 10 10 9.25 9.25 9.25 9.25 7 7 9 9 9 9.5 9.5 9.25 9.25 9.25 9.25 9.75 9.75 8.5 8.5 8.5 9 9 9 9 9 9 5.75 5.75 5.75 5.75 6 6 6 6 6 3.5 3.5 5 5 5.25 5.25
7.75 7.75 7.75 7 7 7.25 7.25 8.75 8.75 8 8 6.75 6.75 4.5 4.5 4.5 3.5 3.5 3.5 3.5 3.5 3.5 3.5 3.5 4.75 4.75 8 8 8 7 7 7 7 7 7 9.5 9.5 9.25 9.25 9.25 9.25 9.25 9.25 9.25 9.5 9.5 7.5 7.5 6.25 6.25 6.25 6.25 6.25 9 9 9 9 9 9 9.25 9.25 7.25 7.25 7.25 7.25 7.25 9 9 9 9 9 9 9 9 9.25 9.25 9.25 8.5 8.5 5.75 5.75 7 7 8.5 8.5
7.75 7.75 7.75 7 7 7.25 7.25 8.75 8.75 8 8 6.75 6.75 4.5 4.5 4.5 3.5 3.5 3.5 3.5 3.5 3.5 3.5 3.5 4.75 4.75 8 8 8 7 7 7 7 7 7 9.5 9.5 9.25 9.25 9.25 9.25 9.25 9.25 9.25 9.5 9.5 7.5 7.5 6.25 6.25 6.25 6.25 6.25 9 9 9 9 9 9 9.25 9.25 7.25 7.25 7.25 7.25 7.25 9 9 9 9 9 9 9 9 9.25 9.25 9.25 8.5 8.5 5.75 5.75 7 7 8.5 8.5
7.75 7.75 7.75 8.25 8.25 7.5 7.5 6.75 6.75 6.5 6.5 6.5 6.5 3.75 3.75 3.75 3.5 3.5 3.5 3.5 3.5 3.5 4.75 4.75 4.75 4.75 7 7 7 7 7 8.25 8.25 9.5 9.5 9.5 9.5 10.25 10.25 10.25 10.5 10.5 9.25 9.25 9.5 9.5 9.25 9.25 6.5 6.5 7.25 7.25 7.25 8.5 8.5 8.75 8.75 9 9 8.75 8.75 7 7 7 6.25 6.25 9.25 9.25 9 9 9 9 9 9 9.25 9.25 9.25 8.5 8.5 5.5 5.5 7 7 7 7
7.75 7.75 7.75 8.25 8.25 7.5 7.5 6.75 6.75 6.5 6.5 6.5 6.5 3.75 3.75 3.75 3.5 3.5 3.5 3.5 3.5 3.5 4.75 4.75 4.75 4.75 7 7 7 7 7 8.25 8.25 9.5 9.5 9.5 9.5 10.25 10.25 10.25 10.5 10.5 9.25 9.25 9.5 9.5 9.25 9.25 6.5 6.5 7.25 7.25 7.25 8.5 8.5 8.75 8.75 9 9 8.75 8.75 7 7 7 6.25 6.25 9.25 9.25 9 9 9 9 9 9 9.25 9.25 9.25 8.5 8.5 5.5 5.5 7 7 7 7
7.75 7.75 7.75 8.25 8.25 7.5 7.5 6.75 6.75 6.5 6.5 6.5 6.5 3.75 3.75 3.75 3.5 3.5 3.5 3.5 3.5 3.5 4.75 4.75 4.75 4.75 7 7 7 7 7 8.25 8.25 9.5 9.5 9.5 9.5 10.25 10.25 10.25 10.5 10.5 9.25 9.25 9.5 9.5 9.25 9.25 6.5 6.5 7.25 7.25 7.25 8.5 8.5 8.75 8.75 9 9 8.75 8.75 7 7 7 6.25 6.25 9.25 9.25 9 9 9 9 9 9 9.25 9.25 9.25 8.5 8.5 5.5 5.5 7 7 7 7
8 8 8 7.75 7.75 8 8 8.75 8.75 8.25 8.25 5.5 5.5 3.75 3.75 3.75 3.5 3.5 3.5 3.5 3.5 3.5 4.75 4.75 4.75 4.75 9.75 9.75 9.75 9.25 9.25 9.75 9.75 11.5 11.5 12.25 12.25 12.75 12.75 12.75 11.5 11.5 9.75 9.75 9.5 9.5 9.5 9.5 8.75 8.75 8.75 8.75 8.75 8.25 8.25 8.75 8.75 8 8 7.25 7.25 7 7 7 6 6 7.25 7.25 9 9 9 9 9 9 9 9 9 8.5 8.5 6 6 6.5 6.5 7 7
8 8 8 7.75 7.75 8 8 8.75 8.75 8.25 8.25 5.5 5.5 3.75 3.75 3.75 3.5 3.5 3.5 3.5 3.5 3.5 4.75 4.75 4.75 4.75 9.75 9.75 9.75 9.25 9.25 9.75 9.75 11.5 11.5 12.25 12.25 12.75 12.75 12.75 11.5 11.5 9.75 9.75 9.5 9.5 9.5 9.5 8.75 8.75 8.75 8.75 8.75 8.25 8.25 8.75 8.75 8 8 7.25 7.25 7 7 7 6 6 7.25 7.25 9 9 9 9 9 9 9 9 9 8.5 8.5 6 6 6.5 6.5 7 7
8.5 8.5 8.5 7.75 7.75 8.5 8.5 8 8 5.5 5.5 5.5 5.5 5.5 5.5 5.5 3.5 3.5 3.5 3.5 3.5 3.5 4.5 4.5 7.25 7.25 10 10 10 11.25 11.25 11.75 11.75 12 12 12 12 11.5 11.5 11.5 11.5 11.5 11.25 11.25 9.25 9.25 9.5 9.5 8.25 8.25 7 7 7 7.75 7.75 9.25 9.25 7 7 6.75 6.75 6 6 6 6 6 7 7 7.25 7.25 7 7 9 9 9 9 9 9.5 9.5 7 7 5.25 5.25 6.5 6.5
8.5 8.5 8.5 7.75 7.75 8.5 8.5 8 8 5.5 5.5 5.5 5.5 5.5 5.5 5.5 3.5 3.5 3.5 3.5 3.5 3.5 4.5 4.5 7.25 7.25 10 10 10 11.25 11.25 11.75 11.75 12 12 12 12 11.5 11.5 11.5 11.5 11.5 11.25 11.25 9.25 9.25 9.5 9.5 8.25 8.25 7 7 7 7.75 7.75 9.25 9.25 7 7 6.75 6.75 6 6 6 6 6 7 7 7.25 7.25 7 7 9 9 9 9 9 9.5 9.5 7 7 5.25 5.25 6.5 6.5
8.5 8.5 8.5 8.75 8.75 8.5 8.5 6.75 6.75 6.25 6.25 5.5 5.5 4.75 4.75 4.75 3.5 3.5 3.5 3.5 4.75 4.75 5 5 5.75 5.75 10.5 10.5 10.5 11.5 11.5 11.25 11.25 9.5 9.5 12.25 12.25 11.5 11.5 11.5 10 10 8.5 8.5 7.25 7.25 8.75 8.75 7.25 7.25 6 6 6 6 6 5.75 5.75 6.25 6.25 6.5 6.5 6 6 6 6 6 6 6 6 6 6.75 6.75 6.75 6.75 7 7 7 7 7 6.5 6.5 5.75 5.75 7.25 7.25
8.5 8.5 8.5 8.75 8.75 8.5 8.5 6.75 6.75 6.25 6.25 5.5 5.5 4.75 4.75 4.75 3.5 3.5 3.5 3.5 4.75 4.75 5 5 5.75 5.75 10.5 10.5 10.5 11.5 11.5 11.25 11.25 9.5 9.5 12.25 12.25 11.5 11.5 11.5 10 10 8.5 8.5 7.25 7.25 8.75 8.75 7.25 7.25 6 6 6 6 6 5.75 5.75 6.25 6.25 6.5 6.5 6 6 6 6 6 6 6 6 6 6.75 6.75 6.75 6.75 7 7 7 7 7 6.5 6.5 5.75 5.75 7.25 7.25
9 9 9 8.5 8.5 8.75 8.75 6.25 6.25 4.75 4.75 4.75 4.75 4.75 4.75 4.75 4.75 4.75 5.25 5.25 5 5 6.25 6.25 11 11 11.75 11.75 11.75 10 10 9.75 9.75 11.5 11.5 12.25 12.25 10.25 10.25 10.25 9.25 9.25 8.5 8.5 9.25 9.25 8.25 8.25 6 6 6 6 6 6 6 5.75 5.75 5.25 5.25 6.5 6.5 6 6 6 6 6 6 6 6 6 6.5 6.5 6.75 6.75 5.5 5.5 5.5 6 6 5.25 5.25 5 5 6.5 6.5
9 9 9 8.5 8.5 8.75 8.75 6.25 6.25 4.75 4.75 4.75 4.75 4.75 4.75 4.75 4.75 4.75 5.25 5.25 5 5 6.25 6.25 11 11 11.75 11.75 11.75 10 10 9.75 9.75 11.5 11.5 12.25 12.25 10.25 10.25 10.25 9.25 9.25 8.5 8.5 9.25 9.25 8.25 8.25 6 6 6 6 6 6 6 5.75 5.75 5.25 5.25 6.5 6.5 6 6 6 6 6 6 6 6 6 6.5 6.5 6.75 6.75 5.5 5.5 5.5 6 6 5.25 5.25 5 5 6.5 6.5
9 9 9 8.5 8.5 7 7 6.25 6.25 5.5 5.5 4.75 4.75 5 5 5 5.75 5.75 5.5 5.5 6.5 6.5 7.75 7.75 11 11 9.75 9.75 9.75 9.5 9.5 10.75 10.75 12.5 12.5 13.25 13.25 9.5 9.5 9.5 11 11 11.5 11.5 10.75 10.75 9.25 9.25 7 7 5.75 5.75 5.75 6 6 5.75 5.75 6.5 6.5 6.5 6.5 6 6 6 5.75 5.75 5.75 5.75 5.75 5.75 5.5 5.5 5.75 5.75 6 6 6 6.25 6.25 5.5 5.5 5.5 5.5 6.25 6.25
9 9 9 8.5 8.5 7 7 6.25 6.25 5.5 5.5 4.75 4.75 5 5 5 5.75 5.75 5.5 5.5 6.5 6.5 7.75 7.75 11 11 9.75 9.75 9.75 9.5 9.5 10.75 10.75 12.5 12.5 13.25 13.25 9.5 9.5 9.5 11 11 11.5 11.5 10.75 10.75 9.25 9.25 7 7 5.75 5.75 5.75 6 6 5.75 5.75 6.5 6.5 6.5 6.5 6 6 6 5.75 5.75 5.75 5.75 5.75 5.75 5.5 5.5 5.75 5.75 6 6 6 6.25 6.25 5.5 5.5 5.5 5.5 6.25 6.25
8.25 8.25 8.25 8.5 8.5 6.5 6.5 5.5 5.5 5 5 5 5 5.25 5.25 5.25 6.25 6.25 5.75 5.75 6.75 6.75 9.75 9.75 11.75 11.75 10.5 10.5 10.5 10 10 13 13 12.5 12.5 11.25 11.25 12 12 12 12 12 11.75 11.75 9.75 9.75 8 8 7 7 5.5 5.5 5.5 6 6 6 6 6.5 6.5 6 6 5.25 5.25 5.25 5.25 5.25 5.75 5.75 5.5 5.5 5.75 5.75 5.5 5.5 5.75 5.75 5.75 6 6 5.5 5.5 5.5 5.5 6.5 6.5
8.25 8.25 8.25 8.5 8.5 6.5 6.5 5.5 5.5 5 5 5 5 5.25 5.25 5.25 6.25 6.25 5.75 5.75 6.75 6.75 9.75 9.75 11.75 11.75 10.5 10.5 10.5 10 10 13 13 12.5 12.5 11.25 11.25 12 12 12 12 12 11.75 11.75 9.75 9.75 8 8 7 7 5.5 5.5 5.5 6 6 6 6 6.5 6.5 6 6 5.25 5.25 5.25 5.25 5.25 5.75 5.75 5.5 5.5 5.75 5.75 5.5 5.5 5.75 5.75 5.75 6 6 5.5 5.5 5.5 5.5 6.5 6.5
8.25 8.25 8.25 8.5 8.5 6.5 6.5 5.5 5.5 5 5 5 5 5.25 5.25 5.25 6.25 6.25 5.75 5.75 6.75 6.75 9.75 9.75 11.75 11.75 10.5 10.5 10.5 10 10 13 13 12.5 12.5 11.25 11.25 12 12 12 12 12 11.75 11.75 9.75 9.75 8 8 7 7 5.5 5.5 5.5 6 6 6 6 6.5 6.5 6 6 5.25 5.25 5.25 5.25 5.25 5.75 5.75 5.5 5.5 5.75 5.75 5.5 5.5 5.75 5.75 5.75 6 6 5.5 5.5 5.5 5.5 6.5 6.5
8.75 8.75 8.75 7 7 6.75 6.75 5.25 5.25 5 5 4.5 4.5 5.25 5.25 5.25 6.25 6.25 6.5 6.5 7.5 7.5 10 10 11.5 11.5 10.25 10.25 10.25 10.25 10.25 12.25 12.25 11.75 11.75 12.75 12.75 12 12 12 11.25 11.25 12 12 9.25 9.25 8.75 8.75 6.25 6.25 6.25 6.25 6.25 5.5 5.5 5.25 5.25 5.5 5.5 5.75 5.75 5.75 5.75 5.75 5 5 4.75 4.75 4.75 4.75 5.5 5.5 5.5 5.5 5 5 5 5.25 5.25 5.25 5.25 6.5 6.5 6.75 6.75
8.75 8.75 8.75 7 7 6.75 6.75 5.25 5.25 5 5 4.5 4.5 5.25 5.25 5.25 6.25 6.25 6.5 6.5 7.5 7.5 10 10 11.5 11.5 10.25 10.25 10.25 10.25 10.25 12.25 12.25 11.75 11.75 12.75 12.75 12 12 12 11.25 11.25 12 12 9.25 9.25 8.75 8.75 6.25 6.25 6.25 6.25 6.25 5.5 5.5 5.25 5.25 5.5 5.5 5.75 5.75 5.75 5.75 5.75 5 5 4.75 4.75 4.75 4.75 5.5 5.5 5.5 5.5 5 5 5 5.25 5.25 5.25 5.25 6.5 6.5 6.75 6.75
7.5 7.5 7.5 7.25 7.25 6.75 6.75 6.75 6.75 5 5 4.5 4.5 5 5 5 6.25 6.25 6.25 6.25 7.75 7.75 11.5 11.5 10.75 10.75 10 10 10 10.25 10.25 11.25 11.25 12.5 12.5 12.25 12.25 11.5 11.5 11.5 11 11 9.75 9.75 8.25 8.25 8.75 8.75 7.5 7.5 7.25 7.25 7.25 5.75 5.75 5.25 5.25 5.5 5.5 5.5 5.5 5.75 5.75 5.75 4.75 4.75 3.75 3.75 4.5 4.5 4.25 4.25 5.75 5.75 6.75 6.75 6.75 6.75 6.75 7 7 6.75 6.75 6.25 6.25
7.5 7.5 7.5 7.25 7.25 6.75 6.75 6.75 6.75 5 5 4.5 4.5 5 5 5 6.25 6.25 6.25 6.25 7.75 7.75 11.5 11.5 10.75 10.75 10 10 10 10.25 10.25 11.25 11.25 12.5 12.5 12.25 12.25 11.5 11.5 11.5 11 11 9.75 9.75 8.25 8.25 8.75 8.75 7.5 7.5 7.25 7.25 7.25 5.75 5.75 5.25 5.25 5.5 5.5 5.5 5.5 5.75 5.75 5.75 4.75 4.75 3.75 3.75 4.5 4.5 4.25 4.25 5.75 5.75 6.75 6.75 6.75 6.75 6.75 7 7 6.75 6.75 6.25 6.25
