data_and_outputs/correlation_matrices/10km_rarefied/palms.asc
NCOLS 1199 
NROWS 625 
XLLCORNER -17.966920000227 
YLLCORNER -10.0196900162263 
CELLSIZE 0.0416666722270451 
NODATA_value -9999 
[rows 333 to 369 of 625, columns 765 to 849 of 1199]
9 9 9 8.25 8.25 5 5 5.25 5.25 5.25 5.25 5.25 5.25 5 5 5 5.75 5.75 6.25 6.25 7.75 7.75 8 8 8 8 8.5 8.5 8.5 9 9 7.5 7.5 9 9 9 9 8.75 8.75 8.75 9 9 8.75 8.75 8.75 8.75 7.75 7.75 7.75 7.75 7 7 7 5.5 5.5 5.25 5.25 5.25 5.25 4.75 4.75 4.5 4.5 4.5 4 4 3.25 3.25 4 4 4.75 4.75 4.5 4.5 4.5 4.5 4.5 4.5 4.5 4.25 4.25 4.25 4.25 4.25 4.25
9 9 9 8.25 8.25 5 5 5.25 5.25 5.25 5.25 5.25 5.25 5 5 5 5.75 5.75 6.25 6.25 7.75 7.75 8 8 8 8 8.5 8.5 8.5 9 9 7.5 7.5 9 9 9 9 8.75 8.75 8.75 9 9 8.75 8.75 8.75 8.75 7.75 7.75 7.75 7.75 7 7 7 5.5 5.5 5.25 5.25 5.25 5.25 4.75 4.75 4.5 4.5 4.5 4 4 3.25 3.25 4 4 4.75 4.75 4.5 4.5 4.5 4.5 4.5 4.5 4.5 4.25 4.25 4.25 4.25 4.25 4.25
9.5 9.5 9.5 6.25 6.25 5.75 5.75 5 5 5 5 5 5 5.25 5.25 5.25 5.75 5.75 6.25 6.25 6 6 6.25 6.25 6.5 6.5 6.5 6.5 6.5 9.75 9.75 9 9 7 7 6.75 6.75 7.25 7.25 7.25 8.75 8.75 9 9 8.75 8.75 8.25 8.25 8 8 7.5 7.5 7.5 7.5 7.5 5.5 5.5 5.5 5.5 4.75 4.75 4.5 4.5 4.5 5 5 3.5 3.5 3.25 3.25 4.5 4.5 5 5 5 5 5 4.75 4.75 5 5 4.5 4.5 4.25 4.25
9.5 9.5 9.5 6.25 6.25 5.75 5.75 5 5 5 5 5 5 5.25 5.25 5.25 5.75 5.75 6.25 6.25 6 6 6.25 6.25 6.5 6.5 6.5 6.5 6.5 9.75 9.75 9 9 7 7 6.75 6.75 7.25 7.25 7.25 8.75 8.75 9 9 8.75 8.75 8.25 8.25 8 8 7.5 7.5 7.5 7.5 7.5 5.5 5.5 5.5 5.5 4.75 4.75 4.5 4.5 4.5 5 5 3.5 3.5 3.25 3.25 4.5 4.5 5 5 5 5 5 4.75 4.75 5 5 4.5 4.5 4.25 4.25
6.5 6.5 6.5 6 6 6.5 6.5 6.5 6.5 6 6 5 5 5.5 5.5 5.5 5.75 5.75 6 6 6.25 6.25 6.25 6.25 6.5 6.5 6.5 6.5 6.5 9.5 9.5 7.5 7.5 9 9 7.75 7.75 6.75 6.75 6.75 6.75 6.75 7.5 7.5 6.5 6.5 8.25 8.25 7.75 7.75 8 8 8 7.25 7.25 5.75 5.75 5 5 4.75 4.75 4.5 4.5 4.5 5.25 5.25 3.75 3.75 3.25 3.25 3 3 5 5 5 5 5 5 5 5.25 5.25 4.75 4.75 4.75 4.75
6.5 6.5 6.5 6 6 6.5 6.5 6.5 6.5 6 6 5 5 5.5 5.5 5.5 5.75 5.75 6 6 6.25 6.25 6.25 6.25 6.5 6.5 6.5 6.5 6.5 9.5 9.5 7.5 7.5 9 9 7.75 7.75 6.75 6.75 6.75 6.75 6.75 7.5 7.5 6.5 6.5 8.25 8.25 7.75 7.75 8 8 8 7.25 7.25 5.75 5.75 5 5 4.75 4.75 4.5 4.5 4.5 5.25 5.25 3.75 3.75 3.25 3.25 3 3 5 5 5 5 5 5 5 5.25 5.25 4.75 4.75 4.75 4.75
6 6 6 6.75 6.75 9.5 9.5 9.5 9.5 6.5 6.5 5 5 5 5 5 6.25 6.25 6 6 5.75 5.75 6.25 6.25 6.25 6.25 6 6 6 9 9 9 9 7 7 6.75 6.75 7.25 7.25 7.25 6.75 6.75 6.25 6.25 7.75 7.75 6.25 6.25 7.25 7.25 7.5 7.5 7.5 7 7 5.25 5.25 5.25 5.25 4.75 4.75 5.75 5.75 5.75 7.25 7.25 4 4 3.25 3.25 3.25 3.25 5 5 4.75 4.75 4.75 3 3 4.25 4.25 4.75 4.75 4.75 4.75
6 6 6 6.75 6.75 9.5 9.5 9.5 9.5 6.5 6.5 5 5 5 5 5 6.25 6.25 6 6 5.75 5.75 6.25 6.25 6.25 6.25 6 6 6 9 9 9 9 7 7 6.75 6.75 7.25 7.25 7.25 6.75 6.75 6.25 6.25 7.75 7.75 6.25 6.25 7.25 7.25 7.5 7.5 7.5 7 7 5.25 5.25 5.25 5.25 4.75 4.75 5.75 5.75 5.75 7.25 7.25 4 4 3.25 3.25 3.25 3.25 5 5 4.75 4.75 4.75 3 3 4.25 4.25 4.75 4.75 4.75 4.75
6 6 6 6.75 6.75 9.5 9.5 9.5 9.5 6.5 6.5 5 5 5 5 5 6.25 6.25 6 6 5.75 5.75 6.25 6.25 6.25 6.25 6 6 6 9 9 9 9 7 7 6.75 6.75 7.25 7.25 7.25 6.75 6.75 6.25 6.25 7.75 7.75 6.25 6.25 7.25 7.25 7.5 7.5 7.5 7 7 5.25 5.25 5.25 5.25 4.75 4.75 5.75 5.75 5.75 7.25 7.25 4 4 3.25 3.25 3.25 3.25 5 5 4.75 4.75 4.75 3 3 4.25 4.25 4.75 4.75 4.75 4.75
6 6 6 7.5 7.5 11.25 11.25 7 7 7.25 7.25 6 6 5 5 5 5.25 5.25 5.25 5.25 5.5 5.5 6 6 5.75 5.75 5.75 5.75 5.75 8.25 8.25 7.25 7.25 7 7 7.25 7.25 6.75 6.75 6.75 6.75 6.75 6.75 6.75 6.5 6.5 7.25 7.25 6.5 6.5 7.25 7.25 7.25 7.75 7.75 5.25 5.25 5 5 4.75 4.75 7.25 7.25 7.25 7 7 4.25 4.25 4 4 3.75 3.75 4.75 4.75 4.75 4.75 4.75 4 4 5 5 4.5 4.5 4.25 4.25
6 6 6 7.5 7.5 11.25 11.25 7 7 7.25 7.25 6 6 5 5 5 5.25 5.25 5.25 5.25 5.5 5.5 6 6 5.75 5.75 5.75 5.75 5.75 8.25 8.25 7.25 7.25 7 7 7.25 7.25 6.75 6.75 6.75 6.75 6.75 6.75 6.75 6.5 6.5 7.25 7.25 6.5 6.5 7.25 7.25 7.25 7.75 7.75 5.25 5.25 5 5 4.75 4.75 7.25 7.25 7.25 7 7 4.25 4.25 4 4 3.75 3.75 4.75 4.75 4.75 4.75 4.75 4 4 5 5 4.5 4.5 4.25 4.25
6 6 6 7.5 7.5 10.25 10.25 7.25 7.25 6.5 6.5 7.25 7.25 6.25 6.25 6.25 4.75 4.75 4.5 4.5 6 6 5 5 5.5 5.5 5.5 5.5 5.5 7.75 7.75 8.75 8.75 7.75 7.75 6.25 6.25 6.25 6.25 6.25 6 6 6.25 6.25 6.5 6.5 6.75 6.75 5.75 5.75 5.75 5.75 5.75 6.25 6.25 6 6 5.75 5.75 6 6 7 7 7 4.75 4.75 3.75 3.75 3.5 3.5 3.25 3.25 4.75 4.75 4.75 4.75 4.75 4.75 4.75 4.5 4.5 5 5 4.75 4.75
6 6 6 7.5 7.5 10.25 10.25 7.25 7.25 6.5 6.5 7.25 7.25 6.25 6.25 6.25 4.75 4.75 4.5 4.5 6 6 5 5 5.5 5.5 5.5 5.5 5.5 7.75 7.75 8.75 8.75 7.75 7.75 6.25 6.25 6.25 6.25 6.25 6 6 6.25 6.25 6.5 6.5 6.75 6.75 5.75 5.75 5.75 5.75 5.75 6.25 6.25 6 6 5.75 5.75 6 6 7 7 7 4.75 4.75 3.75 3.75 3.5 3.5 3.25 3.25 4.75 4.75 4.75 4.75 4.75 4.75 4.75 4.5 4.5 5 5 4.75 4.75
6.5 6.5 6.5 7 7 7.75 7.75 6.75 6.75 6.25 6.25 5.75 5.75 5 5 5 6 6 4.5 4.5 5 5 4.5 4.5 4.25 4.25 5 5 5 4.75 4.75 5.5 5.5 5.5 5.5 5.25 5.25 5.25 5.25 5.25 5.75 5.75 5.75 5.75 6.5 6.5 5.25 5.25 5 5 5 5 5 5.5 5.5 5.75 5.75 6 6 6.75 6.75 5.75 5.75 5.75 4.25 4.25 3.5 3.5 3.5 3.5 4.75 4.75 4.75 4.75 4.5 4.5 4.5 4.5 4.5 4.5 4.5 5.25 5.25 4.75 4.75
6.5 6.5 6.5 7 7 7.75 7.75 6.75 6.75 6.25 6.25 5.75 5.75 5 5 5 6 6 4.5 4.5 5 5 4.5 4.5 4.25 4.25 5 5 5 4.75 4.75 5.5 5.5 5.5 5.5 5.25 5.25 5.25 5.25 5.25 5.75 5.75 5.75 5.75 6.5 6.5 5.25 5.25 5 5 5 5 5 5.5 5.5 5.75 5.75 6 6 6.75 6.75 5.75 5.75 5.75 4.25 4.25 3.5 3.5 3.5 3.5 4.75 4.75 4.75 4.75 4.5 4.5 4.5 4.5 4.5 4.5 4.5 5.25 5.25 4.75 4.75
6.25 6.25 6.25 7.25 7.25 7.25 7.25 6.75 6.75 6 6 6 6 6.25 6.25 6.25 6 6 6.5 6.5 5 5 3.75 3.75 4 4 4.5 4.5 4.5 4.25 4.25 8.5 8.5 5.5 5.5 5.5 5.5 5.25 5.25 5.25 5.75 5.75 6.5 6.5 6.5 6.5 5.25 5.25 4.75 4.75 4.5 4.5 4.5 5 5 5 5 5.25 5.25 5.75 5.75 4.75 4.75 4.75 4.5 4.5 3.5 3.5 3.5 3.5 4.5 4.5 4.75 4.75 5.25 5.25 5.25 4.75 4.75 4.5 4.5 5.25 5.25 4.5 4.5
6.25 6.25 6.25 7.25 7.25 7.25 7.25 6.75 6.75 6 6 6 6 6.25 6.25 6.25 6 6 6.5 6.5 5 5 3.75 3.75 4 4 4.5 4.5 4.5 4.25 4.25 8.5 8.5 5.5 5.5 5.5 5.5 5.25 5.25 5.25 5.75 5.75 6.5 6.5 6.5 6.5 5.25 5.25 4.75 4.75 4.5 4.5 4.5 5 5 5 5 5.25 5.25 5.75 5.75 4.75 4.75 4.75 4.5 4.5 3.5 3.5 3.5 3.5 4.5 4.5 4.75 4.75 5.25 5.25 5.25 4.75 4.75 4.5 4.5 5.25 5.25 4.5 4.5
6 6 6 6.25 6.25 6.75 6.75 6.25 6.25 6 6 5.75 5.75 6.5 6.5 6.5 6 6 5.25 5.25 4 4 3.75 3.75 4 4 4 4 4 6.5 6.5 8.75 8.75 5.25 5.25 5.25 5.25 5.25 5.25 5.25 6.25 6.25 6.5 6.5 6.5 6.5 4.75 4.75 4.75 4.75 5.25 5.25 5.25 4.5 4.5 4.75 4.75 5 5 5.75 5.75 4.75 4.75 4.75 4.25 4.25 3.75 3.75 2.75 2.75 3.25 3.25 4.5 4.5 4.5 4.5 4.5 4.75 4.75 4.5 4.5 4.75 4.75 4.75 4.75
6 6 6 6.25 6.25 6.75 6.75 6.25 6.25 6 6 5.75 5.75 6.5 6.5 6.5 6 6 5.25 5.25 4 4 3.75 3.75 4 4 4 4 4 6.5 6.5 8.75 8.75 5.25 5.25 5.25 5.25 5.25 5.25 5.25 6.25 6.25 6.5 6.5 6.5 6.5 4.75 4.75 4.75 4.75 5.25 5.25 5.25 4.5 4.5 4.75 4.75 5 5 5.75 5.75 4.75 4.75 4.75 4.25 4.25 3.75 3.75 2.75 2.75 3.25 3.25 4.5 4.5 4.5 4.5 4.5 4.75 4.75 4.5 4.5 4.75 4.75 4.75 4.75
6 6 6 6.25 6.25 6.75 6.75 6.25 6.25 6 6 5.75 5.75 6.5 6.5 6.5 6 6 5.25 5.25 4 4 3.75 3.75 4 4 4 4 4 6.5 6.5 8.75 8.75 5.25 5.25 5.25 5.25 5.25 5.25 5.25 6.25 6.25 6.5 6.5 6.5 6.5 4.75 4.75 4.75 4.75 5.25 5.25 5.25 4.5 4.5 4.75 4.75 5 5 5.75 5.75 4.75 4.75 4.75 4.25 4.25 3.75 3.75 2.75 2.75 3.25 3.25 4.5 4.5 4.5 4.5 4.5 4.75 4.75 4.5 4.5 4.75 4.75 4.75 4.75
6.25 6.25 6.25 7 7 6.25 6.25 6 6 5.75 5.75 5.75 5.75 5.75 5.75 5.75 6.25 6.25 5.5 5.5 5.75 5.75 6.25 6.25 8.5 8.5 8.5 8.5 8.5 8.75 8.75 8.75 8.75 4.5 4.5 5 5 5 5 5 6 6 6.5 6.5 7.75 7.75 5 5 4.5 4.5 5 5 5 4.5 4.5 4.75 4.75 4.5 4.5 5 5 6 6 6 4.75 4.75 3.75 3.75 3 3 3.25 3.25 4.75 4.75 4.5 4.5 4.5 4.75 4.75 4.5 4.5 4.5 4.5 4 4
6.25 6.25 6.25 7 7 6.25 6.25 6 6 5.75 5.75 5.75 5.75 5.75 5.75 5.75 6.25 6.25 5.5 5.5 5.75 5.75 6.25 6.25 8.5 8.5 8.5 8.5 8.5 8.75 8.75 8.75 8.75 4.5 4.5 5 5 5 5 5 6 6 6.5 6.5 7.75 7.75 5 5 4.5 4.5 5 5 5 4.5 4.5 4.75 4.75 4.5 4.5 5 5 6 6 6 4.75 4.75 3.75 3.75 3 3 3.25 3.25 4.75 4.75 4.5 4.5 4.5 4.75 4.75 4.5 4.5 4.5 4.5 4 4
8.5 8.5 8.5 6.5 6.5 7 7 6.25 6.25 6 6 6.25 6.25 6 6 6 5.75 5.75 5.75 5.75 5.75 5.75 8.25 8.25 9.5 9.5 9.5 9.5 9.5 9.5 9.5 8.5 8.5 4 4 4.25 4.25 5 5 5 5.75 5.75 6.75 6.75 7.75 7.75 5 5 4.5 4.5 4.75 4.75 4.75 5.25 5.25 4.5 4.5 5 5 4.75 4.75 5.25 5.25 5.25 5 5 4 4 3.25 3.25 3.5 3.5 5.25 5.25 6 6 6 5.75 5.75 4.5 4.5 4 4 4 4
8.5 8.5 8.5 6.5 6.5 7 7 6.25 6.25 6 6 6.25 6.25 6 6 6 5.75 5.75 5.75 5.75 5.75 5.75 8.25 8.25 9.5 9.5 9.5 9.5 9.5 9.5 9.5 8.5 8.5 4 4 4.25 4.25 5 5 5 5.75 5.75 6.75 6.75 7.75 7.75 5 5 4.5 4.5 4.75 4.75 4.75 5.25 5.25 4.5 4.5 5 5 4.75 4.75 5.25 5.25 5.25 5 5 4 4 3.25 3.25 3.5 3.5 5.25 5.25 6 6 6 5.75 5.75 4.5 4.5 4 4 4 4
7.75 7.75 7.75 7 7 6.5 6.5 6.75 6.75 6 6 6.25 6.25 6.25 6.25 6.25 5.75 5.75 5.5 5.5 5.25 5.25 5.25 5.25 8.5 8.5 10.25 10.25 10.25 9.75 9.75 8.5 8.5 4 4 4.25 4.25 4.25 4.25 4.25 4.75 4.75 6 6 8.5 8.5 4.5 4.5 4.25 4.25 4.5 4.5 4.5 5 5 4.5 4.5 4.75 4.75 4.25 4.25 5.5 5.5 5.5 5.25 5.25 4 4 3.5 3.5 5 5 6.25 6.25 6.25 6.25 6.25 5 5 4.25 4.25 4 4 4 4
7.75 7.75 7.75 7 7 6.5 6.5 6.75 6.75 6 6 6.25 6.25 6.25 6.25 6.25 5.75 5.75 5.5 5.5 5.25 5.25 5.25 5.25 8.5 8.5 10.25 10.25 10.25 9.75 9.75 8.5 8.5 4 4 4.25 4.25 4.25 4.25 4.25 4.75 4.75 6 6 8.5 8.5 4.5 4.5 4.25 4.25 4.5 4.5 4.5 5 5 4.5 4.5 4.75 4.75 4.25 4.25 5.5 5.5 5.5 5.25 5.25 4 4 3.5 3.5 5 5 6.25 6.25 6.25 6.25 6.25 5 5 4.25 4.25 4 4 4 4
7.75 7.75 7.75 7.5 7.5 7.25 7.25 6.25 6.25 6 6 6.25 6.25 6 6 6 5.5 5.5 5.25 5.25 5 5 5 5 6.25 6.25 8 8 8 9.75 9.75 8 8 5 5 5 5 5 5 5 4.75 4.75 5.25 5.25 6.75 6.75 4.5 4.5 4.25 4.25 4 4 4 4.5 4.5 4.5 4.5 4.5 4.5 4 4 6.25 6.25 6.25 5.25 5.25 4.25 4.25 5.5 5.5 5 5 6 6 5.75 5.75 5.75 5.25 5.25 4.75 4.75 4.25 4.25 4 4
7.75 7.75 7.75 7.5 7.5 7.25 7.25 6.25 6.25 6 6 6.25 6.25 6 6 6 5.5 5.5 5.25 5.25 5 5 5 5 6.25 6.25 8 8 8 9.75 9.75 8 8 5 5 5 5 5 5 5 4.75 4.75 5.25 5.25 6.75 6.75 4.5 4.5 4.25 4.25 4 4 4 4.5 4.5 4.5 4.5 4.5 4.5 4 4 6.25 6.25 6.25 5.25 5.25 4.25 4.25 5.5 5.5 5 5 6 6 5.75 5.75 5.75 5.25 5.25 4.75 4.75 4.25 4.25 4 4
7 7 7 6.25 6.25 6 6 6.5 6.5 6 6 6 6 5.75 5.75 5.75 6.5 6.5 6.5 6.5 5 5 5.5 5.5 6.5 6.5 9.25 9.25 9.25 12.5 12.5 8.75 8.75 5 5 5 5 4.5 4.5 4.5 4.5 4.5 4.75 4.75 4.75 4.75 6.5 6.5 4.5 4.5 4 4 4 5 5 3.5 3.5 3.25 3.25 3 3 6.25 6.25 6.25 4.75 4.75 4.25 4.25 5.25 5.25 5.25 5.25 6.25 6.25 5.75 5.75 5.75 5.5 5.5 5 5 4.25 4.25 4.25 4.25
7 7 7 6.25 6.25 6 6 6.5 6.5 6 6 6 6 5.75 5.75 5.75 6.5 6.5 6.5 6.5 5 5 5.5 5.5 6.5 6.5 9.25 9.25 9.25 12.5 12.5 8.75 8.75 5 5 5 5 4.5 4.5 4.5 4.5 4.5 4.75 4.75 4.75 4.75 6.5 6.5 4.5 4.5 4 4 4 5 5 3.5 3.5 3.25 3.25 3 3 6.25 6.25 6.25 4.75 4.75 4.25 4.25 5.25 5.25 5.25 5.25 6.25 6.25 5.75 5.75 5.75 5.5 5.5 5 5 4.25 4.25 4.25 4.25
7.5 7.5 7.5 5.75 5.75 5.75 5.75 6 6 6.5 6.5 6.5 6.5 5.5 5.5 5.5 10.5 10.5 8.25 8.25 6.5 6.5 10.75 10.75 12.75 12.75 12.5 12.5 12.5 12.75 12.75 8.5 8.5 8.5 8.5 5 5 4.5 4.5 4.5 3.75 3.75 3.75 3.75 4.75 4.75 6.5 6.5 4.75 4.75 4.25 4.25 4.25 5.5 5.5 3.5 3.5 3.5 3.5 3 3 5.75 5.75 5.75 5.5 5.5 3.25 3.25 4.75 4.75 4.75 4.75 5.25 5.25 5.5 5.5 5.5 5 5 5.25 5.25 4.25 4.25 4.25 4.25
7.5 7.5 7.5 5.75 5.75 5.75 5.75 6 6 6.5 6.5 6.5 6.5 5.5 5.5 5.5 10.5 10.5 8.25 8.25 6.5 6.5 10.75 10.75 12.75 12.75 12.5 12.5 12.5 12.75 12.75 8.5 8.5 8.5 8.5 5 5 4.5 4.5 4.5 3.75 3.75 3.75 3.75 4.75 4.75 6.5 6.5 4.75 4.75 4.25 4.25 4.25 5.5 5.5 3.5 3.5 3.5 3.5 3 3 5.75 5.75 5.75 5.5 5.5 3.25 3.25 4.75 4.75 4.75 4.75 5.25 5.25 5.5 5.5 5.5 5 5 5.25 5.25 4.25 4.25 4.25 4.25
7.5 7.5 7.5 5.75 5.75 5.75 5.75 6 6 6.5 6.5 6.5 6.5 5.5 5.5 5.5 10.5 10.5 8.25 8.25 6.5 6.5 10.75 10.75 12.75 12.75 12.5 12.5 12.5 12.75 12.75 8.5 8.5 8.5 8.5 5 5 4.5 4.5 4.5 3.75 3.75 3.75 3.75 4.75 4.75 6.5 6.5 4.75 4.75 4.25 4.25 4.25 5.5 5.5 3.5 3.5 3.5 3.5 3 3 5.75 5.75 5.75 5.5 5.5 3.25 3.25 4.75 4.75 4.75 4.75 5.25 5.25 5.5 5.5 5.5 5 5 5.25 5.25 4.25 4.25 4.25 4.25
6 6 6 5.75 5.75 6 6 5.75 5.75 5.75 5.75 6.5 6.5 5.75 5.75 5.75 11.5 11.5 12.75 12.75 13.25 13.25 13.25 13.25 13 13 13.25 13.25 13.25 12.5 12.5 9.75 9.75 9.5 9.5 8.5 8.5 4.25 4.25 4.25 4 4 3.75 3.75 4.25 4.25 7 7 6.75 6.75 6.75 6.75 6.75 6.75 6.75 4.25 4.25 3 3 3 3 5.5 5.5 5.5 5 5 3.75 3.75 3.5 3.5 5.25 5.25 5 5 5.25 5.25 5.25 5.5 5.5 5 5 4.75 4.75 4.25 4.25
6 6 6 5.75 5.75 6 6 5.75 5.75 5.75 5.75 6.5 6.5 5.75 5.75 5.75 11.5 11.5 12.75 12.75 13.25 13.25 13.25 13.25 13 13 13.25 13.25 13.25 12.5 12.5 9.75 9.75 9.5 9.5 8.5 8.5 4.25 4.25 4.25 4 4 3.75 3.75 4.25 4.25 7 7 6.75 6.75 6.75 6.75 6.75 6.75 6.75 4.25 4.25 3 3 3 3 5.5 5.5 5.5 5 5 3.75 3.75 3.5 3.5 5.25 5.25 5 5 5.25 5.25 5.25 5.5 5.5 5 5 4.75 4.75 4.25 4.25
7.5 7.5 7.5 6 6 6 6 6 6 6.5 6.5 6.25 6.25 6 6 6 5.75 5.75 10.25 10.25 12 12 12 12 12.75 12.75 12.25 12.25 12.25 13.5 13.5 12 12 9.75 9.75 9.75 9.75 8.5 8.5 8.5 5 5 3.75 3.75 3.75 3.75 3.75 3.75 4.25 4.25 6 6 6 6 6 5.5 5.5 3 3 2.75 2.75 4.5 4.5 4.5 4.5 4.5 3.75 3.75 3.75 3.75 4.25 4.25 4.75 4.75 5 5 5 4.75 4.75 5.5 5.5 5 5 4.25 4.25
7.5 7.5 7.5 6 6 6 6 6 6 6.5 6.5 6.25 6.25 6 6 6 5.75 5.75 10.25 10.25 12 12 12 12 12.75 12.75 12.25 12.25 12.25 13.5 13.5 12 12 9.75 9.75 9.75 9.75 8.5 8.5 8.5 5 5 3.75 3.75 3.75 3.75 3.75 3.75 4.25 4.25 6 6 6 6 6 5.5 5.5 3 3 2.75 2.75 4.5 4.5 4.5 4.5 4.5 3.75 3.75 3.75 3.75 4.25 4.25 4.75 4.75 5 5 5 4.75 4.75 5.5 5.5 5 5 4.25 4.25
