data_and_outputs/predictor_data/000/bioclim_01.asc
NCOLS 1199 
NROWS 625 
XLLCORNER -17.966918 
YLLCORNER -10.0196949358429 
CELLSIZE 0.0416666688395203 
NODATA_value -9999 
[rows 418 to 455 of 625, columns 1020 to 1104 of 1199]
244 244 246 247 248 248 249 250 250 249 249 250 250 250 249 248 248 248 248 248 248 249 248 248 248 248 248 248 248 248 250 248 247 247 247 247 248 246 246 246 246 245 245 244 239 241 245 245 245 245 244 244 242 241 241 242 243 240 236 230 227 230 229 228 232 236 234 234 238 238 239 238 236 238 238 236 237 238 236 238 238 236 223 227 234
246 243 245 247 248 248 249 249 250 249 249 249 250 250 250 249 248 248 248 248 248 248 248 248 248 248 248 248 248 248 250 248 248 247 247 247 247 246 245 245 245 246 245 245 244 244 244 244 243 242 243 240 242 242 242 241 242 240 232 228 225 228 227 223 227 231 229 232 236 239 237 238 235 237 237 237 236 236 237 237 238 234 229 224 232
246 245 245 247 248 248 249 249 250 249 249 249 249 249 250 250 248 248 248 248 248 248 248 248 248 248 248 247 247 247 249 248 248 248 248 247 247 247 246 245 245 246 245 245 245 243 243 242 235 239 242 237 239 241 238 236 240 237 230 229 225 229 228 226 225 222 226 231 235 237 239 236 232 235 233 235 236 236 237 236 237 236 233 229 226
248 247 247 247 248 249 249 249 249 249 249 249 249 250 250 249 249 248 248 248 248 248 248 248 248 248 248 248 248 248 250 248 248 248 248 247 246 246 245 244 245 246 245 244 244 244 242 239 234 237 241 240 239 239 236 238 238 238 225 227 228 229 229 234 228 227 225 229 231 235 236 236 228 232 232 229 234 237 236 234 236 236 232 234 230
248 248 248 248 248 249 249 249 249 249 249 249 250 249 250 250 249 248 248 248 248 248 249 248 248 248 248 248 248 248 250 249 247 247 247 246 245 245 244 244 245 245 245 244 244 244 242 239 238 237 241 240 239 239 235 237 238 237 229 221 231 235 235 233 235 236 233 228 226 230 233 237 235 231 233 226 229 236 233 236 235 235 234 232 234
248 249 248 247 248 248 248 249 249 248 248 249 249 250 250 250 249 248 248 248 248 248 248 248 248 248 248 247 248 248 250 248 247 247 247 246 246 244 243 243 243 245 245 245 244 243 242 240 233 231 240 240 240 240 240 239 240 241 232 228 238 239 239 238 236 236 233 223 224 227 229 235 236 231 228 226 228 231 234 236 236 235 234 236 234
247 249 246 245 246 248 248 248 248 248 248 249 250 250 250 249 249 249 248 248 248 248 248 248 248 248 248 248 248 249 251 249 247 247 247 247 247 245 244 243 243 245 245 244 244 241 236 239 230 228 235 239 241 241 241 241 241 241 239 239 240 240 239 236 232 231 232 224 218 221 226 230 228 222 222 225 224 221 221 229 234 232 227 229 235
248 248 246 241 244 248 247 247 248 248 248 249 250 250 250 249 249 248 248 248 248 248 249 248 248 248 248 248 248 249 250 249 248 248 248 247 247 246 246 243 244 245 245 244 244 239 234 234 227 226 231 238 241 241 241 240 241 241 241 240 237 233 237 233 231 232 225 220 218 217 221 224 221 223 221 222 221 214 211 219 224 226 223 220 224
247 243 248 244 240 246 248 247 247 248 249 249 250 251 250 249 249 249 248 248 248 248 248 248 248 248 248 248 249 249 250 248 247 247 247 248 247 246 245 242 244 244 245 244 242 236 232 228 230 233 236 240 240 240 240 239 240 240 240 240 236 236 234 222 218 223 224 217 216 214 215 218 214 217 216 220 217 214 212 209 211 217 216 216 219
246 243 247 244 243 245 248 247 247 248 249 250 250 250 250 250 250 249 249 249 248 248 249 248 248 248 248 248 248 250 250 248 247 248 248 247 247 246 245 244 245 244 245 244 242 238 239 235 229 234 239 239 240 240 239 236 237 237 238 240 240 239 234 230 221 216 217 215 215 211 210 213 210 212 213 214 215 216 212 208 208 211 214 214 212
247 245 244 248 246 247 247 246 246 248 249 250 250 251 251 250 250 250 249 249 249 249 248 248 248 248 248 248 249 250 249 248 247 247 248 247 247 247 244 245 244 244 244 244 244 242 242 241 226 227 239 239 241 240 238 233 232 235 235 237 237 239 228 227 221 219 218 218 213 208 206 205 208 212 210 211 214 216 212 209 204 206 210 209 209
244 244 245 247 246 245 246 245 247 249 249 250 250 250 250 251 249 250 249 249 249 249 249 249 248 248 249 249 250 250 249 248 247 247 247 247 247 247 245 245 244 243 244 243 242 243 243 242 239 239 239 241 241 241 237 235 231 234 235 233 220 231 238 234 226 220 216 211 211 210 206 205 208 211 209 211 210 216 214 208 204 202 203 206 208
246 245 243 243 245 243 246 247 248 249 249 250 250 250 251 250 250 249 249 249 249 249 249 249 249 250 250 250 249 250 248 248 247 247 247 247 246 247 246 246 245 242 243 244 243 242 241 241 238 240 241 242 242 241 240 238 237 228 233 233 226 221 230 238 219 217 213 209 203 208 205 204 204 208 208 210 211 214 216 206 205 205 207 206 209
246 246 244 244 247 245 248 249 249 249 249 250 250 250 250 251 250 250 250 249 249 249 249 249 249 250 249 249 250 250 249 248 247 248 247 247 247 246 246 247 246 244 244 244 242 242 239 235 239 242 242 243 242 241 241 241 240 237 236 236 230 221 223 238 231 223 215 210 206 204 202 204 206 208 206 207 210 215 215 205 206 206 208 210 211
242 244 245 245 247 248 249 249 249 249 249 249 250 250 251 251 251 250 250 250 249 249 249 249 249 250 250 249 250 250 249 248 248 248 247 247 247 246 245 247 246 245 245 245 244 243 240 237 243 244 243 242 241 240 240 240 241 240 234 236 232 224 224 235 226 226 226 220 213 207 203 207 209 207 206 207 208 214 216 210 205 206 208 206 209
242 241 245 241 245 247 249 249 250 250 249 250 250 250 250 250 251 250 250 250 249 249 249 249 249 250 250 249 251 249 249 248 248 247 247 247 246 245 244 247 247 246 246 245 245 244 242 241 244 240 236 238 240 240 235 236 241 241 240 232 233 229 218 229 223 215 216 218 220 216 209 209 208 207 208 212 208 211 214 212 210 202 206 207 209
243 242 245 242 239 246 248 249 250 250 250 250 250 250 250 251 251 251 250 250 249 249 249 249 250 250 249 250 251 249 248 249 248 248 247 247 246 246 245 246 246 246 246 246 245 245 243 243 244 233 234 238 241 241 238 233 241 241 241 235 237 238 236 224 228 222 220 216 210 212 210 212 214 211 212 215 214 214 216 212 216 203 205 206 207
246 244 242 244 243 244 247 249 249 249 249 249 249 250 250 250 250 251 250 250 249 250 249 249 250 250 249 250 250 249 248 248 249 248 248 247 246 245 246 246 245 246 247 246 246 245 245 244 244 242 240 242 240 242 242 241 241 241 241 240 237 239 238 220 220 220 218 212 205 204 202 210 219 216 216 216 220 221 221 228 218 207 206 205 206
248 248 243 245 244 246 247 248 249 248 249 249 250 250 250 250 251 251 250 250 250 249 250 249 250 250 249 250 250 248 248 248 249 249 248 247 246 245 246 245 246 246 245 245 246 246 245 244 244 243 242 243 242 243 242 242 241 241 241 241 239 240 239 228 231 222 219 220 216 206 204 205 218 221 220 219 227 229 230 231 224 210 207 205 204
249 248 246 246 246 247 248 248 249 249 249 249 250 250 250 251 251 251 251 251 250 250 250 250 250 250 249 251 250 248 248 248 248 248 248 248 247 247 246 245 245 246 245 245 246 246 245 244 244 244 244 243 243 243 242 242 241 241 241 241 241 240 240 237 237 238 236 237 234 218 206 208 211 221 222 220 231 234 233 225 220 209 208 205 200
244 246 246 247 248 248 248 248 249 249 250 250 250 250 251 251 251 251 251 250 250 250 250 250 250 250 249 251 250 249 249 248 248 248 248 248 246 247 246 246 245 245 246 246 246 246 245 245 244 244 244 243 242 242 242 242 240 240 240 241 241 241 240 240 239 239 238 238 231 223 218 218 217 219 225 227 233 237 231 230 212 206 207 207 200
247 248 247 248 248 248 249 249 249 250 250 251 251 251 251 251 251 250 251 250 250 250 250 250 250 250 250 251 250 249 249 249 248 248 248 248 247 247 246 246 246 246 246 245 245 245 245 245 245 245 244 243 243 242 241 240 238 238 238 240 240 240 240 239 239 239 239 239 238 238 230 230 229 221 224 235 237 237 236 217 218 216 216 216 208
249 249 247 248 249 249 249 250 250 250 250 251 251 251 251 250 251 250 251 250 250 250 250 250 250 251 250 251 250 250 250 249 248 248 248 248 247 247 247 246 245 245 245 245 245 245 245 245 245 244 244 244 243 241 240 240 238 237 233 240 239 239 240 234 236 238 239 239 239 238 238 238 234 227 232 237 237 235 222 222 231 226 225 207 206
250 250 249 249 249 250 250 250 250 251 251 251 252 252 251 250 250 250 250 251 250 250 250 250 250 251 250 251 251 250 249 249 249 248 248 248 248 248 247 246 241 243 245 245 245 245 245 245 245 245 245 244 244 243 242 239 240 238 236 238 239 235 235 236 234 232 236 238 239 238 238 236 236 236 237 238 236 234 229 233 231 226 232 210 205
250 250 250 249 249 250 250 250 250 251 251 251 252 251 251 251 251 250 251 251 250 250 250 250 250 251 250 251 252 250 249 249 249 249 248 248 248 248 247 246 245 245 245 245 244 244 243 244 244 245 245 244 243 241 240 240 236 237 236 238 239 237 234 238 232 228 228 237 238 238 238 238 238 238 238 237 226 230 237 233 230 235 228 214 208
250 249 249 248 249 250 250 251 251 250 251 252 252 252 251 251 251 250 251 251 251 250 250 250 250 250 251 250 252 250 250 249 249 249 249 249 248 248 248 247 247 246 245 244 243 244 241 242 244 244 243 243 242 241 239 238 234 238 237 237 238 238 235 232 224 226 233 232 237 238 238 238 238 238 238 233 223 226 236 235 233 234 233 230 218
250 249 249 249 249 250 250 251 251 251 252 252 252 251 251 251 251 251 251 251 251 251 250 250 250 250 251 250 252 251 250 250 249 249 249 249 248 248 247 246 246 246 245 243 242 242 238 242 241 243 244 243 242 241 239 234 237 239 239 234 237 239 239 238 236 233 237 235 230 232 237 238 238 238 238 236 234 236 238 238 237 232 225 222 216
250 250 250 249 250 250 251 251 252 252 252 252 252 251 251 251 251 251 251 251 251 251 250 251 250 250 251 250 252 252 250 250 249 249 249 249 248 248 247 246 245 243 245 244 244 242 237 239 235 242 245 244 243 242 241 240 239 239 240 236 237 239 239 239 238 237 238 237 231 224 228 228 234 238 239 229 234 238 238 238 238 229 211 221 209
251 251 251 250 250 250 251 251 252 252 252 252 252 251 251 251 251 251 251 251 251 251 251 251 250 250 251 251 251 253 251 250 250 250 249 249 248 247 246 245 245 240 243 242 243 243 241 240 240 241 244 244 244 244 240 242 241 241 242 241 238 239 240 240 240 240 238 236 230 231 227 225 229 234 237 223 232 237 238 237 237 238 232 221 209
251 251 250 250 250 250 250 251 251 251 252 252 252 252 251 251 251 251 251 251 251 251 251 251 251 251 251 251 251 252 252 250 250 250 250 249 249 248 247 246 245 244 244 243 242 244 242 242 243 241 242 242 228 240 244 243 243 242 242 242 241 241 240 239 239 238 238 235 233 235 238 236 232 232 236 232 236 235 233 232 238 238 236 224 219
251 251 250 249 250 250 251 251 251 252 252 252 252 253 252 251 251 251 251 251 251 251 251 251 251 251 251 252 251 251 253 251 250 250 250 249 250 249 247 247 246 245 245 245 245 245 245 244 239 240 228 233 231 242 243 243 242 240 241 242 241 241 239 238 239 238 237 237 237 237 238 238 237 236 237 237 237 237 237 236 236 235 234 226 216
251 251 251 251 250 250 251 251 252 252 252 252 253 252 252 251 252 252 251 251 251 251 251 251 251 251 251 252 251 251 253 252 251 250 250 250 249 249 248 247 247 245 246 247 246 246 244 244 242 236 217 217 235 231 240 243 238 234 239 241 240 239 237 239 240 239 239 239 239 238 237 237 239 239 236 230 236 234 234 234 234 233 232 228 222
251 251 251 251 250 250 251 251 251 252 252 252 252 252 252 252 252 252 251 252 251 251 251 251 251 251 251 252 251 251 252 253 252 252 251 251 250 250 249 249 248 247 247 247 246 245 245 244 242 240 220 218 227 233 236 241 238 238 239 240 238 241 240 239 240 239 239 239 239 239 238 238 238 239 237 234 234 236 236 236 237 238 233 232 233
250 252 251 251 250 250 251 251 252 252 251 252 252 252 252 252 252 252 252 252 252 251 251 251 251 251 251 252 252 251 251 252 253 252 252 251 251 250 250 249 249 248 247 247 248 247 244 241 238 242 234 232 226 237 241 241 241 241 240 238 237 238 238 238 240 239 238 235 236 239 239 240 240 239 238 236 236 233 232 234 235 239 238 237 237
250 252 251 250 250 250 251 251 252 252 251 252 252 252 252 252 252 252 252 252 252 252 251 251 251 251 251 252 252 252 251 252 253 253 250 250 251 251 251 250 250 249 248 248 248 247 244 242 244 243 243 242 240 238 243 242 242 242 241 239 235 235 237 239 239 238 237 233 237 237 232 238 236 238 239 235 238 238 236 236 236 241 239 238 235
250 252 251 251 250 251 251 251 251 252 252 252 253 252 252 252 252 252 252 252 252 252 251 252 252 251 252 252 253 252 252 253 254 254 252 251 251 251 251 251 250 250 249 249 249 247 246 244 244 243 244 244 244 243 243 243 241 240 238 240 239 240 240 240 238 237 236 230 236 233 235 239 239 239 236 235 238 239 240 241 240 238 234 233 233
250 251 252 251 250 250 251 251 252 252 252 252 253 252 252 252 252 252 252 252 252 252 252 252 252 252 252 252 253 253 252 253 253 254 253 251 251 250 251 251 251 250 250 249 249 248 247 246 245 245 245 245 244 244 241 239 237 242 240 239 242 242 242 241 240 238 235 235 234 233 236 238 237 237 232 231 236 234 235 238 239 237 230 228 227
250 251 251 251 250 250 251 251 252 252 252 253 253 252 252 252 252 252 252 252 252 252 252 252 252 252 252 252 253 253 253 253 254 255 253 251 250 250 251 251 251 249 249 248 248 248 247 246 247 246 246 246 244 244 241 237 241 244 243 243 243 243 242 241 240 238 236 235 230 232 237 235 233 229 219 228 237 236 238 238 239 232 226 222 221
