data_and_outputs/predictor_data/000/bioclim_01.asc
NCOLS 1199 
NROWS 625 
XLLCORNER -17.966918 
YLLCORNER -10.0196949358429 
CELLSIZE 0.0416666688395203 
NODATA_value -9999 
[rows 570 to 607 of 625, columns 850 to 934 of 1199]
234 235 232 230 232 233 230 230 231 230 230 230 231 233 231 230 229 231 232 232 232 230 225 229 227 222 215 214 217 217 215 216 216 215 216 216 219 218 219 218 218 220 220 222 220 220 222 222 223 222 223 223 224 226 225 226 225 227 231 235 233 228 232 235 238 236 235 235 237 240 239 240 240 244 243 240 239 237 237 239 241 243 242 240 239
235 234 233 232 234 233 233 231 231 229 230 230 231 233 232 230 229 233 231 231 231 229 223 226 227 226 219 214 216 218 217 216 216 216 216 219 218 219 218 218 218 219 220 221 220 221 222 221 223 222 223 223 224 224 225 226 225 226 229 234 232 228 231 236 238 235 233 235 238 237 237 239 239 242 243 242 241 238 237 240 242 244 242 240 239
234 233 233 234 233 232 231 230 230 228 229 230 231 232 233 233 233 232 230 229 229 227 223 224 228 223 223 215 215 218 215 216 215 216 218 216 218 219 217 217 218 218 221 220 220 222 220 221 222 222 223 222 224 224 225 225 225 226 227 233 236 229 227 234 237 235 229 231 237 236 234 237 239 243 242 242 240 239 239 241 242 242 241 240 239
234 233 234 235 234 234 233 232 230 227 227 228 229 232 233 232 229 229 230 230 231 229 227 225 226 222 222 218 217 217 218 216 215 217 216 215 218 219 217 217 217 218 221 219 220 222 220 221 222 223 222 223 224 223 225 224 225 225 226 230 232 231 228 230 236 236 231 232 236 234 237 238 241 241 239 241 240 238 238 239 241 242 240 238 237
235 235 235 234 233 233 232 231 230 227 229 228 230 231 232 229 232 231 231 230 230 228 225 225 224 224 221 220 216 215 217 218 216 216 216 215 218 217 218 217 218 220 221 220 219 221 220 220 221 223 222 222 224 223 224 225 224 225 226 227 229 234 228 228 234 234 229 231 232 236 239 240 241 242 239 238 239 238 240 241 242 242 239 236 238
238 235 235 233 232 231 231 232 230 229 231 229 229 231 233 229 231 229 229 228 228 227 225 226 222 223 222 221 215 214 214 218 216 216 215 216 218 216 218 216 218 218 220 220 219 221 220 220 222 222 221 222 224 223 223 225 224 225 225 227 228 234 228 227 231 236 230 229 232 236 237 240 239 242 239 237 237 237 238 239 241 241 240 238 239
238 236 234 234 233 232 233 233 232 231 231 229 228 229 233 229 229 231 230 230 229 227 227 227 223 222 220 220 215 214 216 217 216 216 215 215 218 216 217 216 217 218 219 219 218 221 220 220 221 222 221 222 223 223 223 224 224 224 225 226 227 233 231 227 230 235 230 229 229 232 237 238 238 242 240 239 236 237 239 240 242 240 238 238 240
237 238 236 233 233 231 234 233 232 232 232 230 231 228 231 234 230 228 227 228 229 228 228 228 225 222 219 219 216 214 215 217 217 217 215 216 216 216 217 216 216 219 219 218 219 220 220 219 222 222 222 223 222 222 222 224 224 224 225 226 226 231 229 227 228 232 231 229 229 233 236 236 237 241 238 235 235 236 237 238 241 241 240 238 240
236 238 235 233 235 234 234 232 233 234 232 232 231 230 230 232 230 230 227 225 227 223 221 226 223 220 218 218 216 214 216 215 217 216 215 215 216 216 216 218 219 220 219 218 219 219 221 219 222 221 221 222 222 222 223 224 223 224 224 226 225 229 228 226 227 229 233 231 228 231 234 237 239 240 237 233 231 233 237 238 241 240 239 238 240
236 238 237 236 237 237 236 236 236 234 233 233 233 231 229 232 228 229 230 226 223 222 219 222 219 218 216 213 217 212 215 214 217 215 216 215 215 215 216 218 216 219 218 218 218 218 221 219 220 222 221 221 222 221 223 224 224 224 224 226 225 228 227 227 227 228 230 230 229 229 230 234 237 239 233 232 231 232 234 240 239 239 238 236 238
237 238 236 237 237 235 233 234 235 233 232 231 230 231 230 233 231 228 229 226 223 220 220 219 218 217 214 212 216 213 213 215 216 216 218 215 216 216 216 216 218 218 219 218 218 219 220 219 221 221 221 221 223 221 223 223 223 224 225 225 225 226 227 226 227 228 228 228 228 229 230 232 238 237 231 231 232 237 239 239 235 237 235 233 237
236 238 237 234 236 236 232 231 233 234 231 230 231 230 229 230 233 229 227 228 226 225 223 219 216 214 213 211 213 212 214 216 214 214 216 217 217 216 216 216 219 217 218 217 218 220 219 220 221 221 221 221 222 222 222 224 223 224 225 224 225 225 228 226 227 227 228 228 228 228 229 231 237 236 231 231 231 233 239 238 234 234 235 235 238
235 238 236 234 233 235 234 231 232 235 234 234 233 232 230 229 233 228 225 226 227 224 224 223 220 214 212 211 213 212 213 215 214 214 216 215 216 216 216 216 218 218 218 216 218 219 218 219 219 222 221 221 221 223 222 223 222 223 224 226 224 225 228 226 226 227 228 228 228 229 230 234 232 238 232 230 230 231 237 239 235 232 233 233 236
235 238 236 232 230 232 232 231 231 233 234 231 230 230 228 228 231 228 227 226 225 226 223 221 221 216 215 212 212 212 213 215 214 214 216 214 216 217 216 215 217 218 217 217 217 220 218 218 220 220 221 220 221 223 221 224 223 223 224 226 224 224 226 227 226 226 227 228 228 228 229 232 232 236 233 231 230 231 236 238 235 232 232 232 234
236 238 237 234 232 232 232 231 231 232 233 234 232 229 231 230 230 231 227 225 224 224 225 223 220 219 218 213 212 211 212 215 214 213 215 214 215 216 215 215 217 218 218 217 217 219 218 220 220 219 220 220 222 222 221 222 224 223 223 224 226 224 226 227 226 226 227 227 228 228 229 232 234 234 232 230 230 234 238 235 234 232 232 233 236
235 238 238 236 236 233 234 235 234 231 232 232 234 231 230 228 228 232 229 226 224 222 222 223 222 222 219 217 215 212 213 215 213 213 215 213 215 217 215 216 216 218 217 217 217 218 217 220 220 219 220 219 221 221 222 221 224 223 223 224 225 224 226 227 226 226 227 227 227 229 230 230 232 234 231 230 230 234 236 238 234 233 231 231 235
237 238 237 238 238 236 236 236 234 233 231 230 230 229 228 229 228 229 230 228 225 223 222 221 221 221 221 219 217 213 214 214 215 212 214 213 215 216 215 216 216 217 217 217 217 218 218 220 220 219 219 220 222 220 221 222 224 222 223 223 225 224 225 226 226 226 227 226 228 228 228 230 232 234 230 230 230 231 234 238 237 235 231 233 236
237 236 235 236 237 238 238 237 235 232 233 231 226 226 226 227 226 225 225 226 225 224 223 222 220 219 219 218 217 215 217 217 216 212 213 212 214 216 215 216 216 217 216 217 217 218 219 220 219 219 219 219 221 221 220 221 224 223 223 223 225 225 225 226 225 226 226 227 228 228 228 230 231 234 230 230 230 231 232 238 237 234 230 232 236
236 236 235 234 235 235 237 237 235 234 235 231 228 230 228 227 225 223 223 223 224 223 222 220 219 220 219 217 218 217 218 216 216 214 213 212 214 215 215 214 215 217 216 217 217 217 217 220 219 219 219 220 221 221 220 221 222 222 222 223 224 225 224 227 226 226 226 227 227 227 228 229 232 237 233 230 230 230 232 237 237 235 230 230 232
234 236 233 231 234 234 236 237 235 236 234 233 233 229 224 227 225 226 224 222 221 222 222 221 221 220 219 219 218 218 218 217 217 216 213 212 214 215 214 214 216 216 216 216 216 216 217 219 220 219 219 219 219 221 220 221 223 222 222 223 225 224 226 227 226 226 226 226 227 227 229 229 234 236 237 233 229 230 233 237 238 235 233 230 233
232 235 234 232 233 234 234 236 236 236 234 234 233 232 229 229 227 224 224 222 221 220 220 220 219 218 219 218 219 219 219 218 217 216 214 212 213 214 214 215 214 216 215 215 216 217 218 218 219 218 218 219 220 221 220 221 223 222 222 223 224 224 226 226 226 226 226 226 226 227 228 230 232 235 237 235 230 230 234 236 237 237 235 231 230
236 236 237 233 232 233 233 233 233 235 233 232 231 231 232 230 229 226 222 222 220 218 218 220 220 218 218 218 219 219 217 218 216 216 216 214 212 215 213 214 214 215 215 215 216 216 218 217 218 218 218 218 219 221 220 220 223 221 222 223 224 224 224 226 226 226 226 226 227 228 228 228 232 234 236 234 232 229 234 235 237 237 236 233 233
235 235 237 236 232 231 232 231 231 233 234 232 232 232 232 231 229 227 225 223 220 220 220 219 219 219 219 219 219 217 216 217 216 217 217 213 211 215 213 213 214 214 215 215 215 217 218 217 218 219 218 218 220 220 220 221 223 222 222 223 223 224 224 225 226 226 225 226 226 227 226 230 233 235 237 234 230 228 231 234 237 236 236 235 234
235 234 236 236 234 231 230 229 230 231 233 232 230 230 229 229 229 228 226 223 222 222 220 218 217 218 218 218 219 219 218 218 218 217 216 215 211 215 213 212 214 213 215 214 215 217 218 217 218 219 219 219 220 221 220 221 222 221 222 223 223 223 224 224 226 226 226 225 226 227 228 228 231 235 236 236 234 231 230 234 237 235 236 233 230
234 234 236 236 234 232 228 229 230 229 232 231 229 229 228 226 226 227 226 225 223 221 220 219 218 217 217 218 217 218 219 219 218 218 216 214 211 214 214 213 213 214 214 214 216 215 218 217 217 218 218 219 220 219 220 222 222 222 222 223 223 223 225 224 226 227 226 225 225 226 228 232 232 235 234 233 233 230 229 233 235 235 235 234 231
234 234 236 236 235 232 228 229 229 228 229 231 228 227 226 225 224 223 224 224 222 223 222 218 219 218 217 217 216 217 217 216 217 217 216 215 213 214 213 213 213 215 214 214 214 215 218 217 217 217 217 219 219 219 219 222 221 222 222 224 223 223 224 224 225 227 225 225 225 226 230 228 232 235 234 231 230 229 229 232 236 234 233 234 231
235 234 236 235 235 233 231 230 228 228 228 230 230 229 227 225 223 220 221 222 220 221 220 220 219 217 217 216 216 217 217 217 218 216 215 215 211 212 212 213 213 214 213 214 215 216 217 216 216 217 217 219 218 218 220 222 222 221 222 223 223 223 224 224 225 225 226 225 225 225 227 227 233 233 232 228 229 226 229 232 236 234 232 234 230
235 235 236 235 235 234 232 231 229 227 226 227 228 229 227 226 224 221 219 219 219 219 218 219 218 219 217 216 216 218 218 218 217 217 216 215 213 213 212 213 212 214 213 213 214 214 217 215 216 216 217 218 218 219 220 221 222 221 221 223 223 222 223 223 224 225 226 225 224 225 225 227 233 230 229 228 227 226 230 232 234 234 231 233 231
235 236 236 234 233 234 233 231 229 224 224 226 227 229 225 225 222 222 219 218 218 217 217 218 217 218 217 216 216 218 218 218 218 216 215 214 214 214 213 214 213 213 213 213 213 215 217 215 215 216 218 217 218 219 220 221 222 221 221 222 222 222 222 223 224 224 224 226 225 225 227 230 233 230 227 226 225 227 229 231 233 229 229 230 228
235 236 235 234 232 232 233 231 229 223 223 226 226 229 226 224 222 220 220 219 217 218 217 218 218 217 217 217 217 218 219 218 217 216 215 214 215 214 214 216 216 214 213 213 215 215 216 215 216 216 217 217 218 218 218 219 222 221 221 221 223 222 222 223 223 224 224 225 227 226 229 231 232 231 229 226 226 227 230 232 232 227 228 230 227
235 235 235 234 233 231 231 231 230 224 223 226 227 227 224 222 221 220 219 218 218 218 218 219 219 218 218 218 219 220 218 217 216 216 217 216 217 214 215 216 215 212 213 212 213 215 216 215 216 215 217 217 217 218 219 220 222 221 220 221 223 222 222 222 223 223 225 225 227 229 230 230 231 229 225 225 225 227 229 231 230 227 228 228 226
234 235 235 234 233 232 230 230 229 225 220 225 226 227 224 220 218 219 217 218 219 218 220 219 218 217 218 220 219 218 217 217 217 217 217 217 217 216 217 215 214 212 213 213 214 214 216 215 215 215 216 217 217 217 218 221 222 221 220 221 222 221 222 222 223 223 224 224 227 229 230 228 230 229 226 225 225 225 228 230 227 226 229 227 226
233 234 235 234 233 232 231 230 229 227 223 224 224 226 226 222 218 218 218 220 220 219 220 219 218 217 219 218 217 217 217 218 217 218 218 218 217 217 216 214 215 214 214 212 213 213 216 216 215 216 216 216 217 218 219 221 222 221 220 220 222 221 221 222 222 223 224 224 227 230 227 226 229 229 225 224 225 226 230 228 225 225 228 227 226
231 233 234 234 234 232 231 229 228 227 225 225 224 225 226 224 220 219 220 221 220 220 220 218 217 219 219 219 218 218 219 218 219 219 218 216 218 217 216 216 216 215 213 212 212 213 215 217 215 215 216 217 218 218 219 220 221 221 220 220 221 221 221 222 222 222 224 224 227 229 228 224 226 229 225 224 225 226 228 227 225 225 226 227 226
231 233 234 234 232 232 230 229 228 226 225 225 226 226 225 223 219 218 222 223 221 222 219 218 218 219 218 218 217 219 219 219 219 218 216 217 218 218 218 217 216 215 214 212 212 213 214 216 216 215 215 216 217 219 218 221 220 221 220 220 221 221 221 221 222 222 223 222 227 229 226 225 226 228 226 224 224 225 225 229 227 225 226 227 225
230 233 234 233 232 232 231 229 226 225 226 226 225 226 225 224 221 221 223 224 222 219 221 220 220 220 218 218 218 219 218 217 217 217 217 219 219 218 217 217 217 216 216 214 212 213 214 215 217 216 216 217 217 218 219 219 218 221 220 220 220 221 221 221 221 222 223 222 226 228 227 224 226 227 227 224 224 224 224 227 227 225 225 226 226
232 233 234 233 232 231 230 229 227 225 225 225 225 226 225 225 224 223 225 223 220 220 221 220 220 219 220 219 219 219 217 218 217 218 219 220 217 217 216 216 215 215 215 214 212 212 213 215 216 216 215 216 217 218 218 219 218 220 220 219 220 221 221 221 221 222 223 223 226 228 226 224 224 226 225 223 223 224 225 228 226 224 225 225 226
233 233 233 232 232 230 229 228 226 224 225 224 224 226 224 224 225 225 224 223 223 222 222 222 220 219 219 219 220 218 218 218 218 218 220 218 218 218 217 217 216 216 214 213 211 212 213 213 216 215 216 215 217 218 217 219 219 218 221 220 220 221 220 221 222 223 222 224 226 228 226 224 223 226 224 223 223 223 226 228 226 224 224 224 225
