data_and_outputs/predictor_data/000/bioclim_12.asc
NCOLS 1199 
NROWS 625 
XLLCORNER -17.966918 
YLLCORNER -10.0196949358429 
CELLSIZE 0.0416666688395203 
NODATA_value -9999 
[rows 72 to 107 of 625, columns 1053 to 1133 of 1199]
304 304 304 304 303 303 303 302 303 303 302 303 302 301 301 300 300 302 302 302 301 301 300 300 300 298 299 300 300 298 299 301 301 303 303 302 303 303 303 303 306 308 308 308 308 310 311 312 313 313 315 317 318 319 323 326 327 329 332 333 336 338 342 344 347 349 354 357 360 364 365 367 371 374 376 377 380 381 381 381 381
308 307 307 307 305 305 305 304 305 305 305 304 304 305 305 303 305 305 306 304 302 302 302 302 302 301 301 302 302 302 302 304 304 304 304 305 305 305 306 308 308 309 312 312 313 313 315 315 315 318 319 321 321 326 328 329 333 334 335 339 341 345 346 350 352 356 359 363 368 369 370 372 374 378 380 384 384 386 386 386 386
312 311 311 310 307 307 308 307 307 308 308 307 307 306 305 305 308 308 307 306 305 305 304 303 303 304 305 305 306 306 306 306 307 307 307 307 308 309 310 311 312 313 316 316 316 316 316 320 320 320 323 326 327 329 331 335 337 340 342 343 346 349 351 355 358 361 364 367 370 373 376 377 380 383 386 388 389 390 391 392 395
314 312 312 312 311 311 312 312 310 309 307 307 309 308 308 308 308 309 309 309 308 308 308 307 307 307 310 310 310 309 310 310 310 310 310 312 312 312 313 313 314 317 318 319 320 320 321 324 324 324 326 328 330 335 337 341 342 344 344 349 351 354 357 361 362 367 370 372 374 378 379 383 385 389 394 394 393 393 396 400 402
315 316 315 315 314 314 314 315 313 313 313 312 311 309 310 312 312 312 311 311 311 310 310 309 310 311 311 313 313 312 312 313 313 314 314 313 315 315 316 318 319 320 321 321 322 325 325 325 329 329 329 331 335 338 340 344 347 349 351 353 354 360 364 366 369 371 375 376 379 383 387 388 392 394 399 398 399 400 401 405 407
319 319 316 316 316 315 315 315 314 316 316 316 315 315 315 315 315 316 316 314 314 313 313 313 313 313 313 313 313 313 314 316 316 317 317 317 317 320 320 322 322 323 325 325 325 326 328 330 330 333 333 335 338 339 343 346 348 352 356 360 362 364 367 371 376 378 379 382 385 389 391 393 396 398 402 406 407 405 406 409 411
322 321 320 320 319 319 318 318 317 317 318 318 317 317 318 318 318 318 318 317 317 316 316 317 317 317 318 317 317 317 317 319 319 319 319 320 322 322 324 324 325 326 326 327 328 329 333 334 334 337 337 339 340 344 347 349 351 356 361 366 368 370 373 376 379 380 383 385 390 392 396 396 399 402 407 411 412 412 412 414 418
325 325 323 322 322 321 321 322 322 322 321 321 321 320 320 320 321 320 320 319 318 319 318 319 320 321 321 320 320 321 321 321 323 322 323 323 324 325 327 328 328 328 329 330 333 334 335 338 338 339 340 343 346 347 352 354 356 360 365 368 370 373 380 382 384 385 387 391 394 397 397 401 404 407 411 414 417 419 419 420 423
327 325 325 325 325 324 323 325 326 326 325 324 324 321 324 324 324 321 321 320 320 320 321 322 323 323 324 324 323 323 324 324 326 325 326 326 326 327 328 331 332 332 334 335 336 337 338 339 342 343 344 346 348 353 355 358 360 363 366 370 372 379 383 385 389 390 394 397 401 403 404 407 409 413 416 420 422 423 424 424 428
329 329 328 329 329 327 327 328 330 329 329 326 324 324 325 326 327 327 326 326 325 325 325 324 326 326 326 326 326 326 327 328 328 328 329 331 331 331 332 332 334 337 337 338 339 341 341 343 346 347 347 349 353 356 357 362 363 366 370 374 378 381 384 390 393 396 399 402 406 409 410 414 416 418 421 426 426 427 429 429 434
332 332 331 330 330 328 331 335 334 334 331 327 328 329 328 328 328 329 328 328 328 327 328 328 329 330 329 329 330 332 332 331 331 332 333 334 335 335 335 337 337 340 340 341 343 345 347 347 348 349 351 353 355 359 361 363 368 369 373 376 379 384 387 391 394 397 401 405 413 412 416 419 424 425 427 428 431 433 435 434 437
334 335 334 333 332 332 330 335 337 335 331 331 331 332 332 333 333 333 331 330 331 330 330 331 331 332 331 333 333 334 335 334 334 335 336 336 337 338 339 339 340 342 345 345 347 348 348 350 351 353 354 356 359 361 365 366 369 374 377 379 383 386 389 392 396 400 404 410 419 420 422 425 429 430 433 437 439 441 443 443 442
339 339 339 336 336 334 333 336 342 334 334 333 334 334 335 336 339 336 334 333 334 333 335 334 334 335 334 335 336 336 336 338 336 338 338 339 342 342 343 343 345 345 348 349 350 351 351 354 355 356 357 359 363 364 367 368 373 377 381 384 387 389 392 395 401 403 408 414 423 428 431 435 437 438 440 442 448 448 449 448 448
343 342 340 340 339 338 338 338 340 337 337 337 336 336 338 343 338 337 337 337 337 337 338 339 338 338 338 340 340 340 341 341 340 341 342 343 344 345 345 347 347 348 352 353 354 354 356 356 358 360 360 363 366 368 369 374 375 380 383 387 390 394 397 401 404 408 412 417 423 429 436 439 441 443 446 449 450 453 454 456 457
347 342 342 343 343 342 341 341 340 340 339 340 342 342 342 344 342 340 340 340 340 340 340 340 340 341 341 343 344 343 343 343 344 345 345 346 346 349 349 351 352 354 355 355 358 358 358 361 361 363 363 367 368 370 373 376 379 386 388 388 392 396 400 403 407 411 417 421 425 433 436 439 445 447 448 452 454 455 458 460 462
347 346 345 345 346 346 344 344 344 344 343 343 344 344 345 347 343 342 344 344 344 343 344 344 343 344 345 345 346 347 346 346 347 348 349 349 352 353 354 354 356 356 357 359 359 361 363 365 365 366 367 369 371 374 376 378 382 385 391 392 397 399 403 408 411 417 421 425 430 437 440 444 446 451 453 457 459 461 463 466 468
350 349 349 348 348 348 349 348 346 346 346 345 346 348 347 346 345 346 346 346 347 347 347 347 348 348 349 349 350 350 351 351 351 351 353 354 356 356 358 358 358 359 360 363 363 364 367 368 369 369 370 373 373 376 378 381 384 388 390 396 399 402 408 412 418 422 425 428 436 439 444 448 450 455 457 460 462 466 468 471 473
354 354 354 353 350 350 350 350 349 349 349 349 348 349 349 349 347 348 349 349 350 350 351 351 350 350 352 352 353 354 354 353 354 356 357 357 358 360 360 362 363 363 364 366 367 368 370 371 371 374 373 377 377 379 380 385 387 391 395 399 404 407 412 416 423 427 428 434 440 445 449 452 455 457 461 464 466 471 473 477 483
357 356 356 356 356 354 354 355 354 353 352 352 351 352 353 352 352 352 353 354 354 355 354 355 355 354 355 356 357 356 356 357 359 361 361 362 363 363 364 365 366 366 367 368 370 372 373 374 375 377 378 378 379 384 386 388 393 396 399 401 406 410 416 421 426 430 433 438 444 449 453 457 459 461 467 469 472 474 478 484 490
361 360 359 358 358 357 357 356 357 357 357 357 356 357 355 355 356 356 357 356 356 358 358 357 358 359 359 360 360 360 360 362 362 363 365 366 367 367 368 369 369 371 372 373 375 375 378 378 380 381 380 383 385 387 389 392 396 399 401 405 410 415 419 426 431 436 436 442 447 454 457 460 463 467 470 473 477 481 487 493 498
365 364 362 362 361 361 361 360 360 360 360 360 360 359 359 360 360 359 361 361 359 360 360 362 361 361 363 363 363 364 365 364 365 367 368 369 369 371 372 372 375 376 377 378 379 380 381 382 384 385 385 386 389 391 394 396 399 400 404 408 414 420 425 432 435 438 442 445 452 455 462 464 467 472 476 478 483 490 496 500 506
368 366 366 366 365 365 365 363 363 363 364 363 362 362 363 362 363 363 363 363 365 365 365 365 366 365 365 368 368 368 368 369 372 373 373 374 375 375 376 378 379 379 380 381 382 384 385 387 387 388 388 390 392 396 398 399 401 403 405 413 419 425 431 437 440 443 447 450 457 460 465 469 474 476 480 484 491 496 503 509 513
370 371 371 371 369 369 368 367 366 366 367 367 367 366 366 366 366 366 368 368 367 369 370 369 369 370 372 372 371 372 373 373 376 376 377 377 377 379 380 381 382 384 385 386 387 388 390 390 391 392 394 395 398 398 401 401 404 408 412 418 425 432 436 443 445 448 453 457 460 466 470 473 476 482 487 493 502 505 509 516 522
373 374 373 373 373 373 372 371 371 371 372 370 370 371 371 370 372 372 372 372 373 373 373 372 373 373 375 374 375 376 377 378 378 380 380 382 382 383 385 386 387 387 389 389 390 392 393 395 396 398 397 398 400 404 404 407 410 413 418 424 430 434 442 449 453 457 459 463 465 470 473 479 485 490 496 499 508 512 516 522 532
378 379 379 377 377 375 375 375 374 374 374 375 375 374 375 374 375 375 376 375 375 376 377 377 377 377 379 378 379 380 382 383 383 383 384 385 388 388 388 389 389 391 392 394 395 396 397 399 400 400 402 404 406 406 410 414 414 417 422 430 435 442 449 453 456 462 465 469 472 474 479 486 492 501 504 509 513 519 525 532 540
382 382 382 381 381 380 379 379 379 378 378 377 378 379 379 378 379 380 379 379 380 380 380 381 380 381 382 383 383 383 386 386 387 386 389 390 390 392 392 393 395 395 396 397 398 400 400 403 403 406 406 408 409 413 417 421 423 426 431 438 443 448 453 459 462 466 469 472 475 480 487 494 501 509 513 516 524 529 535 540 547
386 386 386 386 385 383 383 382 382 381 381 383 383 383 381 381 383 384 384 384 383 385 384 384 386 387 387 386 387 390 390 390 390 393 394 393 395 395 396 398 399 400 401 402 404 406 407 408 409 411 413 415 417 418 423 426 433 435 442 444 448 454 458 461 466 472 475 478 481 485 492 499 507 513 521 525 531 538 543 549 553
392 391 389 388 388 388 388 387 387 387 386 387 386 387 387 387 387 388 386 387 387 387 387 390 389 390 390 390 392 393 393 395 395 396 397 398 397 399 401 402 402 404 405 406 407 409 410 412 414 415 416 419 421 424 429 433 438 444 451 450 453 458 462 468 471 477 479 483 488 494 500 506 514 519 526 530 534 543 548 554 560
395 395 394 394 393 392 390 390 390 390 391 391 391 391 390 390 391 392 391 391 392 393 393 393 394 393 394 395 396 396 397 398 400 400 401 403 404 404 405 405 407 408 409 410 412 414 416 418 419 421 422 425 427 432 435 438 445 452 456 457 457 462 468 474 479 482 486 489 493 501 507 514 521 526 531 536 540 548 554 560 569
400 398 398 397 396 396 395 395 395 395 394 395 395 395 394 394 395 394 395 395 396 396 397 397 398 399 399 399 400 401 402 403 404 406 405 407 408 408 408 410 410 413 414 417 417 417 420 422 425 426 427 431 434 437 441 445 451 457 461 464 466 468 472 479 482 485 489 495 501 508 514 522 526 529 536 542 549 556 559 568 575
405 404 403 401 401 401 401 400 398 398 398 399 399 398 398 399 399 400 400 401 401 400 400 402 402 401 403 404 404 406 406 408 408 408 411 410 411 413 413 414 416 417 420 420 420 423 425 427 430 431 433 436 441 443 446 452 458 462 465 468 470 476 477 484 488 489 496 504 509 516 522 527 531 536 543 551 558 565 573 577 585
410 409 408 406 406 405 404 403 403 404 404 404 404 403 403 404 405 404 403 404 403 406 405 406 406 408 408 409 409 411 412 412 414 414 414 414 416 417 418 420 420 421 423 425 426 429 430 434 436 438 439 443 446 449 454 458 461 466 468 472 474 480 483 488 492 497 502 510 516 523 528 535 536 543 550 557 564 571 576 583 592
414 413 412 412 411 411 410 409 409 410 410 410 410 408 408 409 409 409 410 411 410 410 410 410 411 413 412 411 414 415 415 418 417 418 418 420 419 421 422 424 425 427 428 429 430 433 436 439 443 444 444 448 451 456 458 465 467 468 473 475 479 484 487 493 498 504 510 515 521 527 535 539 544 548 557 574 571 574 579 589 593
418 418 418 417 416 414 414 414 415 414 414 413 413 412 413 414 413 414 414 415 415 415 416 416 417 417 419 419 419 421 423 423 424 423 423 425 425 425 428 429 430 430 432 436 438 439 441 444 445 449 450 454 458 465 467 472 473 474 476 480 487 493 498 503 509 513 518 524 530 534 541 545 551 557 562 569 583 583 586 594 597
424 423 421 421 420 421 420 419 420 419 419 418 418 417 418 419 419 420 419 418 421 420 420 420 422 422 422 424 424 426 426 428 427 428 429 429 431 432 432 433 436 437 438 439 442 444 447 449 453 454 456 459 464 468 474 475 478 478 485 490 495 501 508 510 516 521 527 530 537 545 549 551 557 563 568 577 598 587 595 606 608
429 429 428 428 428 425 425 424 424 425 424 424 423 423 423 424 422 422 424 424 425 425 425 427 427 427 429 428 430 430 433 432 432 432 434 435 435 437 438 438 440 441 443 446 447 450 452 454 457 460 461 465 471 473 478 481 481 487 494 500 502 509 517 521 524 530 536 541 547 553 555 559 563 567 573 579 586 592 611 641 637
