data_and_outputs/predictor_data/000/bioclim_17.asc
NCOLS 1199 
NROWS 625 
XLLCORNER -17.966918 
YLLCORNER -10.0196949358429 
CELLSIZE 0.0416666688395203 
NODATA_value -9999 
[rows 380 to 417 of 625, columns 1020 to 1104 of 1199]
359 353 348 345 341 338 332 329 327 324 323 320 316 312 304 300 296 294 293 293 294 295 294 292 295 296 298 300 300 302 302 304 304 306 315 318 314 320 315 308 308 309 310 311 314 317 320 324 326 314 317 318 318 318 319 319 318 317 316 315 313 313 311 310 309 308 308 307 305 303 303 297 292 292 290 286 283 280 276 273 275 280 284 279 275
361 356 351 349 345 341 335 333 330 327 323 322 316 314 309 304 302 299 297 298 297 297 297 295 298 299 302 304 304 306 306 307 307 307 309 311 314 319 322 328 324 321 320 320 321 321 318 321 321 320 317 320 322 322 321 321 321 320 321 320 318 317 314 314 313 312 310 310 310 309 308 299 296 295 292 287 283 282 277 275 276 281 279 275 274
362 359 354 351 349 345 339 334 332 330 325 323 320 319 314 310 307 305 303 303 302 301 302 299 302 304 306 308 309 310 309 312 310 311 312 312 312 314 313 315 317 315 316 319 322 322 319 322 322 325 323 322 325 325 325 325 323 323 324 324 321 319 319 318 316 316 315 315 315 312 306 300 296 295 292 289 287 284 280 277 279 276 275 278 272
363 360 358 352 352 346 342 338 333 331 328 325 324 322 318 315 313 310 308 306 306 307 306 303 305 307 309 311 311 310 310 312 312 313 314 315 315 317 316 316 317 317 317 317 317 318 320 320 323 328 328 326 326 329 328 327 327 327 328 328 325 323 323 320 320 320 320 320 319 316 308 305 300 296 294 290 289 286 284 281 278 278 280 280 273
364 362 359 358 354 351 345 341 338 334 331 329 326 324 323 320 318 315 313 311 311 311 310 308 310 311 314 312 314 314 317 317 316 317 318 318 319 318 320 320 320 319 321 323 323 322 322 323 326 332 330 330 330 331 331 331 330 330 331 331 332 328 327 325 326 326 325 323 323 317 314 306 301 298 296 296 292 292 289 284 280 279 281 284 277
365 363 360 359 358 352 349 344 340 337 334 335 331 327 326 324 322 320 317 316 314 315 315 313 314 315 317 317 318 319 319 322 322 321 321 324 323 324 324 324 325 326 327 327 327 327 327 330 330 329 330 331 333 335 334 332 331 333 333 335 336 335 331 331 330 329 329 329 326 322 316 310 305 302 300 298 295 291 288 284 283 281 281 286 278
368 367 366 362 361 356 351 347 344 340 339 335 334 331 330 329 326 324 322 319 319 320 320 318 317 320 321 323 323 323 322 325 326 328 325 327 328 328 328 327 328 329 331 330 330 333 334 336 340 339 341 342 340 339 338 335 335 335 336 336 338 340 335 336 336 336 335 332 328 323 318 312 309 306 305 299 299 298 292 287 286 287 284 288 283
369 367 367 365 362 360 355 351 348 345 341 338 337 335 333 332 332 328 327 325 325 325 323 324 321 325 325 327 328 329 327 327 329 331 329 331 332 332 332 331 332 332 333 333 333 335 335 339 343 346 343 340 356 353 336 338 338 340 340 341 343 344 341 341 340 339 337 332 328 325 322 319 313 312 309 301 303 315 306 292 289 291 289 288 290
370 368 366 366 365 363 358 354 352 348 344 343 339 338 337 337 335 334 333 330 329 329 329 329 326 330 329 331 332 333 333 332 333 333 332 335 336 337 338 337 336 335 335 337 337 340 340 338 343 343 341 338 347 341 342 342 341 340 340 342 348 348 346 346 343 342 336 331 328 326 322 319 315 312 308 305 305 312 319 301 291 290 292 288 290
371 370 369 368 367 366 362 359 355 352 349 346 344 342 341 340 337 338 338 336 335 334 334 333 330 332 333 335 337 339 339 339 338 337 338 338 338 341 342 341 341 340 340 339 341 341 343 345 347 347 342 339 340 343 346 349 344 341 342 344 348 345 347 350 348 344 340 336 332 331 329 322 319 315 312 309 308 309 317 311 295 292 294 292 289
369 368 368 367 366 365 365 363 359 355 352 350 347 345 344 343 341 341 341 342 343 340 338 336 335 336 336 339 340 343 344 345 344 344 343 342 344 344 345 346 347 346 345 345 344 347 356 351 349 351 349 344 353 350 353 351 342 341 345 346 347 347 347 349 352 346 345 342 338 334 331 326 326 321 315 314 312 309 308 308 299 295 293 292 288
368 367 367 365 364 364 364 362 361 358 355 353 351 349 348 345 344 345 345 345 346 345 344 339 342 342 341 342 342 345 347 348 348 350 349 348 348 347 348 349 351 351 350 352 351 352 353 351 354 351 348 347 352 350 347 344 345 350 348 349 352 351 348 350 350 349 348 345 342 338 335 330 331 325 318 318 317 314 310 313 304 299 296 292 289
367 367 365 364 364 362 362 361 361 360 359 355 354 353 351 349 350 348 348 348 347 348 345 347 349 348 347 346 347 348 351 352 353 354 353 353 353 353 353 353 354 355 356 355 355 354 354 355 354 356 356 351 357 351 350 352 349 352 354 353 353 354 352 353 353 353 353 352 347 344 340 337 335 330 324 324 323 317 318 313 311 304 298 295 293
367 366 364 363 362 361 360 359 358 358 358 358 357 356 356 355 353 353 353 351 350 349 351 353 354 353 354 352 352 351 354 357 358 358 360 358 358 358 357 358 359 358 360 359 358 357 357 357 358 358 358 356 356 357 355 356 361 361 361 360 358 358 357 357 355 355 355 355 354 348 345 344 340 334 329 330 327 323 320 317 313 307 303 298 296
365 364 362 362 361 359 358 358 356 355 355 355 355 354 354 354 354 353 353 353 353 353 352 354 354 354 354 355 355 356 357 357 357 359 359 359 358 360 361 361 362 362 363 364 364 364 361 360 361 361 360 359 359 360 362 360 364 368 368 369 369 365 360 360 357 359 359 357 357 356 354 350 343 336 333 335 332 327 325 323 315 312 307 302 300
365 362 362 359 359 358 356 355 355 353 352 352 352 351 351 351 351 350 350 350 350 350 350 351 351 351 351 352 352 352 353 354 354 354 355 356 355 356 357 357 359 359 359 360 361 360 360 360 362 362 362 362 362 362 362 362 364 366 367 367 366 365 365 365 362 359 359 359 358 357 357 357 353 345 340 336 336 333 329 326 319 319 312 309 302
362 362 359 359 356 355 354 353 352 352 350 349 349 348 348 348 348 347 347 347 347 346 347 347 347 348 348 349 349 349 349 349 349 350 351 351 351 353 354 354 355 355 356 356 357 357 357 357 358 358 359 360 360 359 359 359 359 359 361 362 363 363 363 362 361 360 360 359 359 358 357 357 356 352 351 345 341 341 337 331 326 321 313 315 309
362 359 357 356 354 353 352 351 349 349 348 347 346 345 345 345 344 344 344 344 344 343 344 344 344 344 344 346 346 346 345 346 346 346 347 347 348 350 350 350 351 352 352 352 353 355 355 355 355 356 356 356 357 357 357 356 357 357 357 359 359 359 359 357 357 357 355 355 354 353 353 353 352 352 350 348 348 346 343 338 331 324 321 314 314
360 357 356 354 351 351 349 348 347 346 345 344 343 342 342 342 341 341 341 341 339 340 340 341 341 341 341 342 341 341 341 342 342 343 344 344 344 344 346 347 347 348 348 349 349 351 351 351 351 351 352 352 354 354 354 354 353 355 355 356 357 357 356 355 354 354 353 351 350 349 350 349 347 347 347 346 346 344 341 339 335 327 326 326 321
357 355 354 351 350 348 347 345 344 343 342 341 341 339 339 339 338 338 338 336 336 337 337 337 337 336 336 338 338 338 338 339 339 339 339 340 341 342 343 343 343 344 345 345 346 347 347 347 347 347 347 350 350 350 350 350 352 352 353 353 353 353 351 351 351 351 349 349 347 347 346 345 345 343 342 342 341 340 339 335 331 330 332 328 325
354 353 351 348 348 345 344 342 341 341 339 338 337 336 336 335 335 335 334 333 333 333 334 334 333 333 333 333 334 334 334 334 335 336 336 337 337 337 339 339 340 340 341 341 342 343 343 343 344 345 343 345 346 346 348 350 350 350 350 352 350 350 348 348 349 349 347 347 345 345 343 344 346 344 343 341 339 335 332 329 330 328 325 321 319
352 350 348 346 345 343 341 340 338 338 336 336 334 333 333 332 332 331 330 330 330 330 331 330 330 330 330 330 331 331 331 331 332 332 332 333 333 334 335 336 336 336 337 337 339 339 340 340 340 340 341 341 341 342 344 347 348 346 348 348 348 346 346 346 345 345 344 345 344 343 343 342 342 341 339 338 338 336 329 326 328 327 325 321 318
349 346 346 343 341 340 338 337 335 335 333 332 331 330 329 329 328 327 327 327 327 326 325 325 326 326 326 326 327 327 327 327 328 329 329 329 330 330 331 332 332 333 334 334 335 335 336 336 336 337 337 338 339 340 339 340 342 344 344 344 342 342 343 343 343 342 342 341 340 339 335 334 331 330 328 325 331 329 321 323 322 323 323 319 314
346 344 342 340 338 337 335 333 332 331 330 328 327 327 326 326 324 324 324 324 322 322 322 322 323 323 323 323 323 324 324 324 325 325 325 325 326 326 328 329 329 329 329 331 331 332 331 332 333 333 334 335 335 337 336 337 336 339 342 341 340 337 339 340 338 339 340 337 335 331 331 329 326 327 323 324 328 326 320 317 318 326 322 319 314
344 341 338 337 335 333 332 330 329 328 326 325 324 323 323 321 321 321 321 319 319 319 319 319 319 319 319 319 319 319 319 319 321 322 322 322 323 323 323 325 325 325 325 328 328 328 328 330 330 330 330 331 331 331 334 334 332 336 338 339 337 333 336 338 333 333 335 334 334 330 329 326 328 325 321 318 322 322 315 316 321 315 312 311 306
341 338 335 333 332 330 327 327 325 325 322 322 320 320 320 318 318 318 316 316 316 316 314 314 314 314 315 315 315 315 316 316 316 317 318 318 319 319 319 320 322 322 322 324 324 324 325 326 326 326 327 327 327 327 330 328 328 328 328 330 330 329 330 333 329 329 328 329 325 324 322 320 320 320 318 316 313 315 313 314 315 310 303 308 300
336 335 332 331 328 327 324 324 322 320 319 318 317 317 315 315 313 312 312 313 312 311 311 311 311 311 312 312 312 312 313 312 312 312 314 315 315 316 316 317 318 318 318 320 320 321 322 323 323 323 324 324 324 325 324 324 324 324 325 325 326 325 325 325 324 326 324 323 321 317 317 315 313 312 311 309 310 307 306 308 303 309 311 307 304
333 330 328 327 325 322 321 320 319 317 316 314 314 313 311 310 309 309 309 307 307 308 308 308 307 307 307 308 308 308 308 309 309 309 310 311 311 312 312 314 315 315 315 317 317 317 318 319 319 320 320 320 321 321 321 321 322 322 322 321 321 323 321 321 320 318 318 317 315 314 315 313 310 308 308 312 307 305 302 303 305 302 297 293 289
329 327 325 323 322 319 317 317 314 313 312 311 309 308 307 306 306 305 304 304 304 304 303 303 303 303 303 303 304 304 303 305 305 305 306 307 308 308 309 310 311 311 311 313 313 313 314 315 317 317 317 318 318 318 319 320 318 318 318 319 319 319 317 317 316 315 314 313 313 311 311 310 308 307 306 303 303 304 300 298 303 302 296 294 288
325 323 321 320 318 316 314 312 311 309 309 306 306 304 304 303 302 301 301 301 299 299 299 299 300 299 299 299 299 300 300 300 301 302 302 303 303 304 305 305 307 307 307 309 310 311 311 312 313 313 315 314 314 316 316 316 316 317 316 316 315 316 316 317 315 311 312 311 310 309 307 307 308 306 302 301 300 298 297 296 293 294 293 287 285
321 319 317 315 314 312 311 308 307 306 303 303 301 301 300 299 298 298 297 296 296 296 296 295 294 295 295 295 296 297 296 296 297 297 298 299 300 301 302 302 303 304 304 305 306 307 307 310 310 310 311 311 313 313 313 314 314 315 316 316 313 313 313 313 313 309 309 309 307 306 305 304 304 302 301 299 298 298 294 293 291 290 289 284 281
317 315 313 311 310 309 306 305 304 301 300 299 298 297 295 295 293 293 292 292 292 291 291 291 291 290 291 291 291 291 292 293 293 294 294 295 296 296 298 298 299 300 300 302 303 304 304 306 306 308 308 310 310 311 311 312 313 313 312 311 309 309 310 309 309 307 305 304 305 303 303 301 300 300 298 295 294 292 293 291 289 283 284 283 277
313 310 309 307 306 304 303 301 298 298 296 295 293 292 292 290 290 289 288 288 287 287 288 287 287 287 287 288 287 287 287 288 289 289 290 291 292 293 293 294 295 297 297 298 299 300 300 303 303 304 304 306 308 309 309 309 308 309 308 307 306 305 306 305 305 305 302 301 301 299 299 298 298 296 294 293 292 289 286 284 285 281 279 277 281
307 306 303 302 301 299 299 297 295 293 292 290 289 288 287 287 285 285 285 284 283 282 282 282 283 282 282 282 283 284 284 285 285 286 287 287 288 289 289 291 291 293 293 294 297 297 299 299 300 301 303 305 305 306 306 305 304 304 304 305 307 304 303 302 301 301 299 299 297 296 295 294 292 292 290 290 287 284 282 279 283 282 276 274 272
302 301 299 298 297 295 293 292 291 290 287 287 285 285 284 283 282 282 280 280 279 279 279 278 278 279 279 278 279 279 279 280 281 281 282 283 283 285 285 287 287 290 290 291 293 293 296 296 297 297 300 299 301 302 302 301 300 302 301 302 303 303 301 300 301 298 299 297 295 294 293 291 290 290 288 287 284 283 278 275 276 279 273 270 268
298 297 295 293 292 291 290 288 288 285 284 282 282 279 279 278 277 276 276 275 274 275 274 274 274 273 273 274 274 276 276 276 277 278 278 280 279 282 282 284 284 286 286 287 290 290 292 292 293 296 298 295 296 297 297 297 300 301 301 300 301 301 301 298 299 296 296 295 293 291 289 288 286 286 283 281 281 278 274 272 270 273 271 267 264
293 292 290 290 288 287 285 284 282 281 280 279 276 276 274 274 273 273 271 271 270 270 270 270 270 270 270 269 270 270 271 272 272 274 274 275 276 277 278 279 280 283 283 284 286 286 288 289 290 292 292 293 293 295 295 295 296 298 300 299 300 299 299 298 297 295 293 291 292 289 287 285 284 282 281 279 276 274 271 269 267 266 267 264 261
286 285 286 284 284 282 281 280 279 276 275 274 273 271 271 270 269 268 268 266 266 266 265 265 265 265 265 265 265 266 266 267 268 268 270 270 272 272 274 276 277 279 279 281 283 283 285 286 288 288 288 289 290 292 292 292 292 295 296 298 297 296 296 297 294 292 291 290 289 287 284 283 282 280 277 276 273 271 269 267 264 265 263 260 259
