data_and_outputs/predictor_data/000/bioclim_16.asc
NCOLS 1199 
NROWS 625 
XLLCORNER -17.966918 
YLLCORNER -10.0196949358429 
CELLSIZE 0.0416666688395203 
NODATA_value -9999 
[rows 38 to 75 of 625, columns 1020 to 1104 of 1199]
228 225 222 222 222 222 222 220 217 215 214 212 212 213 211 211 211 211 211 211 212 213 213 213 214 214 213 213 213 212 212 212 212 211 209 210 209 209 210 209 208 204 204 205 207 205 203 202 203 203 202 200 198 197 198 201 201 200 198 196 195 196 196 200 197 196 195 195 196 196 199 199 198 199 199 200 200 198 199 199 199 198 196 193 191
233 228 226 224 225 223 224 222 219 220 220 217 215 215 213 214 214 215 214 214 215 215 215 216 214 215 216 216 216 215 215 215 214 214 213 211 210 211 210 211 210 208 206 207 208 208 206 204 205 204 204 203 201 200 201 203 202 201 200 200 199 198 199 200 200 199 197 198 199 199 200 200 200 201 201 202 203 203 202 203 202 201 199 195 193
236 231 229 227 224 223 223 222 221 221 222 220 217 217 216 217 217 217 216 216 217 219 218 217 217 217 217 216 217 217 217 216 216 216 216 215 213 212 212 213 212 210 208 209 210 210 207 207 206 207 206 206 203 202 203 203 205 203 202 202 202 200 201 202 201 200 200 200 201 202 203 203 202 203 203 205 205 206 204 204 203 203 199 197 196
238 233 231 227 226 225 224 223 222 221 221 222 222 221 219 219 219 219 219 220 221 221 220 220 219 219 218 218 218 217 217 217 216 216 218 218 216 214 213 213 214 213 211 211 212 212 212 208 208 207 208 207 205 206 206 206 206 206 205 205 204 201 202 203 202 201 201 203 204 204 204 204 204 205 205 206 208 209 208 205 205 204 203 201 199
242 236 231 229 227 226 225 225 224 224 223 223 225 225 223 222 222 222 221 222 222 221 222 222 222 221 221 221 221 220 219 218 219 219 218 219 219 217 215 214 215 215 212 212 213 213 212 211 209 209 210 210 207 208 208 207 207 206 206 206 206 205 204 204 204 203 205 206 205 205 205 206 207 208 209 209 211 210 209 208 207 207 205 202 201
246 239 233 231 229 229 228 227 226 225 225 226 230 228 227 226 224 223 224 224 223 223 222 222 223 223 221 222 222 222 221 220 220 219 219 219 219 218 217 217 217 216 214 214 213 214 213 212 211 211 211 210 210 211 210 210 209 209 208 208 206 206 205 206 205 205 207 207 207 207 208 209 210 210 212 212 213 213 211 209 209 208 206 204 204
250 244 238 235 234 235 231 231 230 229 227 227 230 229 229 228 227 226 226 226 224 224 224 225 224 224 224 224 225 224 224 223 222 222 221 221 219 219 218 218 217 217 217 216 216 215 214 213 212 212 212 212 211 211 212 211 211 210 209 209 208 208 208 207 208 208 207 208 208 209 209 211 211 212 212 213 215 216 213 212 211 211 209 207 206
255 250 247 245 241 238 236 235 233 232 230 230 231 229 230 230 228 228 230 228 227 225 225 225 225 225 224 224 224 224 223 224 224 223 223 222 222 221 221 220 219 218 217 218 217 217 216 216 215 214 214 214 214 214 213 213 211 210 210 210 210 210 209 209 209 210 209 211 211 212 212 212 213 213 214 215 216 216 215 215 214 211 211 209 207
264 259 254 250 245 243 241 238 236 235 234 234 233 233 233 231 229 229 231 230 228 227 228 227 227 227 227 227 226 226 226 225 226 226 225 225 223 223 222 222 221 220 220 219 220 219 219 217 218 216 217 216 216 215 214 214 213 213 214 214 215 214 213 212 211 212 212 213 212 212 214 214 215 215 215 216 217 218 217 215 214 214 212 211 210
272 268 261 255 249 247 245 243 241 239 237 238 239 239 236 232 231 230 230 231 231 229 229 229 228 227 227 227 228 226 226 227 228 226 226 225 226 225 226 225 224 222 221 222 221 221 221 220 221 219 219 219 218 218 216 215 215 217 216 218 218 217 216 216 213 212 214 215 215 215 215 215 215 215 218 217 219 220 218 217 217 215 214 213 212
275 271 263 259 255 251 248 246 244 242 240 241 242 242 240 235 234 231 230 234 233 233 231 230 230 229 229 229 229 229 228 228 228 228 227 226 226 227 226 226 225 224 224 225 224 224 224 224 222 220 221 221 220 219 218 218 219 219 218 219 221 220 219 217 215 215 216 216 215 217 216 217 218 218 218 219 220 221 221 220 217 216 215 214 214
279 276 268 263 260 256 254 250 247 245 243 241 241 246 246 244 236 232 231 232 232 232 231 230 230 230 229 229 230 230 230 229 229 229 228 229 228 228 227 227 228 226 225 226 226 225 226 226 224 224 224 223 222 219 220 221 222 222 221 221 222 222 221 220 219 218 217 218 218 218 218 218 218 219 220 221 221 223 224 220 219 218 217 217 217
291 278 274 269 265 260 258 255 251 249 247 246 242 243 246 248 242 233 233 233 232 232 232 232 232 232 231 231 231 232 232 231 231 231 229 229 228 228 228 228 228 227 228 227 226 227 227 228 225 227 225 225 223 222 223 223 225 225 223 223 225 226 224 223 221 219 219 218 219 219 220 221 221 221 222 222 224 224 223 221 221 219 218 219 218
294 285 279 275 270 266 261 259 254 253 254 248 246 242 243 244 238 234 233 232 232 232 232 233 233 233 233 232 233 233 232 233 232 232 232 231 231 230 229 229 229 228 228 228 227 227 227 228 228 229 228 226 224 223 223 225 226 226 226 225 228 227 226 225 223 222 221 221 222 221 221 222 224 225 225 224 227 226 224 223 221 221 220 220 221
299 292 286 280 276 271 266 262 259 256 255 249 245 243 240 241 239 235 233 233 233 234 233 234 235 236 236 235 234 234 234 234 233 232 232 231 232 231 231 230 230 231 230 228 228 227 228 227 229 230 228 227 227 226 225 227 227 229 228 229 229 228 226 226 225 223 223 222 223 223 224 224 225 226 226 227 227 227 226 224 224 224 223 223 223
310 301 294 288 282 277 271 266 262 259 255 251 248 245 241 238 236 234 233 233 233 232 233 233 235 238 236 236 235 234 234 235 234 234 234 233 234 232 232 231 231 232 231 230 230 230 230 227 228 231 230 230 228 227 227 229 229 229 230 231 230 229 227 227 226 226 224 223 224 224 224 226 228 227 227 230 229 229 227 227 228 226 226 226 226
315 308 301 295 291 284 277 271 266 261 258 254 250 245 243 239 237 235 234 234 234 234 234 234 235 237 238 238 236 236 236 236 237 236 235 235 234 234 233 233 233 233 231 231 231 231 230 230 231 230 230 230 229 228 229 229 230 231 232 232 231 230 229 227 228 227 226 225 226 227 227 228 230 228 230 230 230 229 229 230 231 229 229 228 227
326 317 310 311 305 290 282 276 271 265 261 256 252 247 245 240 237 234 234 232 232 233 233 235 236 238 241 237 236 237 237 237 236 236 236 237 236 236 235 234 233 234 233 233 232 231 230 230 231 230 231 231 230 230 231 232 233 233 235 232 231 230 230 229 229 228 228 227 227 229 229 231 230 230 232 233 233 232 232 233 231 231 230 230 229
333 326 319 314 316 297 287 280 275 269 264 259 255 250 245 242 237 235 234 232 233 234 235 237 238 238 238 237 237 238 238 238 237 238 237 238 238 237 237 236 236 235 233 234 233 233 233 232 233 231 231 232 232 232 231 231 233 233 235 234 234 233 231 230 230 231 229 229 230 230 230 232 231 233 233 235 235 234 235 234 234 232 232 231 232
341 334 324 318 311 300 293 286 280 275 270 263 258 252 247 242 238 235 232 232 233 234 237 237 240 239 238 238 238 238 239 238 238 238 238 239 240 239 239 238 237 236 236 236 236 235 234 233 233 232 232 233 232 232 231 231 231 233 234 237 236 233 232 232 231 231 230 230 232 232 232 232 233 235 235 235 235 236 237 235 235 234 234 234 235
354 341 331 323 314 306 298 291 285 279 272 266 261 256 250 245 239 234 232 233 234 235 238 240 240 242 239 239 239 240 239 239 239 240 240 238 241 239 240 239 239 238 238 238 237 237 236 235 235 233 233 232 232 231 232 233 232 232 234 237 236 236 235 234 234 233 233 232 232 235 235 236 235 235 237 236 236 237 235 236 237 237 237 237 238
357 345 336 327 318 310 303 296 289 282 277 271 265 260 253 248 243 238 236 236 236 237 239 241 241 241 239 240 241 240 240 240 240 240 241 240 242 241 242 242 241 240 239 239 238 238 238 237 236 235 235 234 234 233 233 233 232 232 234 236 235 235 235 235 235 236 234 234 235 236 237 238 238 238 239 237 238 238 238 238 238 240 239 240 238
365 353 344 334 326 317 310 303 296 289 282 276 270 263 257 253 247 242 240 239 238 239 239 240 243 240 240 241 241 241 241 241 242 242 242 242 242 244 244 243 241 242 241 241 240 239 238 238 237 238 236 236 235 235 234 235 235 234 234 233 233 233 235 235 236 236 235 235 236 237 239 240 241 241 240 238 238 238 239 240 240 240 241 241 241
376 364 354 344 333 324 316 308 300 293 287 281 274 267 261 257 252 247 245 243 242 241 241 241 243 243 243 243 244 243 243 243 242 243 243 243 246 245 245 244 243 243 241 241 240 241 241 240 240 239 238 237 236 236 236 236 237 237 236 236 235 235 235 236 237 238 238 237 237 239 240 239 241 242 241 241 240 240 240 243 243 243 242 243 243
397 382 365 351 342 333 323 318 306 298 292 287 280 272 267 261 256 252 249 247 245 244 244 244 244 245 245 245 245 245 244 244 244 244 244 244 246 246 245 246 243 244 243 243 242 242 243 242 242 241 240 239 239 238 238 238 240 239 239 237 236 237 237 237 237 238 239 239 239 239 241 241 242 242 241 241 241 243 243 245 246 246 245 246 245
405 391 376 361 361 344 332 325 312 303 296 292 287 278 271 265 260 257 253 251 250 248 248 247 247 247 246 246 246 246 246 246 246 246 245 245 245 247 246 245 245 245 244 244 242 243 243 244 244 243 241 240 240 239 239 240 240 240 239 238 238 237 237 239 239 240 240 240 241 242 242 242 244 244 243 243 243 246 246 249 249 249 248 249 249
415 400 383 374 365 348 335 326 316 307 300 293 287 281 275 270 265 261 257 255 253 252 250 250 249 248 248 248 248 248 247 248 248 247 246 246 247 247 247 246 246 245 245 245 244 244 245 245 244 244 243 242 242 242 241 242 242 242 241 241 240 240 240 239 241 242 243 242 242 242 243 244 244 246 244 245 246 249 250 252 253 254 251 250 250
423 407 389 376 364 351 340 330 323 314 304 297 290 284 278 273 269 265 261 259 256 255 254 252 251 251 250 250 250 250 249 248 249 249 249 249 250 248 246 247 247 247 246 246 247 246 246 247 245 245 244 243 242 243 243 245 244 243 242 243 242 242 242 242 242 244 244 245 245 244 244 245 246 246 246 246 248 251 253 254 254 254 254 253 252
433 413 396 386 373 359 346 337 335 323 308 301 294 287 282 277 273 269 264 262 259 258 257 255 253 253 253 252 251 251 251 251 250 251 251 248 249 249 248 248 248 249 248 248 248 248 247 247 246 246 245 245 244 244 245 245 244 244 243 243 243 243 243 244 244 247 246 247 247 245 246 246 247 247 247 248 249 251 254 254 255 255 256 255 254
438 423 405 397 386 368 354 348 336 323 315 306 298 291 286 282 277 273 269 266 263 261 259 257 257 255 255 254 253 253 253 253 252 253 251 250 251 251 251 250 250 249 248 248 249 248 248 248 247 247 247 247 246 247 247 247 245 245 246 245 245 245 244 244 245 246 246 248 248 248 249 249 248 248 249 249 250 252 253 253 254 256 257 257 257
445 431 417 400 389 373 360 350 338 328 319 312 305 296 290 284 280 276 273 270 266 264 263 260 259 258 256 256 255 255 255 255 254 253 253 253 252 252 253 251 251 251 250 250 250 249 250 250 249 249 248 247 248 249 249 248 247 247 246 246 246 247 246 246 246 248 248 248 249 250 250 250 251 251 251 251 252 253 254 254 255 257 257 258 258
451 438 421 401 386 371 360 353 344 333 325 315 307 300 293 288 283 280 277 272 269 267 264 262 262 259 259 258 258 257 256 256 256 255 255 255 254 253 253 252 252 253 252 252 252 251 251 250 249 249 248 249 249 251 251 248 247 247 247 248 248 248 248 249 248 248 250 250 250 252 253 252 252 252 253 253 254 254 255 256 257 259 259 257 257
454 441 425 404 387 371 360 351 343 336 329 321 311 302 294 290 285 282 277 275 271 269 266 266 264 261 261 260 260 259 258 258 258 257 257 256 255 255 255 254 254 254 254 253 253 252 252 252 251 251 251 252 252 251 251 250 250 249 249 249 248 250 250 250 251 251 251 250 252 253 252 253 254 254 254 255 255 256 256 257 259 259 259 259 260
460 446 424 403 385 371 360 351 341 333 326 325 312 303 297 291 287 284 279 277 274 272 269 268 265 265 263 263 261 261 260 260 260 258 258 258 258 257 257 257 256 256 255 254 254 254 253 253 252 252 253 253 254 253 252 251 252 251 251 251 251 250 251 252 252 253 253 253 253 254 254 254 254 256 257 256 256 258 259 259 259 261 261 261 262
459 447 432 401 385 371 359 350 340 332 326 319 311 304 299 294 290 286 283 281 277 274 271 270 267 267 265 264 262 262 262 261 260 260 259 259 259 258 258 257 256 257 257 256 256 256 255 255 254 254 255 255 255 254 254 253 253 253 252 253 253 253 252 253 254 254 255 255 255 255 256 256 256 257 259 259 259 259 261 261 261 262 262 263 264
458 439 417 402 385 370 360 351 341 333 327 323 312 306 301 296 293 288 285 283 278 275 274 272 270 269 267 266 264 264 264 262 262 262 261 261 261 259 259 259 258 258 258 258 257 257 257 257 256 257 257 257 257 255 255 255 255 255 254 254 255 255 255 255 256 256 256 256 257 257 257 258 259 259 259 261 261 261 261 263 263 263 265 265 267
462 440 416 399 386 372 360 351 341 334 326 320 313 308 303 300 294 291 287 284 282 279 277 274 272 271 268 268 266 266 265 265 264 264 263 263 262 260 260 261 260 260 260 260 259 259 258 257 257 259 259 258 257 256 256 256 255 255 256 257 257 257 257 257 257 258 258 258 258 259 259 259 260 261 261 263 263 263 263 263 266 266 266 267 269
463 437 415 400 385 373 362 352 343 335 328 322 317 310 307 302 297 293 290 286 284 281 279 276 274 273 271 270 268 267 267 267 266 265 263 263 263 262 262 262 262 261 261 259 259 260 259 259 259 259 259 259 259 258 258 258 257 257 257 259 259 259 258 259 259 259 259 259 260 260 260 261 261 262 264 264 265 266 266 266 268 268 268 269 270
