data_and_outputs/predictor_data/000/bioclim_12.asc
NCOLS 1199 
NROWS 625 
XLLCORNER -17.966918 
YLLCORNER -10.0196949358429 
CELLSIZE 0.0416666688395203 
NODATA_value -9999 
[rows 108 to 143 of 625, columns 162 to 242 of 1199]
1406 1373 1357 1367 1380 1349 1357 1351 1347 1344 1376 1365 1345 1346 1343 1344 1346 1339 1335 1334 1333 1332 1332 1328 1327 1329 1329 1326 1325 1324 1322 1321 1321 1318 1319 1317 1308 1305 1301 1302 1291 1287 1287 1282 1277 1272 1270 1266 1262 1257 1251 1246 1241 1239 1233 1227 1223 1217 1215 1213 1209 1203 1197 1190 1182 1179 1175 1169 1161 1155 1149 1144 1140 1136 1132 1130 1126 1123 1121 1121 1119
1409 1386 1371 1397 1402 1363 1397 1386 1379 1349 1356 1378 1353 1348 1350 1348 1347 1343 1340 1339 1339 1339 1338 1338 1338 1335 1333 1330 1330 1330 1328 1325 1322 1322 1318 1318 1314 1312 1309 1304 1300 1297 1293 1288 1283 1278 1276 1272 1265 1263 1258 1252 1248 1246 1242 1234 1230 1226 1220 1217 1211 1207 1201 1193 1188 1183 1179 1173 1165 1159 1152 1151 1144 1140 1137 1133 1131 1129 1126 1126 1124
1387 1385 1397 1390 1394 1395 1398 1363 1370 1399 1384 1393 1364 1357 1356 1353 1346 1346 1348 1346 1345 1343 1342 1342 1344 1343 1340 1338 1335 1337 1332 1330 1328 1323 1322 1324 1319 1316 1315 1311 1306 1306 1301 1295 1293 1287 1283 1279 1271 1267 1261 1259 1253 1250 1244 1241 1237 1233 1228 1225 1218 1211 1204 1199 1195 1189 1183 1177 1170 1162 1156 1154 1147 1141 1139 1138 1133 1131 1130 1129 1127
1405 1397 1401 1396 1389 1393 1390 1363 1374 1413 1397 1369 1366 1361 1358 1353 1353 1352 1353 1351 1347 1347 1345 1345 1346 1344 1343 1343 1339 1339 1336 1338 1334 1334 1331 1329 1325 1322 1321 1318 1313 1309 1306 1302 1300 1295 1289 1283 1280 1273 1269 1266 1261 1257 1254 1250 1243 1240 1234 1227 1223 1216 1208 1208 1201 1197 1190 1182 1173 1167 1163 1158 1151 1147 1145 1140 1139 1135 1132 1131 1130
1418 1385 1381 1388 1394 1394 1388 1364 1364 1379 1376 1383 1391 1359 1356 1360 1359 1355 1354 1356 1352 1356 1356 1353 1355 1349 1350 1349 1348 1348 1347 1347 1344 1342 1340 1337 1333 1332 1329 1325 1324 1321 1317 1310 1305 1300 1296 1291 1286 1281 1280 1275 1271 1268 1266 1258 1252 1247 1242 1234 1230 1225 1217 1211 1207 1200 1194 1183 1177 1170 1166 1160 1155 1151 1147 1143 1141 1138 1137 1134 1132
1422 1395 1386 1398 1415 1410 1392 1369 1365 1364 1375 1378 1374 1365 1362 1364 1367 1362 1361 1360 1360 1359 1362 1361 1360 1359 1358 1358 1358 1356 1355 1355 1354 1351 1347 1348 1345 1342 1336 1333 1331 1328 1325 1321 1315 1313 1308 1303 1298 1291 1290 1285 1280 1275 1270 1267 1260 1257 1249 1241 1240 1230 1225 1217 1211 1204 1198 1188 1181 1178 1167 1160 1155 1153 1151 1147 1144 1142 1139 1136 1134
1396 1409 1421 1408 1414 1409 1389 1370 1369 1370 1368 1370 1369 1368 1367 1367 1367 1370 1367 1366 1364 1362 1368 1373 1368 1365 1366 1363 1363 1364 1361 1361 1359 1359 1354 1354 1351 1348 1346 1343 1342 1339 1333 1329 1325 1321 1316 1310 1305 1300 1296 1295 1289 1285 1279 1274 1268 1262 1255 1247 1244 1239 1232 1224 1216 1207 1200 1192 1187 1181 1173 1165 1158 1156 1152 1148 1145 1141 1138 1137 1135
1396 1389 1384 1395 1383 1429 1411 1378 1373 1371 1373 1373 1373 1376 1375 1372 1374 1375 1373 1374 1375 1374 1372 1380 1375 1372 1374 1374 1374 1372 1370 1369 1366 1365 1363 1361 1358 1357 1354 1353 1351 1346 1342 1340 1336 1332 1328 1323 1317 1311 1305 1303 1299 1295 1289 1283 1277 1271 1262 1256 1250 1244 1238 1232 1220 1213 1210 1199 1191 1185 1175 1167 1160 1158 1155 1152 1146 1144 1141 1138 1134
1420 1420 1382 1382 1375 1399 1395 1384 1375 1376 1376 1378 1377 1377 1379 1377 1379 1378 1379 1381 1383 1380 1378 1379 1380 1383 1384 1387 1379 1376 1374 1373 1374 1372 1372 1370 1368 1366 1366 1363 1363 1359 1354 1350 1347 1341 1338 1332 1326 1319 1314 1311 1305 1303 1298 1291 1285 1276 1270 1264 1260 1252 1245 1234 1229 1218 1214 1208 1197 1190 1180 1169 1165 1163 1162 1156 1150 1147 1141 1136 1132
1417 1435 1405 1377 1377 1375 1379 1379 1382 1382 1383 1383 1384 1384 1384 1385 1385 1386 1385 1385 1385 1384 1383 1384 1385 1400 1408 1407 1386 1384 1383 1382 1384 1384 1382 1380 1381 1380 1379 1376 1372 1367 1362 1361 1355 1352 1347 1342 1335 1329 1325 1323 1318 1315 1307 1299 1293 1286 1279 1275 1268 1260 1250 1241 1236 1225 1220 1213 1202 1195 1187 1178 1170 1166 1163 1157 1153 1148 1141 1137 1132
1415 1412 1399 1376 1378 1385 1412 1384 1384 1387 1388 1390 1389 1389 1392 1389 1388 1390 1392 1392 1390 1391 1391 1392 1393 1391 1396 1407 1397 1393 1394 1392 1392 1392 1390 1388 1388 1387 1385 1383 1380 1378 1372 1369 1366 1360 1356 1350 1345 1342 1337 1331 1325 1323 1317 1309 1302 1294 1287 1281 1275 1265 1256 1248 1244 1234 1227 1219 1211 1203 1192 1185 1176 1173 1167 1160 1157 1149 1144 1137 1134
1419 1415 1387 1377 1377 1382 1385 1387 1392 1395 1395 1396 1397 1397 1397 1395 1397 1395 1395 1398 1396 1397 1397 1395 1401 1399 1399 1417 1410 1401 1403 1401 1402 1402 1410 1401 1398 1397 1396 1394 1389 1386 1382 1378 1372 1367 1363 1359 1356 1354 1348 1343 1336 1333 1325 1317 1310 1303 1295 1291 1284 1274 1265 1260 1251 1242 1235 1224 1218 1208 1199 1193 1182 1175 1170 1164 1157 1150 1144 1137 1134
1490 1473 1422 1376 1377 1380 1386 1421 1404 1400 1403 1403 1403 1404 1402 1401 1400 1402 1403 1401 1401 1401 1401 1403 1406 1406 1406 1407 1410 1419 1411 1410 1410 1413 1427 1415 1409 1405 1404 1401 1398 1396 1392 1387 1384 1382 1378 1372 1367 1364 1358 1354 1349 1344 1335 1326 1318 1310 1304 1300 1291 1282 1276 1270 1259 1249 1242 1235 1226 1217 1207 1199 1190 1182 1174 1167 1161 1151 1145 1137 1135
1492 1495 1422 1373 1379 1384 1440 1467 1410 1409 1410 1411 1411 1412 1409 1407 1407 1409 1407 1406 1406 1406 1409 1409 1409 1413 1416 1414 1414 1420 1422 1421 1421 1419 1418 1418 1418 1416 1412 1410 1407 1405 1401 1397 1395 1394 1388 1383 1377 1374 1368 1364 1359 1354 1346 1337 1328 1323 1315 1310 1301 1290 1286 1280 1268 1260 1251 1244 1234 1223 1214 1205 1196 1188 1179 1172 1167 1158 1149 1141 1133
1497 1428 1371 1371 1382 1395 1467 1430 1415 1418 1419 1419 1417 1417 1416 1413 1413 1412 1411 1410 1412 1413 1414 1413 1417 1419 1421 1424 1426 1425 1429 1433 1430 1429 1426 1424 1426 1425 1423 1418 1416 1412 1410 1407 1408 1404 1402 1396 1386 1384 1381 1373 1371 1362 1355 1348 1340 1332 1327 1319 1309 1298 1292 1287 1281 1270 1262 1252 1243 1234 1221 1214 1203 1196 1186 1178 1169 1162 1151 1141 1135
1434 1380 1371 1375 1386 1421 1410 1415 1423 1430 1427 1425 1422 1423 1420 1418 1417 1416 1415 1418 1417 1418 1420 1421 1425 1425 1429 1429 1432 1433 1434 1445 1441 1438 1437 1436 1435 1432 1432 1429 1430 1426 1425 1423 1420 1418 1413 1403 1400 1395 1390 1386 1379 1373 1367 1358 1350 1343 1338 1328 1319 1308 1302 1298 1288 1280 1270 1263 1251 1242 1232 1221 1213 1202 1192 1183 1173 1167 1158 1147 1137
1401 1389 1383 1387 1395 1403 1409 1420 1427 1434 1432 1430 1428 1426 1424 1425 1421 1422 1422 1421 1422 1422 1425 1426 1429 1433 1436 1438 1439 1441 1444 1447 1451 1450 1447 1447 1445 1445 1443 1442 1442 1438 1435 1436 1434 1432 1425 1420 1411 1408 1401 1396 1391 1384 1377 1369 1359 1354 1345 1337 1326 1317 1312 1305 1298 1288 1282 1274 1263 1253 1243 1234 1222 1212 1201 1191 1182 1173 1163 1150 1143
1424 1420 1459 1438 1423 1406 1417 1431 1441 1446 1438 1436 1430 1429 1427 1427 1427 1425 1424 1426 1425 1429 1429 1434 1438 1439 1440 1444 1445 1449 1452 1454 1459 1459 1457 1457 1456 1456 1455 1455 1449 1447 1448 1448 1443 1441 1436 1430 1424 1420 1414 1410 1404 1394 1389 1380 1368 1363 1358 1346 1339 1331 1322 1317 1310 1299 1290 1281 1273 1262 1254 1246 1236 1223 1213 1201 1192 1180 1169 1159 1147
1512 1499 1444 1408 1409 1416 1427 1439 1482 1480 1457 1449 1434 1434 1429 1427 1429 1425 1427 1429 1431 1433 1435 1440 1442 1447 1447 1450 1453 1458 1460 1462 1463 1466 1465 1466 1463 1463 1464 1461 1458 1458 1458 1456 1455 1452 1447 1442 1436 1432 1427 1421 1416 1408 1398 1390 1380 1373 1367 1359 1352 1337 1333 1326 1320 1311 1302 1294 1283 1273 1263 1258 1249 1237 1223 1211 1202 1191 1181 1169 1157
1473 1431 1420 1417 1424 1445 1446 1449 1459 1451 1441 1444 1434 1432 1431 1430 1430 1431 1432 1434 1435 1436 1441 1445 1450 1451 1455 1459 1461 1465 1467 1470 1475 1474 1474 1474 1473 1473 1473 1469 1471 1468 1468 1466 1468 1465 1461 1454 1448 1445 1439 1433 1422 1418 1410 1401 1391 1386 1377 1367 1358 1351 1345 1338 1326 1322 1312 1305 1295 1283 1276 1269 1261 1249 1235 1222 1213 1199 1191 1180 1169
1458 1435 1435 1450 1442 1436 1432 1431 1432 1435 1434 1438 1436 1435 1434 1433 1434 1434 1436 1438 1440 1443 1446 1451 1454 1457 1460 1462 1470 1473 1476 1480 1484 1481 1483 1483 1481 1480 1480 1481 1483 1481 1478 1477 1479 1476 1471 1467 1462 1455 1449 1442 1433 1428 1419 1412 1403 1396 1390 1381 1370 1361 1353 1347 1343 1330 1322 1314 1305 1296 1286 1277 1269 1258 1246 1233 1223 1211 1203 1193 1185
1483 1495 1479 1479 1463 1439 1435 1435 1435 1432 1435 1434 1435 1435 1435 1437 1437 1437 1439 1440 1444 1447 1452 1455 1459 1462 1467 1470 1473 1481 1485 1487 1489 1493 1491 1491 1490 1490 1494 1492 1494 1495 1490 1490 1490 1488 1485 1478 1471 1467 1463 1452 1445 1441 1431 1423 1414 1405 1400 1391 1381 1370 1365 1358 1348 1341 1332 1323 1318 1305 1297 1285 1278 1268 1255 1243 1234 1225 1215 1204 1197
1496 1482 1467 1451 1452 1448 1455 1440 1437 1435 1434 1434 1436 1435 1437 1438 1438 1439 1439 1444 1448 1449 1455 1458 1464 1468 1472 1477 1481 1484 1491 1495 1499 1503 1502 1500 1501 1500 1501 1506 1505 1502 1502 1501 1500 1498 1495 1488 1482 1474 1469 1462 1458 1452 1441 1432 1424 1417 1409 1399 1390 1381 1372 1366 1356 1350 1341 1334 1327 1317 1308 1297 1289 1279 1267 1254 1245 1238 1227 1219 1213
1524 1505 1478 1461 1453 1450 1444 1444 1440 1439 1438 1436 1434 1434 1434 1438 1439 1439 1442 1445 1450 1453 1457 1462 1468 1474 1477 1482 1487 1493 1500 1502 1506 1513 1514 1509 1511 1511 1512 1513 1513 1515 1512 1513 1510 1507 1501 1496 1491 1486 1481 1475 1469 1463 1452 1442 1437 1428 1420 1410 1402 1391 1383 1377 1369 1362 1352 1347 1341 1328 1318 1310 1300 1290 1279 1269 1260 1252 1242 1235 1230
1527 1519 1507 1479 1463 1452 1448 1443 1443 1443 1437 1440 1439 1435 1436 1436 1438 1442 1442 1448 1451 1455 1460 1465 1473 1478 1484 1488 1496 1505 1505 1511 1514 1517 1520 1518 1520 1520 1523 1523 1523 1524 1524 1522 1520 1515 1513 1506 1500 1498 1489 1485 1480 1473 1465 1457 1445 1440 1431 1421 1413 1402 1395 1388 1381 1373 1363 1357 1350 1339 1331 1319 1311 1301 1290 1279 1272 1266 1257 1250 1244
1537 1556 1496 1477 1468 1460 1452 1448 1443 1441 1438 1442 1439 1438 1437 1440 1440 1443 1445 1453 1457 1462 1466 1471 1477 1483 1490 1494 1502 1509 1521 1520 1522 1524 1523 1530 1532 1533 1535 1534 1534 1536 1533 1534 1529 1524 1520 1515 1511 1508 1499 1494 1486 1481 1475 1468 1461 1453 1444 1432 1423 1413 1405 1398 1389 1382 1374 1367 1360 1349 1341 1333 1324 1314 1303 1294 1286 1277 1269 1265 1259
1574 1526 1495 1486 1474 1464 1458 1451 1445 1442 1440 1438 1436 1435 1440 1441 1441 1445 1451 1458 1464 1468 1474 1476 1482 1489 1494 1504 1508 1516 1523 1532 1534 1534 1534 1534 1545 1542 1543 1543 1544 1543 1544 1540 1538 1533 1530 1524 1520 1519 1512 1505 1496 1492 1484 1478 1471 1463 1454 1443 1437 1424 1416 1411 1402 1394 1384 1378 1371 1363 1352 1344 1334 1325 1316 1309 1302 1294 1287 1280 1276
1562 1522 1501 1489 1480 1471 1464 1458 1449 1444 1441 1441 1437 1438 1439 1440 1446 1451 1457 1461 1469 1471 1478 1485 1491 1495 1504 1509 1516 1523 1529 1534 1539 1550 1540 1543 1554 1555 1553 1551 1551 1553 1552 1548 1546 1542 1537 1534 1532 1526 1522 1513 1507 1500 1492 1487 1480 1473 1465 1457 1446 1437 1427 1419 1412 1407 1397 1391 1385 1374 1364 1355 1347 1339 1330 1323 1317 1309 1301 1296 1293
1559 1534 1510 1499 1488 1476 1469 1459 1453 1448 1443 1441 1439 1438 1441 1444 1447 1454 1461 1466 1474 1481 1483 1490 1496 1502 1510 1519 1526 1532 1537 1542 1546 1554 1553 1553 1558 1565 1562 1563 1563 1562 1560 1559 1555 1554 1550 1547 1539 1539 1533 1527 1519 1512 1504 1496 1491 1482 1475 1465 1456 1449 1440 1432 1422 1417 1411 1402 1398 1387 1377 1368 1362 1353 1346 1339 1333 1327 1319 1314 1310
1564 1540 1524 1511 1496 1483 1472 1463 1455 1448 1442 1441 1438 1439 1445 1448 1449 1457 1463 1470 1477 1484 1491 1498 1504 1510 1520 1526 1534 1540 1545 1551 1555 1562 1565 1564 1567 1570 1571 1571 1573 1573 1576 1572 1566 1564 1560 1560 1555 1548 1545 1536 1530 1525 1519 1508 1503 1496 1485 1479 1469 1460 1450 1443 1437 1428 1422 1415 1408 1400 1391 1384 1374 1368 1363 1356 1347 1344 1340 1333 1330
1566 1548 1538 1521 1505 1490 1478 1469 1458 1449 1444 1441 1442 1441 1446 1450 1454 1459 1467 1477 1482 1491 1497 1504 1512 1520 1531 1536 1542 1549 1555 1561 1565 1567 1576 1572 1578 1577 1583 1587 1587 1585 1583 1581 1577 1577 1574 1571 1565 1561 1553 1550 1541 1534 1529 1523 1514 1509 1500 1491 1482 1472 1460 1455 1451 1440 1435 1429 1422 1413 1403 1395 1390 1381 1376 1370 1362 1357 1354 1346 1341
1579 1563 1547 1529 1514 1501 1487 1474 1461 1453 1448 1445 1443 1444 1448 1452 1458 1466 1473 1481 1493 1499 1506 1512 1525 1529 1539 1549 1557 1561 1567 1573 1576 1581 1588 1587 1590 1590 1593 1600 1607 1597 1595 1592 1589 1588 1584 1580 1577 1571 1565 1560 1556 1547 1541 1536 1523 1516 1508 1498 1491 1483 1477 1469 1461 1453 1446 1439 1433 1427 1417 1407 1403 1397 1392 1386 1376 1373 1369 1362 1357
1599 1584 1568 1545 1529 1514 1496 1482 1466 1457 1447 1446 1444 1447 1453 1457 1464 1472 1479 1489 1499 1508 1515 1522 1531 1541 1549 1560 1568 1571 1579 1582 1588 1591 1598 1599 1601 1605 1606 1608 1611 1610 1607 1602 1601 1599 1599 1595 1590 1584 1576 1573 1567 1561 1554 1547 1540 1528 1522 1511 1501 1492 1486 1481 1472 1465 1458 1453 1443 1434 1428 1424 1417 1408 1405 1400 1394 1389 1384 1376 1369
1606 1592 1586 1566 1538 1521 1505 1489 1473 1463 1450 1447 1448 1449 1455 1465 1470 1482 1489 1497 1507 1515 1525 1533 1540 1552 1561 1569 1579 1590 1590 1596 1601 1602 1604 1611 1615 1618 1618 1620 1622 1618 1618 1614 1612 1612 1609 1606 1602 1598 1590 1585 1581 1571 1565 1557 1548 1540 1531 1521 1516 1508 1499 1490 1482 1475 1466 1460 1454 1445 1443 1436 1430 1420 1417 1411 1409 1402 1396 1392 1387
1624 1605 1586 1568 1551 1532 1517 1497 1480 1470 1456 1450 1450 1456 1464 1473 1481 1493 1501 1511 1517 1526 1535 1547 1553 1566 1575 1582 1591 1601 1605 1608 1610 1617 1622 1623 1625 1632 1635 1638 1634 1633 1631 1631 1627 1624 1620 1616 1614 1608 1605 1599 1593 1585 1575 1565 1556 1549 1540 1532 1525 1518 1512 1504 1495 1486 1478 1469 1463 1456 1453 1446 1439 1433 1428 1425 1422 1416 1410 1407 1402
1643 1623 1600 1582 1565 1546 1527 1510 1494 1477 1460 1456 1457 1461 1475 1485 1491 1502 1516 1520 1530 1539 1549 1561 1571 1578 1588 1600 1606 1610 1616 1620 1626 1633 1636 1638 1640 1646 1645 1649 1650 1647 1646 1646 1641 1639 1634 1631 1625 1619 1616 1612 1604 1595 1587 1578 1570 1562 1555 1547 1538 1531 1523 1517 1505 1497 1488 1482 1476 1468 1461 1456 1450 1446 1441 1436 1432 1430 1424 1422 1416
