data_and_outputs/predictor_data/000/bioclim_12.asc
NCOLS 1199 
NROWS 625 
XLLCORNER -17.966918 
YLLCORNER -10.0196949358429 
CELLSIZE 0.0416666688395203 
NODATA_value -9999 
[rows 108 to 143 of 625, columns 891 to 971 of 1199]
769 764 762 760 760 759 761 760 760 762 762 765 765 764 765 766 766 768 769 769 768 768 763 761 759 757 756 756 755 753 752 752 751 751 751 751 748 747 746 743 744 742 740 739 737 736 732 730 726 723 721 718 716 714 713 710 708 706 702 700 697 696 694 691 690 689 685 684 683 680 679 677 674 673 673 672 674 678 680 685 684
774 770 770 765 766 766 765 766 766 768 772 773 773 776 774 776 777 779 780 780 779 774 773 771 768 767 764 761 761 761 759 759 758 757 760 758 756 755 752 752 751 749 748 745 746 741 740 738 735 731 726 725 723 721 719 717 714 712 709 707 702 700 699 698 696 693 692 691 690 688 685 681 681 680 680 679 680 681 681 684 683
776 776 776 773 773 773 773 773 774 776 779 780 780 782 785 785 787 787 789 788 786 784 782 778 777 773 772 771 769 768 767 766 765 769 764 765 764 763 762 761 757 754 753 751 750 749 746 744 741 739 735 732 729 728 725 723 721 718 716 715 712 708 709 704 702 700 699 697 695 694 688 687 685 685 684 684 682 682 685 684 683
782 784 781 780 780 778 781 779 780 783 787 787 787 790 792 794 795 796 798 796 794 792 788 786 783 782 780 777 776 775 775 774 773 773 771 771 771 769 769 768 765 763 762 760 757 754 753 751 748 745 743 742 741 737 735 730 729 725 723 719 718 719 714 711 708 707 704 703 701 698 694 692 691 690 690 687 684 685 685 685 686
783 784 785 784 786 785 785 786 787 789 792 793 796 798 799 800 803 803 803 803 803 798 795 793 791 789 788 785 782 781 781 780 781 779 778 780 778 779 778 774 772 773 770 766 764 761 759 758 756 754 749 748 746 744 740 738 737 733 729 727 725 724 721 716 714 713 713 710 707 703 701 698 697 696 695 694 691 691 691 689 690
787 788 788 789 791 790 791 792 792 793 798 802 803 804 805 806 808 812 809 808 807 804 801 800 798 795 793 792 791 789 788 787 786 787 787 787 786 785 784 783 779 777 775 773 771 769 768 765 763 761 759 755 752 751 749 745 742 741 737 733 732 729 728 721 721 720 716 714 712 709 707 702 701 699 698 696 695 694 693 693 693
792 794 794 795 797 797 798 800 800 800 802 804 808 811 811 812 814 815 814 813 812 811 807 806 802 801 798 797 795 795 794 794 794 792 792 791 792 791 789 788 787 785 784 782 778 776 774 773 771 768 765 763 760 757 756 754 748 746 744 740 737 736 733 730 726 724 722 721 716 714 712 708 707 705 704 701 700 699 695 695 694
797 799 798 800 802 803 805 807 807 806 808 810 812 815 815 816 818 820 819 818 815 816 812 810 808 804 804 802 802 801 802 802 799 799 797 797 796 795 794 794 793 791 788 788 786 785 781 780 777 774 770 768 767 765 761 760 758 753 751 749 742 740 739 736 732 730 729 726 722 720 718 717 715 712 710 709 705 702 700 699 698
799 802 803 803 807 807 811 812 812 812 814 815 817 818 819 819 821 823 821 820 820 819 816 814 812 809 809 805 804 806 806 806 807 806 806 805 802 803 801 800 799 797 798 794 792 792 790 787 785 783 781 778 775 773 771 766 764 761 756 755 753 747 746 743 741 737 734 731 727 725 724 723 723 718 717 714 709 707 706 705 704
803 805 807 809 809 810 814 817 815 818 818 819 820 823 823 825 825 826 825 825 824 823 820 817 816 813 813 812 811 810 811 811 811 810 810 811 809 809 808 808 807 806 805 803 800 800 797 796 793 789 785 784 781 779 777 775 772 769 765 760 759 756 750 749 747 745 739 737 734 732 730 729 727 724 723 719 714 713 711 709 707
809 812 813 812 814 816 819 820 821 822 824 824 825 826 828 828 829 829 829 829 827 827 823 822 819 819 817 815 814 815 815 816 816 817 817 815 815 814 815 814 812 811 810 809 808 806 804 801 799 798 794 791 789 787 784 781 779 776 772 768 764 762 759 754 753 751 745 743 742 737 734 733 731 726 725 722 719 717 714 713 709
815 817 817 817 820 821 822 823 826 827 827 829 831 831 832 833 833 833 832 832 831 831 827 827 825 821 821 820 820 820 820 820 821 820 821 822 823 822 821 820 817 818 817 815 814 812 810 808 807 805 802 800 797 794 792 788 784 782 779 776 773 768 766 761 758 756 752 748 746 744 739 737 735 732 729 727 722 720 718 718 714
819 820 823 823 826 826 827 828 829 832 832 833 835 836 837 837 837 836 835 836 836 835 833 831 829 827 824 825 825 825 826 826 826 827 827 828 828 826 827 828 827 826 824 823 822 819 817 816 814 811 809 807 805 802 798 796 793 790 787 782 779 775 771 769 765 763 758 755 751 748 745 743 742 739 734 733 726 725 722 721 717
825 827 829 830 830 831 833 835 835 836 837 836 837 839 839 840 840 839 839 839 839 838 837 836 834 832 831 831 830 830 831 830 832 835 833 833 832 833 833 832 831 831 830 829 827 825 823 822 820 820 816 815 813 808 806 803 799 796 793 789 786 782 779 773 771 768 765 761 757 754 750 747 745 743 739 735 732 730 728 725 722
830 832 833 837 836 837 837 837 840 841 841 843 843 844 844 844 845 845 844 843 843 843 843 841 840 839 838 837 836 836 837 840 839 839 839 839 839 839 838 838 837 836 835 835 834 833 832 828 828 826 825 823 819 817 814 811 807 803 800 797 792 789 785 782 778 775 770 767 762 759 757 753 750 748 742 740 737 734 733 731 728
834 834 835 840 841 842 845 843 845 845 845 847 849 848 850 849 848 848 849 850 849 847 848 847 846 845 844 842 842 844 844 845 843 844 844 845 844 844 844 845 844 843 844 842 840 840 839 837 836 833 831 828 826 822 821 817 814 812 806 803 800 796 792 787 783 780 777 773 769 765 761 758 755 753 747 744 743 740 735 733 733
838 838 840 844 847 848 851 850 851 850 850 850 851 851 853 853 853 853 855 855 853 852 851 851 851 849 850 849 848 849 850 851 849 850 850 851 852 850 851 852 851 851 850 849 848 847 846 845 843 842 839 836 834 832 828 826 822 818 814 810 806 804 799 794 790 786 782 778 775 770 768 764 761 757 754 750 748 742 742 741 737
844 843 844 847 848 854 853 854 855 853 855 856 855 856 856 856 857 858 859 860 858 857 857 856 856 857 857 856 857 857 857 855 855 856 857 856 857 858 857 857 857 857 856 857 856 855 854 852 850 849 846 843 840 838 836 832 829 825 821 817 814 808 804 802 796 793 789 784 783 775 773 769 766 763 759 755 754 748 746 745 742
848 848 849 851 853 855 857 857 857 859 859 862 861 862 860 862 862 863 865 862 863 862 862 862 862 863 863 863 863 864 862 861 861 862 862 863 864 864 864 864 865 863 864 864 864 861 860 860 859 857 855 853 850 846 844 840 835 833 828 823 819 816 811 809 803 798 795 790 787 783 778 774 771 769 764 761 759 755 751 748 747
851 852 852 853 857 860 862 861 862 860 863 865 866 866 866 866 867 868 867 866 867 869 867 867 868 868 868 868 868 868 868 869 868 869 869 869 870 870 869 869 869 870 870 870 869 867 868 867 866 865 863 860 858 855 850 847 844 839 836 832 827 821 819 813 809 804 800 797 792 789 783 779 776 772 770 769 764 762 756 753 752
856 856 858 860 861 865 868 869 867 867 867 868 868 867 869 870 871 871 871 872 872 872 873 873 872 873 874 874 874 874 874 874 876 874 875 876 875 875 877 876 875 878 878 878 877 876 875 874 873 872 870 869 866 862 859 855 850 846 841 838 833 827 824 820 815 810 806 802 798 793 789 786 780 777 774 771 768 765 763 758 757
861 861 860 862 866 867 870 871 869 871 870 871 872 873 872 873 874 877 877 878 878 878 879 879 879 878 880 880 880 880 881 881 881 881 882 882 882 881 882 883 883 883 884 883 883 883 882 881 880 880 879 876 873 870 866 863 858 852 849 846 839 834 829 827 821 818 812 808 803 799 797 790 787 781 779 777 774 769 768 766 761
867 869 866 867 870 873 872 874 873 874 873 874 875 879 878 879 880 881 881 882 883 883 883 885 884 884 886 886 886 887 887 887 887 887 888 889 888 887 889 888 889 890 891 890 890 889 890 889 889 888 887 884 880 878 874 871 863 860 855 851 846 841 837 831 826 824 817 813 809 805 803 798 792 788 784 784 780 777 775 771 765
868 869 870 872 874 875 875 876 876 879 879 878 881 880 882 883 885 886 886 887 889 888 887 888 891 892 892 892 892 892 893 893 894 895 894 895 895 896 896 895 895 894 895 896 896 895 896 895 894 893 893 891 888 885 881 876 872 866 861 859 851 848 842 837 832 830 823 819 814 810 806 804 799 795 789 786 782 784 778 773 766
872 877 875 874 877 878 880 882 882 880 883 883 884 886 887 889 890 890 892 892 891 893 893 893 894 895 897 898 898 897 898 898 898 900 899 900 899 900 900 902 901 900 902 902 903 903 904 903 903 901 901 899 896 891 888 883 879 873 869 862 857 854 848 844 838 834 829 825 819 816 811 807 803 800 795 792 789 785 781 775 768
876 879 879 878 880 881 883 883 885 888 888 890 888 890 892 893 893 895 894 897 897 898 899 899 899 901 901 901 903 903 904 904 904 906 905 906 907 908 908 908 908 908 909 908 909 908 909 908 908 909 909 904 902 896 894 887 885 879 875 869 864 860 854 849 844 840 835 829 824 821 816 811 806 802 799 796 795 790 783 777 772
880 881 882 882 884 887 887 890 889 890 892 894 894 894 896 897 898 901 901 901 902 902 902 905 906 906 907 907 908 909 910 912 912 911 912 912 913 914 913 913 913 914 914 916 916 916 915 916 914 915 913 910 907 902 899 894 889 885 880 874 871 864 861 855 849 844 841 836 831 825 822 815 812 809 804 802 799 794 787 780 774
884 883 885 887 888 891 892 894 895 895 896 897 899 900 902 902 904 903 905 906 908 909 909 909 911 912 913 913 914 914 914 917 917 917 918 917 918 920 919 920 921 920 920 920 921 920 921 920 920 920 919 914 913 907 904 899 895 890 886 881 876 870 864 863 855 850 845 840 834 830 828 821 818 814 809 808 802 796 789 784 780
887 888 889 890 892 896 898 896 897 899 901 902 903 907 905 906 908 909 909 911 910 912 913 915 916 918 917 920 920 921 921 922 922 923 923 923 924 923 924 924 925 925 925 926 927 926 926 925 925 923 923 920 918 913 910 906 900 896 891 885 881 876 871 868 859 856 849 848 841 837 831 826 822 816 815 810 807 800 793 788 785
889 891 892 894 896 899 900 903 904 904 905 906 907 910 910 913 913 913 914 916 917 917 919 921 921 922 923 924 925 927 927 926 927 928 929 928 931 930 930 931 930 930 930 930 932 932 931 930 928 927 926 924 921 917 914 909 905 901 897 893 888 881 877 871 868 862 857 851 847 841 835 832 827 824 820 817 811 805 799 795 791
895 897 897 900 901 903 904 906 908 910 910 912 913 913 916 915 918 919 919 920 921 923 924 926 927 928 929 928 930 931 932 932 933 933 934 933 934 934 934 934 936 936 935 935 936 937 937 935 933 932 931 928 925 922 919 915 910 905 901 897 891 887 883 878 872 868 862 858 852 848 842 836 834 829 827 821 814 810 804 801 798
898 901 904 905 906 905 907 908 911 913 914 915 917 918 920 922 922 923 923 925 927 929 931 931 931 931 933 935 936 936 938 938 940 940 940 940 941 941 941 942 940 939 941 941 941 940 940 939 937 936 934 932 929 925 924 918 915 910 906 903 898 892 888 883 878 873 869 865 857 854 848 845 842 838 831 823 819 813 810 808 807
902 902 907 909 910 909 909 911 916 918 917 921 921 923 924 925 926 928 929 931 934 933 935 937 938 939 938 941 941 941 942 943 944 945 946 946 945 945 946 945 946 946 946 944 945 946 946 945 944 940 938 937 934 931 927 924 919 916 911 906 903 897 892 888 884 879 873 869 864 860 856 853 850 842 836 829 826 819 816 814 812
906 908 909 910 912 913 914 916 920 923 923 923 924 927 929 930 931 932 934 936 937 939 940 940 942 944 945 945 947 947 948 948 949 950 950 950 951 950 950 949 951 951 951 951 951 951 949 947 946 945 944 941 937 935 932 927 923 920 917 911 909 902 898 892 890 884 879 874 869 866 863 861 857 850 841 836 831 826 823 818 815
907 910 911 913 915 915 917 920 923 925 925 928 930 931 934 934 936 938 940 940 942 943 946 946 948 949 950 951 952 953 955 954 955 954 955 957 957 954 954 955 953 954 955 955 956 956 954 952 951 950 948 945 943 940 936 935 928 926 920 917 912 907 903 899 894 889 885 879 876 872 872 869 864 854 847 842 837 832 828 823 820
912 915 916 917 918 920 923 925 927 929 930 932 932 934 937 938 941 942 945 946 945 948 949 951 952 954 956 958 958 961 961 961 961 961 962 962 962 961 959 959 960 961 960 960 961 960 959 959 957 955 953 950 946 944 940 937 934 928 926 921 918 914 908 904 898 894 891 886 879 877 875 871 864 858 851 849 843 842 837 831 826
