data_and_outputs/predictor_data/000/bioclim_17.asc
NCOLS 1199 
NROWS 625 
XLLCORNER -17.966918 
YLLCORNER -10.0196949358429 
CELLSIZE 0.0416666688395203 
NODATA_value -9999 
[rows 152 to 189 of 625, columns 510 to 594 of 1199]
11 11 10 10 10 10 10 10 10 10 10 10 10 10 10 10 10 9 8 8 8 8 8 8 8 8 8 8 7 7 7 7 7 7 8 8 8 8 8 8 8 8 5 5 5 5 5 5 5 5 5 5 4 4 4 4 4 4 4 3 2 2 2 2 2 2 1 1 1 1 1 3 4 5 5 5 6 6 6 6 6 6 7 7 7
11 11 11 11 10 10 10 10 10 10 10 10 10 10 10 10 10 10 10 10 9 9 9 9 8 8 8 8 8 7 7 7 8 8 8 8 8 8 8 8 8 8 7 6 6 6 6 6 5 5 5 5 5 4 4 4 4 4 4 3 2 2 2 2 2 2 2 2 2 2 3 3 5 5 5 6 6 6 7 7 7 7 7 7 7
12 12 12 12 11 10 10 10 10 10 10 10 10 10 11 10 10 10 10 10 10 11 11 9 9 8 8 8 8 7 7 8 9 9 9 8 8 8 8 8 8 8 8 8 6 6 6 6 6 6 6 6 5 5 4 4 4 4 4 4 3 3 2 2 2 2 2 2 2 3 3 4 5 5 6 6 6 7 7 7 7 7 7 7 7
14 13 12 12 12 12 12 12 12 10 10 10 11 12 12 11 12 11 11 11 11 11 11 11 10 10 10 9 9 9 8 9 9 9 9 9 8 8 8 8 8 8 8 8 7 6 6 6 6 6 6 6 5 5 4 4 4 4 4 4 3 3 3 2 2 2 2 2 3 3 3 4 5 5 6 6 6 7 7 7 7 7 7 7 7
14 14 13 13 13 13 13 13 13 13 13 13 13 13 13 13 13 12 12 11 11 11 11 11 11 10 10 10 10 9 9 9 9 10 9 9 9 8 8 8 8 8 8 8 8 8 7 6 6 6 6 6 6 5 5 4 4 4 4 4 4 3 3 3 3 3 3 3 3 3 3 4 5 5 6 6 6 7 7 7 7 7 7 7 7
15 15 14 15 13 13 13 13 13 13 13 13 13 13 13 13 13 13 13 13 13 11 11 11 11 11 11 11 10 10 9 9 10 10 9 9 9 9 8 8 8 8 8 8 8 8 8 8 7 6 6 6 6 6 5 5 4 4 4 4 4 4 3 3 3 3 3 3 3 3 4 4 4 5 6 6 6 7 7 7 8 8 7 7 7
15 15 15 15 15 14 15 14 13 13 13 13 13 13 13 13 13 13 13 13 13 13 13 12 12 11 11 11 11 10 10 10 10 10 11 9 9 9 8 8 8 8 8 8 8 8 8 8 8 7 7 7 6 6 6 6 5 5 4 4 4 4 4 4 4 3 3 3 3 3 4 4 4 5 6 6 6 7 7 8 8 8 8 8 8
16 16 16 15 15 15 15 15 15 14 13 13 13 13 13 15 14 14 14 14 14 14 14 14 13 13 12 12 12 12 10 10 10 11 11 11 9 9 10 10 10 10 9 9 9 8 8 8 8 8 7 7 7 7 6 6 6 5 5 5 5 4 4 4 4 5 5 4 4 4 4 4 4 5 6 6 7 7 7 8 8 8 9 9 8
17 17 16 16 16 16 16 15 15 15 15 15 15 15 15 15 15 14 14 14 14 14 14 14 13 13 13 12 12 12 11 10 11 11 11 11 11 11 11 11 10 10 10 10 10 9 8 8 8 8 8 7 7 7 7 7 6 6 6 6 5 5 5 5 5 5 5 5 4 4 4 4 5 5 6 6 7 7 7 9 9 9 9 9 9
17 17 17 17 17 16 16 16 16 16 16 16 16 16 16 16 16 15 14 14 14 14 14 14 14 14 13 13 12 12 12 11 11 11 11 11 11 11 11 11 11 10 10 10 10 9 9 9 9 9 9 8 7 7 7 7 6 6 6 6 6 5 5 5 5 5 5 5 5 5 6 5 5 5 6 7 7 7 8 9 9 9 9 9 9
18 18 18 18 18 18 18 17 16 16 16 16 16 16 16 16 16 16 16 15 15 15 16 15 14 14 14 13 13 13 13 12 12 11 11 11 11 11 11 11 11 11 10 10 10 10 9 9 9 9 9 9 9 8 8 7 7 7 7 6 6 6 6 5 5 5 6 6 5 6 6 6 6 5 5 8 8 8 9 9 9 9 9 9 9
18 18 18 18 18 18 18 18 18 17 16 16 16 16 16 16 16 16 16 16 16 17 17 17 16 14 14 14 13 13 13 13 13 12 12 12 12 11 11 11 11 11 10 10 10 10 10 10 10 10 9 9 9 9 10 9 7 7 7 7 6 6 7 7 7 6 6 6 6 6 6 6 6 6 7 8 8 9 9 9 9 9 9 9 9
21 21 19 19 18 18 18 18 18 18 18 18 18 17 19 17 17 17 17 17 17 17 17 17 17 16 16 15 15 15 15 15 14 13 12 12 12 11 11 11 11 11 10 10 10 10 10 10 10 10 10 9 10 10 10 9 8 8 8 7 7 7 7 7 7 7 6 6 6 6 6 6 6 7 7 8 9 9 9 9 9 9 9 9 10
21 21 19 21 19 19 19 19 19 19 19 19 19 19 19 19 19 19 19 19 19 19 19 17 17 17 16 16 16 16 16 16 15 14 14 14 12 12 11 11 11 11 11 10 10 10 10 10 10 10 10 10 10 10 10 10 10 9 9 8 7 7 7 7 8 7 7 6 6 6 7 7 7 7 7 7 8 9 9 9 9 9 9 10 10
21 21 21 21 21 21 21 21 20 20 20 20 20 19 20 19 19 19 19 19 20 20 20 20 18 17 17 17 17 18 16 16 16 15 14 14 15 14 13 13 12 11 11 11 11 10 10 10 10 10 10 10 10 10 10 10 11 11 9 9 8 8 9 8 8 7 7 7 7 7 7 7 7 7 7 7 9 9 9 9 9 9 9 10 10
21 21 21 21 21 21 21 21 21 21 21 21 21 21 21 20 19 19 19 20 22 22 20 20 20 19 19 19 19 19 18 17 16 16 15 15 15 14 14 14 13 13 13 13 11 11 10 10 10 10 10 10 10 10 10 10 11 11 9 9 9 9 9 8 8 8 8 8 7 7 7 7 7 7 8 9 9 9 9 9 9 9 10 9 10
23 23 23 24 23 23 21 21 21 22 23 23 23 22 22 22 22 22 22 22 22 22 22 21 20 20 20 20 20 19 19 18 17 17 17 17 17 15 14 15 14 15 13 13 13 13 12 11 10 10 10 10 10 10 10 11 11 11 11 9 9 9 9 10 9 8 8 8 8 8 7 7 7 7 8 9 9 9 9 9 9 9 10 9 9
24 24 24 24 23 23 23 23 23 23 23 24 23 23 23 22 22 22 22 22 22 22 22 22 21 21 21 21 20 19 19 19 19 19 18 17 17 17 16 16 15 15 15 15 13 13 13 13 12 11 11 11 10 10 10 10 10 11 10 10 9 9 9 10 9 8 8 8 8 8 8 8 8 8 8 9 9 9 9 9 9 9 10 10 10
25 25 25 24 24 24 24 24 24 24 25 25 24 24 24 23 24 23 22 22 24 25 24 23 23 21 21 22 21 19 19 19 19 19 19 17 17 18 18 17 17 17 16 16 15 14 13 13 13 13 12 11 11 11 11 11 11 11 10 10 10 10 10 10 9 9 9 8 8 9 9 9 9 9 9 9 9 9 9 9 9 10 9 10 10
25 25 25 25 25 25 25 25 25 25 25 25 25 25 24 25 25 25 24 25 25 25 25 24 24 24 22 22 22 22 22 22 22 22 20 19 19 20 20 18 18 18 16 16 15 15 14 14 14 13 13 12 12 11 11 11 11 11 11 11 10 10 10 9 9 9 9 9 9 9 9 9 10 10 9 9 9 9 9 9 9 10 10 9 10
26 26 26 25 25 25 28 26 25 25 26 25 26 26 26 26 26 25 25 25 27 25 25 25 25 24 24 23 22 22 22 22 22 22 22 20 19 20 21 21 21 18 18 16 16 16 15 15 14 14 14 14 12 12 11 11 11 11 11 11 11 10 10 10 9 9 9 9 9 9 9 9 10 10 10 10 9 9 9 9 10 10 10 10 9
27 28 28 28 28 28 28 28 26 25 26 26 27 28 28 27 27 27 27 27 27 27 26 26 27 24 24 24 24 25 23 23 24 22 22 22 20 21 21 21 21 18 18 18 18 17 17 17 17 14 14 14 14 14 13 12 11 11 11 11 11 11 11 11 10 9 9 9 9 9 10 10 10 10 10 11 11 9 10 10 10 11 10 10 9
28 28 28 28 28 28 28 28 28 26 28 28 28 28 28 28 28 27 28 27 27 27 26 26 27 27 25 26 26 25 25 25 25 24 23 22 22 22 22 22 21 19 18 18 19 19 19 17 17 16 14 15 15 15 14 14 13 12 12 12 12 12 12 12 12 11 10 10 10 10 10 10 10 11 11 11 11 11 10 10 11 11 10 10 10
28 28 28 29 28 28 28 28 28 28 28 28 28 28 28 28 30 29 29 28 28 28 28 27 27 27 27 27 27 26 26 26 26 26 25 25 25 22 23 22 21 21 20 19 20 21 19 18 17 17 16 16 16 15 15 15 15 13 12 12 12 12 12 12 12 12 11 11 11 11 11 11 11 11 11 11 11 11 11 11 11 11 11 10 10
28 29 29 29 29 28 28 28 28 28 28 28 28 29 30 31 31 30 29 29 28 29 28 28 27 28 28 28 29 29 26 29 28 28 27 26 25 25 25 22 22 21 21 21 21 21 19 19 18 17 18 17 18 17 15 15 15 15 15 15 13 13 13 13 13 13 12 11 11 11 11 11 11 11 11 11 11 11 11 11 11 11 11 10 10
29 29 31 31 29 29 29 29 29 29 29 29 29 30 30 31 31 31 30 30 30 29 29 29 29 30 30 30 29 29 29 29 29 29 29 26 27 27 25 23 23 23 23 23 22 22 19 19 19 19 19 18 18 18 17 17 15 15 15 15 15 14 13 13 13 13 13 13 11 11 11 11 11 11 11 11 11 11 11 11 12 11 11 11 10
29 29 31 32 31 30 29 29 29 29 29 30 30 30 31 32 32 31 31 31 30 30 30 30 29 31 32 31 31 30 29 29 29 29 29 29 30 27 26 25 24 25 25 24 24 22 21 19 20 20 20 20 20 20 19 18 17 17 16 16 15 14 14 14 13 13 13 13 12 11 11 11 11 11 11 12 11 11 11 11 12 12 12 12 11
30 29 30 31 31 31 31 31 31 30 30 31 31 31 32 32 33 33 33 31 31 32 31 31 32 32 32 31 31 31 30 30 32 31 31 30 30 27 27 26 27 26 27 25 24 24 22 21 21 21 20 20 20 20 20 20 18 17 17 16 16 16 14 14 14 14 14 14 13 13 12 11 11 11 11 11 11 11 11 11 12 12 12 12 12
30 29 30 31 31 31 31 31 31 31 31 31 31 32 32 32 33 33 33 33 32 32 33 33 33 34 33 32 33 33 33 33 33 34 31 31 30 30 29 28 28 27 27 25 24 24 24 22 23 22 22 21 22 21 20 20 18 17 17 17 17 17 17 15 15 15 14 15 14 14 14 13 11 11 11 11 11 11 11 12 12 12 12 12 11
30 30 31 31 31 32 32 32 32 32 31 31 31 33 33 34 34 34 34 33 33 34 34 34 35 34 34 33 34 34 33 34 33 34 33 32 32 32 30 28 28 28 28 26 29 26 24 24 24 24 22 22 22 22 22 20 19 19 18 18 18 17 17 17 18 15 15 16 15 15 14 14 13 12 11 11 11 11 11 11 12 12 13 12 11
30 31 31 32 32 32 32 32 32 32 32 32 32 34 34 34 34 34 34 36 36 36 35 35 35 35 34 35 35 35 34 36 34 34 35 33 34 34 32 30 30 30 29 29 29 29 26 25 25 25 25 25 24 22 22 21 20 21 19 19 19 18 18 18 18 17 16 17 17 16 15 15 14 13 13 11 11 11 11 11 12 13 13 12 11
30 31 32 32 32 32 32 32 34 34 35 32 32 33 34 34 35 36 37 37 37 36 36 36 36 35 36 37 37 36 36 36 36 36 37 34 34 35 33 32 32 31 31 31 32 29 26 26 25 25 25 25 24 23 22 22 22 22 22 20 19 19 19 19 19 18 18 17 18 16 16 15 15 14 13 13 12 11 11 11 12 13 13 12 12
32 32 32 32 33 34 33 33 33 33 34 33 33 35 35 35 36 37 37 37 38 37 37 37 36 38 38 38 38 37 37 37 37 36 36 36 35 35 35 34 34 33 33 35 33 28 28 28 27 27 27 27 27 24 24 24 22 22 22 22 22 20 19 19 19 19 19 18 19 19 16 16 16 15 14 13 13 13 12 12 11 13 13 12 12
32 32 32 33 33 33 34 34 33 33 34 34 34 35 36 36 37 37 38 38 39 39 39 39 39 39 39 39 38 38 38 38 37 37 37 37 36 36 36 36 36 36 36 37 33 30 31 29 28 28 27 27 27 25 24 24 24 23 24 24 24 21 21 21 21 20 20 19 19 20 17 17 17 16 15 14 13 13 13 12 12 13 13 12 12
32 32 33 33 33 33 35 35 35 35 33 35 35 36 36 37 37 38 39 40 40 39 39 39 40 40 40 39 39 39 41 41 38 38 38 38 38 38 38 38 37 37 37 37 33 33 32 30 29 29 28 29 27 27 27 26 24 24 24 24 26 24 21 21 21 21 22 21 20 21 19 19 18 16 16 16 15 14 13 13 12 12 12 12 12
33 33 33 33 34 35 35 35 35 35 35 35 35 35 37 38 38 38 39 40 40 40 40 40 41 41 40 40 40 41 42 41 40 40 39 39 38 38 38 38 38 38 39 39 35 35 34 32 31 31 30 29 29 29 29 27 26 25 24 24 26 25 24 22 23 23 23 21 21 21 21 21 19 18 16 16 15 14 15 15 13 12 12 13 13
33 33 34 34 35 36 36 36 36 36 35 35 36 36 39 39 39 39 41 41 41 40 40 41 42 41 41 41 41 42 42 42 41 41 41 40 40 39 39 39 39 39 39 39 39 37 36 36 33 31 31 31 31 31 30 27 27 27 26 26 25 25 25 24 24 24 24 23 23 22 21 19 19 18 16 16 16 15 14 13 13 13 12 13 13
33 34 35 36 36 36 36 36 36 36 36 36 36 37 37 39 39 39 42 42 41 40 41 41 42 42 42 42 43 43 43 42 42 42 42 41 41 41 41 41 41 41 41 41 40 39 38 37 36 33 33 33 32 32 30 28 28 28 28 28 27 26 26 27 27 27 25 27 24 22 21 21 20 18 18 18 16 16 15 14 13 13 13 13 15
