data_and_outputs/predictor_data/000/bioclim_01.asc
NCOLS 1199 
NROWS 625 
XLLCORNER -17.966918 
YLLCORNER -10.0196949358429 
CELLSIZE 0.0416666688395203 
NODATA_value -9999 
[rows 38 to 75 of 625, columns 1020 to 1104 of 1199]
234 235 235 233 232 230 229 231 234 236 238 240 242 243 245 245 245 246 247 246 244 246 245 245 244 243 244 246 245 246 246 247 248 249 253 253 254 253 250 251 255 259 259 256 254 255 258 260 259 258 260 262 263 263 262 260 259 260 262 264 264 264 263 260 261 263 264 264 263 262 260 260 260 260 260 260 260 261 260 260 260 261 262 265 266
232 233 233 232 231 231 231 232 234 233 234 237 241 243 245 243 242 244 246 246 244 244 244 243 244 244 244 243 244 244 247 246 248 249 250 254 256 255 253 251 254 258 260 258 255 256 259 260 259 258 260 261 262 263 262 258 259 261 262 263 263 264 263 261 262 264 264 264 263 262 261 261 261 260 260 260 259 259 259 259 260 260 262 265 266
232 232 231 232 233 233 233 235 236 236 232 237 240 242 244 243 241 243 246 245 243 242 243 243 245 246 247 247 247 246 249 248 249 250 248 250 254 257 257 254 254 257 260 258 256 256 259 260 260 260 259 261 262 262 261 260 259 261 262 261 262 265 263 262 263 264 265 264 262 261 261 261 262 262 261 259 259 258 260 260 260 261 264 266 266
232 233 232 233 234 235 235 236 237 238 238 238 238 240 243 243 241 242 245 243 242 240 242 242 244 246 247 248 249 250 251 251 252 252 248 250 253 257 258 257 254 257 260 259 257 256 257 260 261 260 260 260 262 262 260 261 261 262 262 262 262 265 264 263 264 265 265 264 262 262 262 263 263 262 261 260 259 258 260 261 261 262 263 265 267
232 234 234 234 235 236 237 238 239 240 240 239 237 237 241 242 242 243 244 241 241 243 244 244 244 246 246 245 247 249 252 254 254 254 253 251 253 256 259 259 255 257 261 260 258 257 257 261 262 262 260 260 263 261 260 260 261 262 262 262 263 264 265 264 265 265 264 263 263 263 264 262 262 261 260 259 258 258 260 262 263 263 264 266 267
231 234 235 236 236 237 238 240 241 243 243 241 234 236 236 238 242 243 242 243 245 246 247 247 246 247 249 247 246 249 251 254 255 256 256 255 254 256 259 260 258 258 261 261 260 260 260 261 262 262 262 261 263 262 261 261 262 262 263 263 264 264 265 265 265 265 265 264 264 264 263 262 261 261 260 259 258 259 261 262 263 264 265 267 267
232 233 233 234 235 233 237 239 240 243 245 243 238 239 239 240 242 243 241 244 246 247 248 247 249 249 250 252 248 249 250 252 254 256 258 258 258 258 260 260 260 260 261 262 262 261 262 262 262 262 263 263 263 262 261 262 263 263 264 264 265 265 265 266 266 266 265 264 265 263 263 262 262 262 261 261 259 259 261 262 264 263 265 266 267
232 233 232 230 232 235 239 241 242 244 246 244 242 242 240 241 244 244 240 243 246 248 249 250 250 251 251 253 255 255 255 255 254 256 256 258 259 259 260 260 260 261 261 262 262 262 262 262 262 262 263 263 263 262 262 263 263 264 265 265 264 264 265 266 266 265 265 264 265 264 264 263 263 262 262 261 260 260 261 262 264 265 266 266 268
230 230 231 232 235 236 237 241 244 246 247 245 243 243 242 242 246 245 241 242 246 248 249 249 251 253 253 255 256 257 257 256 255 257 257 257 257 258 258 258 259 261 261 262 262 261 261 261 260 262 262 262 262 262 263 264 264 265 264 263 262 263 264 265 266 265 265 264 264 264 264 263 263 264 263 262 261 261 262 264 264 265 266 267 268
229 229 231 234 239 242 241 243 246 245 247 243 239 238 242 246 248 249 247 244 245 247 248 249 251 254 255 255 255 257 258 257 253 257 259 259 258 257 256 257 258 261 260 259 261 260 260 260 260 262 261 261 261 262 264 264 264 263 263 261 261 261 263 264 266 266 265 265 265 264 264 265 264 264 263 263 262 261 262 264 265 266 267 267 268
233 232 237 241 244 245 246 246 247 249 248 244 239 237 240 244 246 250 250 245 244 246 249 251 252 254 255 257 257 258 258 258 260 259 261 260 259 258 258 258 259 261 260 259 260 260 258 258 260 261 260 260 261 263 264 262 261 261 262 261 260 260 261 263 265 266 266 266 265 265 265 266 265 264 264 264 263 262 262 263 265 266 267 268 268
238 235 241 243 245 247 247 247 249 250 249 247 246 238 236 238 246 252 253 251 250 249 251 252 254 254 255 256 257 257 256 257 260 261 262 261 260 260 262 260 259 260 260 259 259 259 257 258 260 260 259 260 262 264 263 261 260 260 262 261 260 260 260 262 264 265 266 266 265 266 266 266 265 265 265 264 264 263 262 264 266 267 268 268 268
232 242 244 244 246 248 249 249 250 250 248 246 250 246 239 236 241 254 255 254 253 252 253 252 253 254 255 256 256 255 256 257 259 260 261 262 262 262 262 261 261 262 261 261 262 260 258 258 259 258 259 260 262 264 262 261 259 259 261 261 259 258 260 262 264 266 266 267 266 266 266 266 266 266 265 264 263 262 264 266 267 268 268 268 269
238 243 245 246 247 248 250 250 251 249 244 247 249 251 246 244 248 254 256 255 254 253 254 253 252 251 253 254 254 254 257 258 258 259 260 262 263 263 262 262 263 263 262 262 263 263 261 259 258 258 259 261 262 264 263 261 260 259 260 260 258 258 260 262 264 266 267 267 267 267 266 266 265 264 264 264 263 263 265 267 268 268 268 269 268
240 242 245 247 248 248 250 251 252 251 248 252 254 254 255 250 250 256 257 257 255 254 255 254 252 249 251 253 254 256 258 260 260 260 261 262 262 263 263 263 264 262 262 264 264 264 264 264 261 259 260 261 262 264 263 262 261 260 259 259 258 260 262 263 265 266 267 268 267 267 266 266 265 264 265 264 264 264 266 267 267 267 268 268 268
236 241 243 246 247 248 250 252 252 253 253 253 254 256 257 257 258 258 258 257 256 256 256 255 253 249 251 253 256 258 259 260 260 260 262 261 261 263 264 264 264 262 264 265 264 264 263 265 265 261 260 261 262 264 263 262 261 260 258 259 260 261 263 265 265 266 267 268 267 267 267 267 265 265 265 264 264 265 266 267 266 267 267 268 268
238 241 242 244 244 246 248 251 253 254 254 255 255 257 258 258 259 259 258 257 257 258 257 256 255 252 251 252 257 258 258 259 258 260 260 261 262 262 263 264 264 264 265 264 264 266 266 265 263 264 262 262 263 264 263 262 261 260 259 260 261 262 264 266 265 266 267 268 268 267 267 266 265 266 265 264 264 265 266 266 265 267 267 268 269
235 239 241 235 235 245 249 251 253 254 255 256 256 256 258 259 259 259 259 258 259 259 258 256 255 254 249 255 258 258 257 258 260 261 262 262 262 261 262 264 265 265 265 265 265 266 267 267 264 266 263 262 263 264 263 262 260 259 260 261 262 264 265 266 266 267 268 268 268 267 266 266 266 267 265 264 264 265 265 265 266 267 268 269 269
237 238 239 238 232 244 249 251 253 254 255 256 257 257 258 259 259 259 260 260 260 259 258 256 254 254 255 260 260 260 260 261 262 263 263 261 260 261 262 263 264 265 266 265 266 266 265 267 265 267 266 265 264 264 265 264 262 262 261 261 262 264 266 267 267 267 268 269 268 267 268 267 267 266 265 265 265 266 265 266 267 268 268 269 268
236 238 240 240 241 246 248 250 252 252 253 255 256 257 258 259 260 260 260 260 260 259 256 257 254 256 258 261 262 262 262 263 263 264 264 262 261 261 262 263 263 264 265 265 265 265 265 267 268 268 267 265 264 266 266 266 266 265 264 261 262 264 266 267 267 268 269 269 268 268 268 268 267 266 266 265 266 266 266 267 267 268 269 269 268
232 238 240 242 244 247 249 250 252 252 254 255 256 257 258 259 260 261 261 261 262 261 257 255 256 254 260 262 263 263 263 263 264 265 264 264 261 262 262 262 263 264 264 264 265 265 266 266 268 268 268 268 268 268 267 267 268 267 265 262 262 264 265 266 267 268 269 269 269 267 267 267 267 267 266 267 267 267 268 268 267 268 268 268 268
236 240 242 244 246 247 248 250 251 252 253 254 255 256 258 259 260 261 262 262 263 262 258 258 259 260 262 263 263 263 264 264 265 265 265 264 262 261 261 262 263 263 264 264 265 265 266 266 267 268 268 269 269 269 269 268 269 270 268 266 267 267 267 266 267 268 269 270 269 268 267 266 266 266 266 268 268 268 269 268 268 268 268 268 268
236 239 241 243 245 246 247 249 250 252 252 253 254 256 257 258 260 261 262 262 263 263 262 261 258 262 263 264 264 264 264 265 266 266 265 265 263 260 260 262 263 264 264 265 265 265 266 266 267 267 267 268 269 269 269 269 269 270 270 271 271 270 269 269 269 268 269 270 269 268 267 267 266 266 267 268 269 269 269 269 268 268 268 268 269
234 237 239 241 243 245 247 248 250 250 251 252 254 255 256 258 259 260 262 263 263 263 264 264 263 264 264 264 264 264 265 265 266 266 266 264 261 261 261 262 263 264 265 266 266 266 266 266 266 266 267 268 269 269 269 269 268 269 270 271 271 271 271 270 269 269 269 270 269 269 268 268 267 267 268 269 269 270 269 269 268 268 269 269 269
223 229 236 240 242 243 245 245 249 250 251 251 253 255 256 258 259 261 262 262 263 264 264 264 265 265 265 265 264 265 265 266 266 266 266 265 263 262 263 264 264 265 266 266 266 267 266 266 265 265 267 268 269 269 270 269 268 268 269 271 271 271 271 271 271 270 269 270 270 269 269 269 268 268 269 270 270 270 269 268 267 267 268 268 269
223 227 232 237 233 239 243 243 248 250 251 250 250 254 256 258 259 260 261 262 262 263 264 265 265 265 265 265 265 265 266 266 266 266 266 266 265 263 264 265 266 266 267 267 267 267 266 265 265 266 268 268 269 269 270 269 268 268 269 270 271 272 272 271 271 270 270 270 270 270 270 270 269 268 270 271 270 269 268 267 266 266 267 268 269
219 226 232 233 234 240 244 246 248 250 252 253 253 255 256 258 259 260 261 261 262 263 264 265 265 265 265 265 265 265 266 266 265 266 267 266 265 265 265 266 266 267 267 267 268 267 266 266 266 267 268 269 269 270 270 268 268 269 270 271 271 271 271 271 271 270 270 270 270 271 270 270 269 269 270 270 269 267 266 265 264 265 267 268 269
219 226 233 236 238 242 244 246 246 249 251 253 254 255 257 258 259 260 261 262 262 263 264 265 265 266 266 266 266 266 266 266 265 266 266 265 263 267 267 267 267 268 268 268 267 266 266 266 267 268 268 269 269 270 269 268 269 270 270 271 271 272 272 272 271 270 270 270 270 271 271 270 270 270 271 271 269 268 266 266 265 266 267 268 269
211 226 232 233 235 239 242 244 242 245 251 252 254 256 257 258 259 260 261 262 262 263 264 265 265 266 266 266 266 266 266 266 266 266 266 268 267 267 268 268 268 268 268 268 267 267 267 267 268 268 268 269 270 269 269 268 269 271 271 271 271 272 272 272 271 270 269 269 270 271 271 271 271 271 271 271 270 269 268 268 267 267 267 268 269
215 222 229 228 231 236 241 240 243 247 250 252 253 255 257 258 259 259 260 261 262 263 264 265 265 266 266 266 266 267 266 266 266 265 267 268 267 267 267 267 268 268 268 269 268 268 268 268 269 269 269 270 270 269 268 269 270 271 270 271 271 272 272 272 272 271 271 270 271 271 271 271 271 271 271 271 271 270 270 270 269 269 268 268 269
212 219 224 230 231 236 240 241 244 247 248 249 251 254 256 258 259 259 260 262 263 264 264 265 265 266 266 267 267 266 266 266 266 266 268 266 267 267 267 267 268 268 268 268 269 269 269 269 270 270 270 270 270 269 269 270 271 271 272 272 272 272 272 272 272 272 272 271 271 270 270 271 271 271 272 272 272 271 271 271 270 269 269 270 271
213 218 225 232 236 239 242 241 243 246 247 250 252 254 256 258 259 259 260 262 263 264 265 265 266 266 267 267 267 267 267 267 266 267 267 268 267 267 267 268 268 268 268 268 269 269 269 270 270 270 270 270 269 269 269 270 271 272 272 272 272 272 272 272 272 272 272 272 272 271 270 271 271 272 272 272 272 272 272 271 270 271 271 272 272
214 218 224 232 237 241 243 244 245 246 246 248 251 255 257 259 260 259 262 262 263 264 264 265 266 266 267 267 267 267 267 266 267 267 268 267 268 267 268 268 268 268 268 269 269 269 270 270 270 271 271 270 269 269 270 271 272 272 272 272 272 272 272 273 272 272 272 272 272 271 272 272 272 272 272 272 272 272 272 272 272 272 272 273 273
210 217 228 235 239 243 245 246 248 249 250 248 253 256 258 259 261 261 262 263 264 264 265 265 266 266 267 267 267 267 267 267 267 268 267 267 267 268 268 268 269 268 269 269 269 269 270 270 270 271 270 269 269 270 271 272 272 272 272 273 273 273 273 273 272 272 272 272 272 272 273 273 273 272 272 272 272 272 272 272 272 272 272 273 273
218 219 224 237 241 244 246 248 250 251 252 253 256 257 259 260 260 261 262 262 263 264 265 265 266 266 267 267 268 267 267 267 267 268 268 268 268 268 269 269 269 268 269 269 269 270 270 270 270 270 270 269 269 270 271 272 272 272 273 273 273 273 273 273 272 272 272 272 272 272 273 273 273 272 272 272 272 272 272 272 272 272 273 273 273
221 228 234 237 241 244 247 248 250 252 253 252 256 257 259 260 261 261 262 263 264 264 265 266 266 266 267 268 268 268 268 267 268 268 268 268 268 268 269 269 269 269 269 269 269 270 270 270 271 270 269 269 270 271 272 272 272 273 273 273 272 272 272 272 272 272 272 273 273 273 273 273 273 273 272 272 272 272 272 272 272 273 273 273 272
218 227 235 239 241 244 247 249 251 252 254 255 257 258 258 258 260 261 262 263 264 264 265 265 266 266 267 268 268 268 267 267 268 268 268 268 268 269 269 269 269 269 269 269 270 270 270 271 270 270 269 270 271 271 272 272 273 273 273 273 272 272 272 273 273 273 273 273 273 273 273 273 273 273 272 272 272 273 273 273 273 273 273 273 273
218 229 235 238 241 244 247 249 251 252 254 255 256 258 258 258 260 261 261 262 264 264 265 266 266 267 268 268 269 268 267 268 268 268 269 269 269 270 270 270 270 269 270 270 270 270 271 271 270 270 270 271 271 272 272 272 273 273 273 272 272 272 273 273 273 273 273 273 273 273 273 273 273 273 272 272 272 273 273 273 273 273 273 273 273
