data_and_outputs/predictor_data/000/bioclim_16.asc
NCOLS 1199 
NROWS 625 
XLLCORNER -17.966918 
YLLCORNER -10.0196949358429 
CELLSIZE 0.0416666688395203 
NODATA_value -9999 
[rows 114 to 151 of 625, columns 850 to 934 of 1199]
580 579 579 578 578 577 577 576 575 576 575 574 573 572 573 570 573 579 574 570 568 568 568 569 568 566 567 567 567 566 566 567 569 568 569 569 569 570 571 571 572 574 575 575 575 576 576 577 578 578 578 578 579 580 582 581 582 582 583 582 582 581 581 579 579 577 576 575 575 574 574 574 574 574 574 574 574 574 573 572 571 570 569 568 566
584 582 582 582 582 583 582 581 581 579 580 580 578 577 575 574 574 576 575 574 571 569 568 574 574 569 573 570 569 569 568 569 569 569 571 571 572 572 572 573 574 575 577 576 577 578 578 579 581 581 580 580 581 582 584 583 583 584 585 584 584 583 583 581 580 579 578 578 577 576 576 577 577 576 576 576 576 576 575 574 574 573 572 570 570
587 587 587 586 586 586 587 586 588 588 586 585 582 581 580 578 576 576 575 576 575 577 569 575 575 570 576 572 571 571 571 571 571 572 571 572 574 575 575 575 575 575 576 577 578 580 580 582 583 583 582 583 583 584 585 585 585 585 587 585 585 585 584 583 582 582 580 580 578 578 579 579 579 579 579 579 579 578 579 578 577 576 574 575 573
590 590 590 589 589 590 590 591 595 597 591 591 588 585 583 581 580 579 577 574 576 578 573 571 581 578 570 571 571 571 573 572 573 574 573 574 576 579 577 578 577 577 578 579 581 580 581 584 584 585 585 585 585 585 587 587 587 587 588 587 587 587 586 586 584 583 582 582 581 581 581 581 581 581 581 581 582 581 581 580 579 579 578 577 575
595 595 593 593 593 593 593 594 598 599 599 596 593 590 587 584 582 580 578 578 575 574 571 572 573 576 571 571 571 573 572 573 573 575 576 578 577 577 578 579 579 580 581 582 581 582 583 585 586 585 587 587 587 587 588 589 589 589 589 589 589 588 588 586 586 584 584 583 583 582 583 583 583 583 584 584 583 583 582 584 583 581 580 579 579
598 597 597 597 597 598 596 596 598 601 604 601 596 593 590 587 584 582 580 580 576 574 572 571 572 572 571 571 572 573 572 574 575 576 578 578 578 579 580 580 581 582 583 583 583 584 585 586 586 587 588 588 589 590 590 590 590 591 591 590 591 590 590 588 588 586 585 585 585 585 585 585 585 586 586 586 585 587 586 585 584 583 584 583 581
601 601 601 599 600 600 598 598 598 598 603 603 600 594 592 589 586 586 585 581 579 576 574 572 573 575 574 572 574 574 574 574 575 577 579 580 581 582 581 582 583 583 584 586 586 587 587 588 588 589 590 590 590 592 592 592 592 593 593 592 591 592 592 590 590 588 587 586 587 587 587 587 588 588 589 589 589 589 588 587 588 587 586 585 585
605 603 603 602 602 602 600 600 600 599 601 599 598 595 594 590 590 588 585 582 579 577 575 573 573 576 577 575 575 575 574 576 576 578 580 580 581 582 584 585 585 586 587 588 589 589 589 590 591 591 592 592 592 593 594 593 594 594 594 594 593 593 593 592 592 591 590 589 589 589 589 590 590 591 592 591 591 590 591 591 590 589 589 589 588
607 607 605 605 604 604 602 602 601 601 602 599 597 597 594 593 592 588 584 582 579 578 576 574 574 576 575 577 577 577 575 576 578 579 580 581 582 584 585 586 587 588 589 590 592 592 592 592 592 593 594 593 595 595 595 595 596 596 596 596 595 595 595 595 594 594 592 592 592 592 592 592 594 594 593 593 594 594 594 593 593 593 592 591 591
610 610 610 607 606 606 604 604 603 603 601 600 598 597 596 595 592 588 586 583 580 579 577 574 577 582 590 582 578 576 577 578 579 579 580 582 583 584 586 588 589 589 589 590 592 593 594 595 594 596 596 596 596 597 596 597 597 597 597 598 598 597 596 596 596 596 595 594 594 594 595 595 596 595 596 596 596 596 596 596 596 595 594 595 594
613 612 612 610 610 609 606 606 605 603 602 601 600 598 597 596 592 589 587 583 580 578 576 575 578 579 584 583 580 579 577 579 580 581 582 583 584 586 587 588 589 590 591 591 594 595 596 598 597 598 597 598 598 598 598 599 598 599 599 600 600 599 598 598 598 599 597 597 597 597 597 598 599 598 598 598 599 599 598 598 599 598 598 597 596
616 615 614 612 612 611 609 609 608 606 605 603 602 600 597 596 594 591 588 584 582 579 577 580 579 577 583 590 580 578 578 579 580 583 583 585 586 587 588 589 590 593 592 593 594 595 598 598 599 599 599 600 600 599 600 600 600 600 601 601 602 601 601 601 600 600 601 601 600 601 601 601 600 600 601 602 601 601 602 601 601 601 601 600 600
619 618 617 615 614 613 611 610 610 608 607 605 602 601 599 596 594 592 589 585 583 581 579 580 583 578 577 577 579 578 579 581 582 585 586 587 587 588 591 590 591 593 594 595 596 597 599 600 600 600 601 601 603 602 603 602 603 603 604 604 602 603 603 603 603 603 604 603 603 604 604 603 603 603 604 604 604 604 604 604 604 604 603 603 603
621 620 619 618 617 615 613 612 610 609 607 607 604 603 600 598 595 593 589 586 585 582 580 581 584 579 579 578 579 580 583 584 584 588 590 590 591 592 593 593 594 594 595 595 596 599 601 602 601 602 601 602 604 604 604 604 604 605 605 605 605 605 606 605 605 605 605 605 605 605 605 605 606 606 607 606 606 607 607 606 606 606 607 606 606
623 622 622 621 619 618 615 614 612 611 612 608 606 605 602 600 597 593 591 588 586 588 586 584 581 580 579 580 581 582 586 587 590 590 596 598 594 594 594 595 595 596 596 597 599 600 602 605 605 604 603 604 604 605 605 606 606 607 606 606 607 607 607 608 608 608 608 608 608 608 608 608 608 610 609 609 610 609 609 610 609 608 609 609 609
626 626 624 622 621 620 618 617 614 613 611 610 609 605 603 601 599 595 593 590 589 587 586 588 584 583 582 581 582 584 586 588 590 591 593 594 595 595 595 596 597 598 598 598 600 602 603 605 606 605 606 605 606 606 607 607 607 608 609 609 610 610 610 611 611 611 610 611 611 611 611 611 611 611 611 612 612 612 611 612 612 612 611 612 611
628 628 627 624 623 622 620 619 616 614 613 613 611 607 605 603 600 597 595 592 591 592 589 587 584 584 584 585 584 587 588 588 590 593 593 596 595 596 597 598 599 601 602 601 602 604 606 606 606 605 606 607 607 608 610 609 610 610 611 611 611 612 612 612 613 613 613 613 613 613 614 614 614 614 614 614 615 615 614 615 614 614 614 615 614
631 630 629 627 625 624 622 621 619 617 616 613 611 609 607 603 602 599 597 595 594 593 592 590 588 586 587 587 588 588 589 590 596 598 595 598 598 598 598 598 599 601 602 603 603 605 606 606 607 607 608 608 608 610 610 611 611 612 612 613 614 615 614 614 614 616 616 616 616 616 616 616 616 617 617 616 617 617 617 618 617 617 616 616 617
633 632 631 629 628 625 624 622 621 621 618 615 613 611 609 607 604 602 599 598 596 596 594 591 590 589 589 590 590 591 592 593 595 601 597 600 601 600 601 602 602 603 606 605 604 606 607 607 608 609 608 610 611 611 612 613 614 615 615 615 615 615 616 616 616 616 617 619 619 619 618 618 618 619 620 619 620 619 619 619 620 620 619 619 619
635 634 633 631 630 628 626 624 624 624 620 617 615 613 611 608 606 604 602 601 598 596 595 594 593 593 592 592 593 594 596 596 597 598 599 599 602 602 603 602 603 605 606 606 606 608 608 609 609 609 611 612 613 613 615 615 615 615 616 616 618 618 618 619 619 619 619 619 619 621 621 621 621 621 622 621 622 622 622 622 622 622 622 621 621
638 636 635 633 632 630 628 626 625 623 622 619 617 615 613 610 609 607 604 603 600 600 598 597 596 596 596 595 596 596 597 599 599 601 602 600 602 603 604 604 605 606 607 608 608 608 610 610 612 612 613 614 614 615 615 616 617 618 619 619 619 620 620 620 622 622 622 622 622 622 623 624 624 624 623 624 624 624 625 624 624 624 624 623 624
640 638 637 636 635 633 632 628 629 625 623 621 619 617 615 612 611 609 607 605 603 602 601 600 599 598 598 599 598 598 599 600 600 604 605 605 604 605 605 606 607 608 608 609 609 610 612 613 614 614 614 615 616 617 617 618 619 620 620 621 622 623 623 623 623 624 625 625 625 625 625 625 627 627 626 627 626 626 627 626 627 627 626 626 625
642 641 640 638 637 635 634 631 630 628 627 623 621 619 616 614 612 611 609 607 606 605 603 603 601 600 601 601 602 603 603 603 604 606 607 607 606 607 606 607 608 609 610 610 611 611 614 615 614 615 616 617 618 618 620 619 620 621 622 622 623 623 625 625 625 625 626 626 628 628 628 628 628 628 629 629 629 629 628 629 628 628 628 628 628
644 644 641 640 639 637 637 633 631 630 631 627 623 621 619 617 615 614 611 610 608 607 606 605 605 603 603 605 604 605 605 606 606 607 609 609 610 610 608 609 609 610 611 611 612 614 615 616 617 618 618 619 620 620 621 621 623 623 624 624 626 626 626 627 628 628 628 629 629 630 631 631 630 630 631 631 630 632 631 631 631 630 630 630 629
647 646 643 642 641 639 637 635 633 632 630 627 625 623 621 619 619 616 613 612 611 610 608 608 607 606 606 607 607 606 606 608 609 609 610 610 611 613 610 610 611 612 613 613 615 616 617 617 619 620 621 621 621 622 622 624 624 625 626 626 626 627 628 628 629 630 631 631 631 632 633 633 633 633 633 633 633 633 633 632 632 633 633 632 632
649 648 646 644 642 641 639 637 635 634 631 629 627 625 623 622 622 619 616 615 613 612 610 610 609 608 608 608 608 608 609 611 611 610 611 611 612 612 611 613 613 614 615 617 618 618 617 619 619 620 622 622 623 624 624 625 626 627 627 628 629 629 630 631 631 632 632 633 634 634 634 634 635 636 636 635 635 635 635 634 635 634 633 635 634
651 650 648 646 644 643 641 639 637 635 633 631 630 627 625 624 623 621 618 618 616 615 613 612 612 612 610 610 609 610 611 612 612 612 611 612 612 613 613 614 614 615 615 618 619 620 620 619 620 623 624 623 625 625 626 627 628 628 630 630 631 632 632 633 634 635 635 635 636 636 636 637 637 638 638 638 638 637 637 637 636 636 636 636 635
653 652 650 648 646 645 642 641 639 637 635 633 632 629 627 626 624 622 621 620 618 618 616 615 614 614 613 612 612 612 612 613 613 613 613 614 614 615 615 615 616 617 618 619 620 620 620 621 622 624 625 626 626 626 628 628 629 630 631 632 632 633 634 635 635 636 637 637 637 639 639 639 639 639 640 640 639 639 638 638 637 638 638 638 637
655 654 651 650 648 647 644 642 641 638 637 635 633 631 629 628 626 625 623 623 621 619 618 617 617 615 614 614 615 615 614 615 614 614 614 615 615 617 617 617 617 617 619 620 620 622 622 622 624 625 626 626 627 629 629 631 631 632 633 634 634 635 636 637 638 638 639 640 640 641 641 641 642 642 641 641 642 641 640 640 640 639 639 639 639
657 656 653 652 650 647 646 644 643 640 638 637 634 634 631 629 628 627 626 625 622 622 620 620 618 618 617 617 617 617 616 616 616 616 616 617 617 617 618 618 619 620 621 621 622 623 623 625 625 627 628 628 630 629 631 631 632 633 634 635 636 636 638 638 639 640 640 641 642 642 644 644 644 644 644 644 644 643 643 641 640 640 641 641 642
659 658 655 653 652 649 648 647 644 642 641 640 637 636 633 631 630 629 628 625 625 624 623 621 621 621 619 619 618 618 618 618 618 618 618 618 618 619 620 620 621 621 622 622 624 624 626 627 627 628 628 630 630 632 633 633 635 635 636 636 638 638 638 640 640 642 643 643 644 645 645 646 646 647 647 646 646 645 644 643 642 642 643 644 643
661 659 657 655 653 651 650 649 646 645 643 641 639 637 635 633 633 631 629 628 627 626 624 624 623 622 621 620 620 620 620 620 619 619 620 620 620 621 622 621 623 623 624 625 626 625 627 627 629 630 631 632 631 633 633 635 635 637 637 639 639 641 641 642 643 643 645 645 646 646 647 648 649 649 649 648 648 648 647 645 645 646 646 646 645
663 661 660 658 655 654 651 649 648 647 644 642 641 638 637 636 635 632 632 630 628 627 626 626 623 623 623 623 622 621 621 621 621 621 622 622 622 622 623 623 624 625 625 626 627 628 629 630 630 630 632 632 634 634 636 636 637 638 639 640 641 641 643 643 645 645 645 647 647 648 649 650 651 651 651 651 651 651 650 649 649 648 648 647 648
666 663 662 660 656 656 653 652 650 647 646 644 641 640 638 637 635 634 633 631 629 629 629 627 626 625 625 625 624 624 623 623 623 624 623 623 624 624 625 624 625 626 627 628 628 629 629 631 631 633 633 634 635 636 637 638 639 640 641 642 643 643 643 645 645 647 647 648 650 650 651 651 652 653 653 654 653 654 654 653 653 652 651 651 650
668 665 664 661 659 657 655 653 651 649 647 645 643 641 639 638 637 634 634 633 632 630 630 628 628 628 626 626 626 626 626 625 625 625 625 625 624 625 626 626 627 628 628 629 630 631 632 633 633 634 635 636 637 638 638 639 640 641 642 643 644 645 646 647 648 648 650 650 651 652 653 653 654 654 654 656 656 656 656 656 655 654 654 653 652
669 667 666 663 661 658 656 654 652 650 648 646 644 642 642 640 638 637 636 635 633 632 631 631 629 629 629 628 628 627 627 627 627 627 626 626 626 627 627 628 628 629 630 630 632 631 633 633 635 636 638 639 638 640 640 642 642 643 643 644 645 646 647 648 649 650 650 652 652 653 654 655 655 656 656 657 658 658 658 658 657 657 656 655 653
671 669 666 665 662 660 657 655 653 651 650 647 645 644 642 641 639 639 637 636 635 634 633 632 632 631 631 629 628 628 628 628 628 628 628 628 628 628 628 630 630 631 631 632 633 636 635 635 636 639 641 640 640 640 641 642 644 644 646 645 647 647 648 649 650 651 652 652 654 655 655 656 657 657 658 658 659 660 660 659 659 658 658 657 655
673 671 668 667 664 661 659 656 653 651 650 648 646 644 644 642 640 639 638 638 637 636 635 634 634 632 631 631 630 630 629 629 630 630 628 629 629 630 630 632 631 632 633 634 636 640 638 637 637 639 640 640 641 642 642 643 644 646 646 648 648 649 649 650 651 652 653 654 655 655 657 657 658 658 660 660 660 661 661 661 661 660 658 658 657
