data_and_outputs/predictor_data/000/bioclim_01.asc
NCOLS 1199 
NROWS 625 
XLLCORNER -17.966918 
YLLCORNER -10.0196949358429 
CELLSIZE 0.0416666688395203 
NODATA_value -9999 
[rows 152 to 189 of 625, columns 510 to 594 of 1199]
260 262 261 262 263 265 266 267 266 267 268 267 267 266 265 266 266 268 268 267 268 269 268 268 268 269 270 271 273 274 276 278 275 273 270 270 272 272 272 274 273 273 275 275 276 275 274 274 275 274 273 273 275 277 276 275 275 276 274 277 280 282 283 282 283 284 283 283 282 281 280 278 273 272 272 273 271 270 271 272 271 270 269 268 266
262 263 262 263 264 264 266 266 265 267 268 267 267 265 264 265 267 267 265 267 268 267 267 267 269 271 271 272 274 276 276 277 272 272 270 271 272 274 274 272 272 274 276 276 275 275 275 275 275 275 274 273 275 276 278 277 275 277 275 277 279 281 283 284 284 284 283 283 282 280 278 277 275 274 273 275 275 274 271 271 271 270 268 269 268
261 262 264 263 265 266 267 267 267 267 267 266 266 265 262 264 265 265 265 268 267 266 268 269 271 272 273 273 274 276 278 275 272 269 271 272 274 275 273 271 274 275 276 275 275 276 276 276 276 274 274 274 274 276 277 279 277 278 278 278 279 279 281 283 284 284 283 283 282 280 278 276 275 276 273 274 276 276 274 272 272 273 271 271 270
260 262 264 264 264 265 266 265 266 267 266 266 265 263 263 264 263 264 266 267 266 266 268 269 270 272 274 274 276 277 277 272 270 268 270 270 272 275 274 272 274 276 277 276 277 277 276 275 275 274 274 274 275 277 278 278 279 277 280 280 281 281 282 284 284 283 281 282 282 281 278 277 277 277 274 275 276 276 275 275 275 273 272 272 270
260 261 263 264 265 263 264 264 265 266 266 264 263 263 263 262 262 263 264 265 264 265 267 269 270 272 271 272 274 277 278 273 270 268 270 272 272 275 275 273 274 277 276 276 277 276 276 276 276 275 275 275 276 277 277 279 280 279 280 280 280 281 283 284 283 282 281 280 281 281 280 279 279 278 277 277 277 277 276 275 274 274 273 271 270
260 261 262 261 263 263 262 263 263 264 264 264 263 264 264 263 262 263 264 264 264 265 267 269 269 269 270 271 273 275 277 277 272 271 272 274 273 274 276 275 277 276 273 273 275 276 276 276 276 276 275 275 275 277 279 279 280 281 281 281 280 280 283 284 282 281 281 280 282 282 280 280 279 279 279 277 277 276 275 274 271 270 272 271 271
261 260 260 262 262 264 263 263 263 265 265 265 264 265 265 262 264 264 265 266 266 267 266 266 266 268 270 270 272 274 276 278 275 272 271 273 275 275 277 277 275 274 274 275 275 276 276 277 277 275 275 274 275 276 277 278 278 281 282 281 279 282 284 283 281 280 281 281 282 282 281 281 280 280 279 278 278 276 274 272 270 268 269 270 270
262 262 261 262 263 264 265 264 264 265 265 266 264 266 265 262 264 264 264 265 266 266 268 267 267 269 271 271 272 273 276 278 277 275 274 275 278 278 275 273 273 273 276 275 274 276 277 278 275 276 275 274 275 275 275 276 278 280 280 281 281 282 284 282 281 280 281 282 283 284 283 282 282 281 280 278 278 277 274 273 272 269 267 268 268
263 263 262 263 264 264 264 265 266 266 266 266 266 266 265 263 264 265 265 266 267 267 268 269 271 272 272 273 273 274 276 278 278 278 276 278 277 275 273 271 272 275 276 275 275 276 278 277 277 277 275 276 276 276 277 276 277 280 278 279 281 283 283 282 280 281 282 283 284 283 282 281 279 280 280 280 278 276 274 272 271 269 269 267 266
263 262 263 262 262 262 263 263 264 264 264 264 265 267 265 265 266 266 266 267 268 268 268 268 268 271 271 273 275 276 276 278 279 278 278 278 275 273 273 273 274 275 276 274 276 277 278 278 278 276 276 276 276 274 276 278 279 280 280 279 280 283 282 280 279 280 281 281 283 282 281 281 280 280 280 278 278 276 275 273 270 271 272 269 268
264 263 264 264 262 262 262 263 264 264 264 264 264 266 267 266 267 268 266 268 268 267 265 266 267 270 272 272 274 275 275 276 277 279 279 279 277 275 277 276 276 276 276 274 276 278 279 279 277 276 277 277 276 275 274 277 278 279 280 281 282 283 281 281 280 281 280 281 283 283 282 283 282 282 281 278 277 275 274 274 273 273 273 272 272
263 264 264 265 263 263 263 263 264 265 265 266 265 266 266 267 267 267 267 267 267 267 264 266 268 270 271 272 274 274 273 275 275 277 279 278 276 278 280 280 280 279 278 277 277 279 278 277 276 278 278 278 276 275 272 274 277 279 280 281 283 283 282 280 279 280 282 282 282 283 283 283 283 283 280 278 275 275 275 275 274 274 273 273 273
260 261 264 264 265 265 265 265 265 265 265 265 265 266 264 266 265 267 266 264 264 265 264 264 268 270 271 272 273 272 271 272 275 277 279 277 277 279 281 281 281 281 281 280 278 279 277 276 277 279 279 279 277 274 272 276 277 278 279 279 282 283 280 280 279 280 281 282 283 283 282 281 282 281 281 279 275 274 273 274 273 273 273 273 268
261 262 264 262 264 265 264 264 265 265 265 264 264 265 263 264 265 266 264 263 262 261 263 266 268 268 270 272 271 270 269 271 273 274 277 279 280 280 281 281 281 281 281 282 282 281 281 279 278 280 279 278 276 274 275 274 273 273 278 280 282 283 281 280 279 280 280 282 283 282 281 280 280 280 279 279 278 276 274 272 272 272 272 270 263
262 264 263 262 263 263 262 263 264 264 262 263 263 263 262 263 265 265 265 263 260 260 261 263 266 268 268 270 268 268 270 271 272 273 277 276 273 278 280 281 281 281 281 281 282 282 281 281 280 279 277 278 276 274 278 276 273 272 275 278 282 283 280 279 279 281 281 282 283 281 280 279 279 279 280 279 278 276 274 273 272 271 272 268 266
263 263 262 261 262 261 263 264 263 262 262 262 261 262 263 264 264 263 266 263 260 260 261 262 266 268 266 267 267 268 270 272 274 275 276 276 275 278 280 279 280 280 280 281 282 282 282 282 282 282 281 281 279 277 279 277 275 272 277 280 283 281 278 280 279 280 281 282 282 280 279 280 279 280 279 278 278 277 276 275 275 272 273 274 272
262 261 260 259 261 261 263 262 262 262 260 260 260 261 262 263 263 264 265 262 261 259 260 262 266 267 266 265 265 268 269 272 274 272 273 274 275 278 278 276 277 276 276 278 280 281 281 282 282 282 282 282 282 280 279 278 276 274 273 279 283 280 279 276 278 280 281 283 281 280 281 281 280 280 278 278 276 275 277 277 276 273 273 274 275
260 260 258 260 262 262 262 262 261 262 259 258 260 261 262 263 263 264 265 263 262 260 261 262 265 267 267 266 268 270 272 273 272 271 271 274 276 276 276 275 276 275 274 274 276 277 279 281 282 282 282 282 282 282 282 282 281 279 278 279 282 283 282 279 279 280 281 283 280 280 280 278 279 279 279 278 277 277 277 278 276 274 274 274 275
261 259 259 260 261 262 261 260 259 260 258 258 259 260 261 262 262 262 265 263 262 260 262 264 265 268 269 267 270 271 272 272 270 270 273 275 275 273 272 273 273 272 272 273 274 276 279 279 281 282 282 282 282 282 283 283 283 283 283 282 282 282 283 280 280 281 280 283 280 280 280 279 278 277 278 278 277 277 278 278 277 275 276 275 275
260 258 260 261 259 260 258 258 260 260 256 258 258 259 260 260 260 261 263 260 259 259 260 264 265 266 267 269 269 270 272 270 268 268 272 274 274 269 267 269 271 272 274 274 277 279 278 277 278 281 281 282 282 282 282 282 283 283 283 283 283 283 283 283 282 282 282 283 282 281 279 280 278 278 278 278 277 278 277 278 277 275 276 277 275
260 260 259 260 259 260 257 258 260 261 258 260 260 258 259 258 259 262 261 261 259 260 261 262 262 264 266 268 270 269 270 270 269 268 270 273 274 272 267 266 269 272 275 278 278 276 276 275 275 278 279 281 281 282 282 282 282 282 283 283 283 283 283 283 283 282 282 282 282 282 281 280 278 279 278 276 276 278 277 278 276 275 275 277 277
261 260 259 258 258 258 258 258 260 262 261 261 259 258 257 258 260 261 259 259 259 260 263 263 263 266 268 268 269 267 268 270 267 269 272 273 273 272 270 267 269 272 275 276 275 274 274 272 274 276 279 279 277 279 281 282 282 282 282 282 282 282 282 282 282 282 282 282 282 282 282 281 278 279 277 274 276 278 278 278 275 271 274 276 278
260 260 258 257 259 261 260 258 261 263 262 261 259 260 259 258 258 260 258 260 262 262 264 265 265 267 268 266 267 268 269 269 268 270 270 270 271 272 270 270 271 274 276 274 271 272 270 271 274 277 279 277 275 276 278 279 280 281 282 282 282 282 282 282 282 282 282 282 282 282 282 282 280 278 276 276 278 278 278 276 274 271 273 276 278
261 260 259 258 260 261 261 260 263 262 260 261 259 260 259 258 257 259 259 261 263 264 265 267 267 268 266 264 266 268 270 267 267 266 267 268 268 270 268 271 272 273 275 274 271 268 270 274 275 276 276 275 273 276 276 278 277 278 279 280 281 281 281 281 279 277 280 282 281 281 281 281 281 280 278 276 278 279 277 275 273 274 274 275 279
262 261 257 260 260 262 263 262 263 261 262 262 260 259 259 258 257 259 262 263 263 264 266 266 267 266 265 264 265 266 269 266 266 264 265 267 270 266 266 272 273 274 274 272 271 270 272 274 276 276 274 275 272 274 276 275 275 277 277 277 278 278 278 278 277 274 277 280 281 281 280 281 281 281 280 277 279 276 275 275 273 274 274 276 279
263 262 256 256 258 261 262 263 264 263 262 261 261 260 260 258 256 259 262 263 264 265 266 265 266 264 264 266 266 267 269 268 267 265 264 269 265 266 268 271 272 272 271 270 269 272 273 275 274 274 272 272 270 270 273 273 275 275 275 274 275 277 278 278 278 276 276 277 278 280 280 280 280 280 281 277 277 276 276 275 272 273 274 276 278
263 264 258 255 258 260 260 261 261 264 263 262 261 260 260 258 258 258 261 262 264 265 264 266 266 264 263 265 266 266 268 268 266 265 264 267 263 266 270 271 270 269 267 267 268 270 272 275 272 272 271 267 268 267 269 271 271 272 273 275 276 277 277 278 278 279 279 279 279 279 279 280 280 280 280 274 276 277 276 275 273 272 272 272 277
261 264 262 257 259 259 260 260 262 262 263 262 262 261 260 260 258 258 260 263 264 264 265 266 264 263 264 266 267 267 268 267 264 265 262 265 265 268 268 270 267 266 263 265 268 270 271 274 272 270 271 269 267 267 270 270 270 271 272 275 275 275 276 275 275 276 277 277 278 278 277 279 280 280 280 279 278 276 275 275 273 271 272 272 273
263 264 263 262 261 259 261 259 261 262 263 263 262 261 260 261 259 258 259 262 263 263 264 264 263 262 263 266 266 266 268 267 265 263 264 264 266 265 265 269 267 268 267 268 270 271 272 272 270 269 270 270 268 267 269 271 272 273 273 272 272 274 272 274 274 273 275 273 274 275 276 276 278 279 279 279 279 277 276 275 274 269 271 274 275
264 264 263 263 261 259 261 260 260 262 262 264 263 261 261 261 259 260 260 261 262 262 264 263 262 263 264 266 265 265 267 265 266 264 262 264 264 261 265 268 266 266 268 268 263 266 272 270 268 267 268 268 266 268 269 270 272 272 272 270 272 273 271 271 269 272 273 268 270 272 274 273 276 278 279 279 279 279 278 276 273 272 269 273 276
264 264 264 262 261 260 262 261 259 260 261 264 263 262 263 262 261 260 259 260 261 262 262 262 263 264 265 265 265 265 266 263 264 264 261 264 261 259 264 266 264 264 265 265 261 261 270 271 269 267 266 265 267 269 270 271 272 269 271 269 270 272 270 270 271 271 272 268 266 270 273 271 273 275 278 279 279 278 278 278 274 271 269 273 276
265 265 263 262 260 261 262 262 260 260 260 263 264 263 263 262 260 258 259 259 259 261 261 262 263 263 263 263 264 265 266 264 264 263 261 263 263 260 262 263 262 261 261 260 255 263 268 269 270 268 266 265 267 269 270 270 271 269 267 268 269 270 270 269 269 268 269 269 267 268 271 270 271 273 275 278 278 278 278 278 275 271 270 273 275
264 264 264 264 261 260 261 262 262 262 261 263 264 263 262 262 260 259 260 259 258 260 261 262 262 262 262 262 263 265 264 263 264 263 261 261 262 261 261 262 260 260 258 252 257 266 267 266 268 267 264 264 265 267 268 267 270 269 267 266 266 268 269 268 268 266 266 269 267 265 269 268 270 270 273 274 276 278 278 278 278 272 270 273 275
266 265 265 264 262 262 260 261 262 263 263 263 264 263 262 262 259 260 259 258 258 259 261 260 260 261 261 262 264 264 262 262 263 262 261 260 261 260 259 259 258 257 255 251 258 265 262 264 267 266 266 264 266 266 266 266 268 269 266 264 264 266 268 268 266 265 265 266 264 262 268 266 267 268 271 272 274 275 277 278 277 274 272 274 274
267 266 264 263 264 263 260 261 261 262 264 264 263 262 261 260 260 260 259 258 259 261 261 261 259 260 262 263 264 261 258 258 262 261 260 260 261 259 257 256 257 256 254 250 260 260 261 264 265 263 266 263 264 265 264 264 267 268 266 265 259 264 266 266 265 263 260 263 264 261 263 262 265 267 268 269 270 273 275 275 277 277 275 274 273
268 265 264 265 264 262 260 261 262 263 265 265 264 263 262 261 261 261 260 259 259 262 262 261 260 259 262 263 262 260 257 258 260 260 260 259 260 259 258 256 255 255 250 250 257 257 260 262 263 262 263 263 263 261 260 263 267 267 267 266 262 262 263 265 263 262 259 262 261 260 259 260 262 263 270 270 272 272 270 270 276 277 276 273 271
267 266 265 264 263 261 260 261 262 263 265 265 264 261 260 260 259 259 258 258 260 262 262 261 260 260 262 262 261 259 257 257 258 258 260 259 258 257 256 256 254 253 251 251 253 253 254 254 261 262 263 261 259 259 260 266 265 263 264 263 264 264 262 264 262 261 259 260 259 260 263 265 264 266 269 271 269 271 273 273 275 276 276 273 271
268 265 264 263 262 260 260 261 263 264 264 264 263 262 262 261 260 260 259 260 261 263 262 262 260 259 261 261 260 259 258 259 258 257 258 257 256 255 255 256 254 250 249 250 250 251 253 253 257 261 260 260 260 259 264 265 264 261 262 258 263 263 262 258 253 255 257 253 258 262 263 263 264 265 267 266 267 270 272 272 273 276 276 275 267
