data_and_outputs/predictor_data/000/bioclim_12.asc
NCOLS 1199 
NROWS 625 
XLLCORNER -17.966918 
YLLCORNER -10.0196949358429 
CELLSIZE 0.0416666688395203 
NODATA_value -9999 
[rows 216 to 251 of 625, columns 648 to 728 of 1199]
1635 1635 1638 1635 1636 1640 1638 1640 1639 1641 1641 1639 1673 1651 1643 1641 1647 1699 1687 1695 1675 1667 1656 1635 1628 1626 1621 1619 1623 1643 1637 1682 1636 1608 1613 1625 1604 1598 1592 1588 1589 1615 1594 1596 1606 1638 1696 1694 1707 1725 1721 1723 1723 1703 1639 1605 1613 1682 1707 1698 1659 1668 1697 1708 1711 1706 1704 1700 1691 1681 1668 1672 1683 1671 1662 1660 1662 1658 1659 1650 1645
1656 1658 1665 1663 1664 1669 1664 1667 1665 1665 1667 1664 1690 1672 1669 1668 1692 1756 1737 1724 1694 1705 1718 1706 1674 1662 1656 1647 1666 1668 1667 1723 1652 1627 1631 1632 1628 1627 1612 1608 1604 1619 1599 1608 1612 1645 1709 1724 1732 1740 1733 1729 1725 1725 1714 1697 1685 1709 1715 1717 1711 1713 1712 1712 1710 1707 1707 1703 1689 1686 1675 1683 1678 1679 1670 1664 1661 1661 1655 1648 1650
1682 1685 1690 1691 1691 1694 1693 1696 1694 1692 1695 1688 1701 1693 1694 1692 1712 1733 1717 1691 1694 1700 1721 1716 1704 1690 1684 1665 1670 1699 1700 1740 1704 1688 1695 1655 1651 1674 1626 1624 1623 1619 1623 1615 1642 1679 1722 1739 1743 1744 1742 1735 1730 1729 1726 1724 1726 1726 1725 1725 1724 1725 1721 1719 1717 1710 1713 1702 1702 1700 1686 1684 1701 1691 1689 1682 1671 1663 1659 1656 1654
1707 1712 1715 1718 1721 1720 1720 1723 1720 1722 1722 1721 1718 1717 1717 1714 1721 1725 1712 1713 1721 1736 1741 1746 1753 1755 1716 1703 1741 1713 1716 1732 1738 1751 1735 1691 1682 1685 1651 1650 1640 1666 1632 1642 1684 1724 1742 1742 1743 1746 1741 1743 1737 1735 1731 1731 1732 1729 1731 1730 1730 1729 1730 1725 1725 1721 1713 1710 1700 1706 1692 1698 1701 1695 1689 1687 1677 1670 1663 1660 1656
1740 1741 1745 1749 1750 1749 1750 1752 1747 1753 1751 1749 1747 1747 1752 1742 1749 1745 1734 1732 1745 1777 1779 1746 1779 1793 1752 1759 1788 1765 1750 1754 1767 1764 1779 1766 1754 1727 1696 1664 1660 1688 1643 1652 1709 1745 1750 1747 1748 1748 1747 1746 1743 1745 1734 1738 1738 1737 1737 1735 1736 1733 1733 1732 1734 1733 1728 1721 1711 1706 1701 1697 1703 1692 1690 1684 1676 1674 1671 1667 1662
1767 1767 1771 1774 1779 1780 1776 1779 1782 1785 1783 1781 1776 1774 1804 1774 1776 1770 1765 1776 1766 1778 1767 1749 1777 1777 1762 1772 1794 1793 1788 1788 1794 1792 1793 1792 1774 1731 1734 1696 1680 1698 1666 1671 1719 1749 1751 1754 1757 1755 1748 1750 1750 1748 1741 1743 1745 1742 1742 1742 1741 1740 1739 1740 1740 1739 1737 1726 1720 1710 1703 1698 1702 1697 1694 1687 1680 1675 1671 1670 1658
1792 1797 1800 1803 1805 1807 1810 1808 1806 1809 1826 1810 1804 1806 1836 1808 1865 1794 1791 1789 1785 1818 1834 1791 1801 1795 1789 1780 1813 1814 1803 1814 1816 1825 1812 1796 1807 1804 1732 1716 1704 1697 1708 1725 1689 1763 1752 1762 1760 1758 1751 1758 1758 1756 1749 1745 1749 1748 1745 1747 1748 1744 1743 1741 1744 1744 1740 1732 1725 1717 1708 1704 1710 1700 1687 1684 1678 1673 1669 1668 1664
1821 1825 1831 1829 1842 1839 1842 1843 1837 1838 1862 1867 1833 1850 1868 1847 1866 1821 1827 1826 1821 1853 1826 1847 1886 1885 1836 1808 1842 1842 1830 1832 1828 1823 1813 1811 1809 1818 1746 1763 1724 1716 1754 1750 1721 1750 1734 1752 1753 1756 1760 1762 1763 1763 1754 1750 1751 1750 1750 1751 1750 1748 1748 1747 1746 1746 1745 1739 1730 1723 1714 1710 1714 1699 1689 1687 1682 1680 1678 1672 1668
1851 1854 1857 1863 1868 1867 1888 1872 1868 1871 1882 1895 1866 1901 1873 1900 1888 1857 1882 1857 1896 1905 1898 1928 1928 1918 1877 1834 1858 1863 1844 1852 1843 1837 1831 1831 1833 1830 1773 1789 1748 1777 1792 1783 1764 1735 1736 1759 1764 1766 1766 1765 1762 1761 1757 1757 1758 1755 1757 1755 1752 1750 1751 1749 1748 1748 1747 1738 1728 1725 1712 1707 1710 1706 1700 1692 1685 1681 1676 1671 1674
1886 1886 1888 1894 1899 1898 1901 1903 1904 1901 1914 1918 1899 1911 1896 1933 1915 1894 1919 1893 1952 1955 1936 1962 1938 1929 1903 1851 1865 1872 1868 1862 1859 1852 1847 1842 1840 1842 1824 1827 1821 1821 1815 1806 1792 1749 1748 1778 1780 1776 1779 1775 1773 1769 1763 1762 1764 1762 1759 1760 1755 1751 1753 1751 1749 1750 1747 1741 1732 1725 1718 1710 1707 1699 1693 1689 1687 1684 1681 1678 1675
1917 1916 1922 1928 1930 1934 1947 1955 1938 1938 1942 1941 1935 1949 1920 1933 1935 1932 1955 1934 1955 1978 1983 1993 1954 1947 1925 1885 1885 1884 1893 1884 1875 1870 1868 1859 1854 1852 1855 1850 1841 1831 1826 1817 1805 1772 1781 1779 1788 1781 1781 1781 1780 1774 1770 1772 1769 1766 1763 1760 1756 1751 1752 1751 1747 1745 1744 1739 1736 1731 1721 1710 1702 1700 1701 1695 1688 1687 1685 1680 1679
1946 1949 1966 1959 1962 1983 2027 2003 1968 1973 1968 1968 1964 1969 1956 1972 1976 1984 1959 1958 1950 1977 2024 2013 1974 1969 1945 1935 1916 1902 1901 1900 1893 1887 1876 1872 1868 1866 1865 1859 1848 1840 1831 1825 1814 1795 1798 1786 1794 1786 1787 1787 1784 1778 1776 1775 1773 1771 1766 1759 1759 1755 1750 1745 1748 1744 1743 1738 1735 1731 1722 1712 1704 1700 1697 1701 1692 1692 1685 1684 1683
1985 1990 1991 1994 2001 2023 2051 2016 2002 2004 2003 1999 1998 1989 1986 1984 2000 2009 1996 1995 1981 1976 2011 2010 1994 1995 1986 1964 1940 1931 1922 1913 1923 1918 1893 1891 1882 1881 1872 1868 1853 1844 1838 1829 1822 1814 1799 1805 1800 1793 1790 1790 1785 1778 1779 1777 1774 1770 1761 1756 1757 1757 1751 1747 1744 1742 1736 1736 1733 1719 1710 1708 1705 1702 1696 1693 1696 1691 1688 1685 1685
2018 2021 2019 2024 2027 2048 2061 2050 2042 2038 2036 2031 2029 2026 2024 2014 2007 2014 2006 2006 2009 2016 2016 2026 2013 2006 2005 1990 1949 1956 1949 1934 1953 1945 1921 1911 1905 1897 1887 1869 1862 1848 1839 1832 1828 1821 1816 1811 1804 1797 1793 1780 1766 1753 1766 1777 1756 1740 1755 1761 1755 1749 1747 1742 1740 1735 1733 1727 1721 1719 1709 1703 1703 1699 1695 1697 1696 1694 1687 1686 1684
2048 2053 2053 2058 2063 2070 2079 2094 2080 2070 2067 2066 2060 2057 2054 2050 2037 2036 2031 2031 2020 2025 2048 2045 2030 2021 2026 2020 1977 1997 1978 1968 1976 1962 1942 1919 1917 1906 1895 1878 1864 1863 1849 1838 1836 1828 1819 1813 1809 1803 1773 1764 1755 1754 1755 1746 1742 1726 1725 1759 1761 1752 1747 1744 1742 1729 1727 1723 1714 1709 1705 1703 1697 1695 1693 1697 1698 1694 1691 1689 1684
2082 2086 2090 2094 2097 2101 2098 2115 2103 2098 2099 2097 2094 2089 2083 2078 2071 2064 2061 2059 2049 2041 2044 2056 2052 2037 2039 2046 2035 2041 2003 2001 1993 1976 1952 1934 1928 1915 1887 1874 1865 1860 1860 1848 1836 1836 1828 1822 1813 1808 1774 1773 1763 1752 1747 1743 1734 1733 1721 1745 1752 1753 1745 1742 1735 1726 1720 1718 1711 1706 1703 1705 1695 1694 1693 1691 1691 1693 1686 1681 1678
2115 2122 2124 2131 2134 2137 2133 2124 2133 2125 2123 2126 2123 2120 2115 2109 2103 2096 2088 2081 2078 2066 2058 2056 2062 2053 2058 2075 2074 2058 2041 2025 2006 1988 1971 1948 1939 1911 1913 1897 1873 1867 1854 1847 1844 1832 1816 1813 1808 1801 1778 1783 1766 1755 1749 1743 1736 1732 1726 1751 1729 1741 1749 1743 1740 1733 1717 1714 1705 1704 1701 1700 1695 1695 1695 1689 1686 1682 1678 1676 1675
2154 2160 2161 2168 2169 2175 2172 2161 2145 2144 2147 2146 2147 2143 2143 2135 2132 2122 2114 2107 2097 2090 2081 2068 2080 2065 2064 2066 2079 2079 2061 2022 1998 1995 1981 1964 1948 1906 1920 1908 1892 1878 1848 1853 1855 1832 1820 1809 1803 1792 1783 1772 1778 1758 1753 1744 1738 1731 1724 1735 1719 1721 1740 1732 1731 1723 1714 1707 1700 1702 1699 1696 1692 1689 1688 1685 1685 1679 1675 1672 1670
2189 2195 2200 2206 2209 2210 2212 2210 2177 2162 2164 2167 2164 2162 2171 2155 2146 2143 2133 2128 2118 2110 2099 2089 2081 2069 2078 2083 2110 2099 2078 2021 1996 1986 1984 1961 1946 1906 1912 1899 1898 1889 1855 1862 1861 1837 1824 1817 1804 1796 1784 1777 1768 1760 1753 1747 1738 1729 1727 1719 1715 1717 1726 1726 1717 1712 1708 1708 1704 1693 1693 1688 1686 1687 1689 1691 1686 1678 1674 1669 1668
2223 2232 2239 2245 2248 2250 2251 2241 2242 2202 2199 2213 2180 2186 2180 2170 2173 2163 2154 2149 2139 2127 2123 2119 2097 2086 2080 2067 2064 2081 2065 2060 2010 1992 1975 1969 1953 1929 1903 1877 1893 1898 1866 1859 1865 1846 1842 1827 1809 1798 1791 1781 1772 1762 1754 1747 1741 1731 1724 1719 1715 1712 1717 1714 1705 1699 1687 1686 1691 1687 1689 1688 1687 1687 1685 1683 1683 1682 1671 1667 1664
2264 2272 2278 2284 2289 2290 2291 2289 2286 2269 2275 2267 2194 2201 2189 2192 2182 2179 2170 2164 2189 2149 2154 2169 2116 2104 2090 2081 2070 2080 2074 2074 2040 1994 1985 1995 1958 1937 1904 1877 1880 1862 1860 1854 1871 1863 1845 1826 1813 1802 1793 1783 1775 1765 1756 1748 1742 1733 1726 1720 1718 1724 1713 1701 1700 1690 1689 1691 1688 1690 1688 1684 1684 1685 1683 1676 1675 1673 1664 1665 1661
2302 2312 2320 2327 2328 2332 2332 2331 2321 2322 2318 2308 2220 2240 2221 2203 2203 2211 2209 2224 2236 2230 2238 2175 2131 2119 2107 2094 2086 2116 2115 2082 2030 2006 1986 1968 1958 1931 1895 1906 1897 1910 1893 1857 1857 1866 1849 1832 1820 1809 1798 1786 1775 1766 1757 1747 1740 1733 1726 1722 1720 1719 1711 1693 1688 1688 1698 1695 1688 1685 1682 1682 1681 1677 1674 1671 1667 1667 1661 1657 1655
2342 2350 2359 2367 2370 2374 2374 2373 2366 2359 2356 2346 2306 2277 2228 2213 2221 2230 2235 2237 2235 2245 2253 2168 2155 2135 2120 2105 2101 2158 2056 2045 2050 2044 2020 1996 1967 1927 1916 1929 1929 1918 1907 1891 1879 1872 1860 1847 1826 1811 1800 1789 1776 1766 1758 1748 1738 1730 1723 1717 1713 1717 1702 1690 1696 1695 1693 1687 1682 1682 1681 1678 1676 1671 1672 1666 1661 1659 1657 1653 1648
2382 2391 2400 2409 2415 2416 2416 2415 2408 2404 2396 2369 2287 2233 2227 2227 2222 2215 2241 2249 2237 2260 2276 2169 2166 2155 2144 2121 2114 2163 2049 2058 2075 2035 2022 2004 1990 1957 1933 1934 1934 1924 1909 1900 1887 1875 1858 1842 1827 1814 1805 1789 1778 1768 1757 1747 1739 1732 1722 1715 1708 1702 1695 1702 1700 1694 1689 1683 1678 1677 1674 1671 1669 1668 1661 1655 1656 1653 1651 1648 1645
2421 2433 2442 2450 2456 2460 2461 2456 2453 2443 2435 2413 2332 2281 2232 2236 2229 2236 2214 2245 2232 2258 2205 2174 2172 2167 2152 2138 2126 2172 2107 2100 2072 2041 2023 2008 1993 1978 1957 1947 1932 1926 1918 1900 1886 1870 1857 1847 1829 1818 1803 1790 1778 1764 1756 1745 1737 1731 1721 1712 1710 1713 1701 1693 1690 1688 1681 1676 1674 1671 1670 1664 1661 1656 1653 1650 1648 1647 1645 1643 1641
2459 2474 2485 2495 2502 2505 2507 2501 2495 2486 2470 2456 2324 2346 2239 2282 2284 2240 2229 2244 2245 2252 2216 2187 2170 2160 2147 2141 2188 2143 2132 2070 2054 2037 2025 2011 1995 1982 1972 1949 1904 1906 1921 1903 1885 1872 1857 1844 1829 1818 1807 1794 1776 1764 1755 1747 1738 1738 1721 1713 1718 1704 1700 1690 1688 1684 1678 1671 1669 1666 1662 1658 1653 1650 1647 1646 1641 1641 1640 1639 1638
2498 2513 2529 2538 2546 2551 2550 2547 2541 2528 2516 2440 2406 2431 2285 2346 2333 2292 2246 2235 2251 2205 2231 2185 2175 2159 2159 2235 2086 2078 2132 2069 2050 2037 2024 2011 1998 1984 1974 1942 1902 1907 1924 1910 1897 1885 1861 1849 1833 1816 1806 1789 1776 1764 1755 1744 1735 1729 1715 1708 1706 1703 1692 1684 1685 1676 1672 1668 1665 1658 1653 1651 1646 1643 1641 1640 1637 1635 1634 1626 1623
2538 2555 2567 2583 2591 2599 2598 2592 2581 2561 2516 2501 2515 2475 2370 2414 2340 2292 2229 2211 2204 2191 2191 2180 2187 2179 2212 2105 2108 2087 2112 2061 2047 2034 2023 2012 2000 1990 1977 1960 1930 1937 1929 1916 1902 1889 1869 1848 1832 1816 1803 1790 1776 1762 1750 1742 1732 1722 1714 1705 1706 1697 1686 1679 1713 1676 1663 1659 1657 1654 1649 1642 1640 1638 1635 1633 1629 1630 1622 1614 1607
2576 2598 2613 2629 2639 2644 2645 2638 2626 2538 2514 2565 2541 2480 2445 2475 2401 2365 2300 2226 2205 2187 2171 2168 2181 2187 2145 2097 2132 2118 2081 2054 2042 2032 2020 2010 1998 1990 1978 1964 1955 1941 1931 1918 1905 1886 1872 1856 1836 1817 1803 1789 1776 1761 1750 1740 1728 1717 1711 1702 1696 1689 1680 1673 1685 1663 1658 1655 1651 1647 1644 1635 1632 1629 1628 1624 1622 1622 1613 1603 1600
2614 2635 2655 2673 2685 2694 2692 2683 2668 2644 2581 2540 2563 2560 2519 2490 2365 2235 2267 2234 2198 2170 2179 2186 2187 2132 2128 2115 2113 2073 2056 2041 2037 2028 2017 2010 2000 1990 1980 1968 1956 1944 1934 1923 1908 1894 1880 1859 1841 1824 1802 1788 1773 1759 1746 1736 1724 1713 1704 1697 1688 1681 1675 1666 1660 1656 1651 1651 1647 1643 1638 1630 1628 1624 1622 1623 1620 1619 1616 1613 1606
2649 2671 2693 2712 2736 2744 2739 2724 2709 2690 2667 2645 2610 2551 2536 2527 2447 2254 2246 2246 2185 2155 2170 2152 2129 2116 2128 2109 2068 2049 2043 2031 2019 2017 2012 2006 1998 1987 1975 1966 1953 1949 1938 1925 1910 1895 1877 1861 1841 1816 1800 1786 1770 1755 1743 1731 1722 1710 1699 1691 1683 1677 1669 1661 1655 1648 1648 1647 1641 1636 1634 1626 1623 1623 1619 1617 1615 1612 1610 1611 1612
2678 2703 2727 2751 2776 2791 2777 2767 2730 2721 2699 2676 2651 2607 2557 2571 2553 2382 2367 2459 2364 2243 2145 2121 2110 2103 2102 2063 2039 2040 2035 2021 2003 2001 2000 2001 1994 1987 1950 1922 1926 1954 1941 1928 1913 1894 1875 1857 1838 1813 1796 1783 1766 1752 1740 1727 1717 1705 1695 1686 1677 1669 1661 1655 1648 1645 1641 1639 1635 1632 1628 1620 1619 1613 1611 1608 1606 1605 1606 1604 1604
2707 2730 2755 2777 2804 2815 2813 2796 2768 2749 2726 2701 2680 2646 2586 2560 2551 2541 2532 2501 2455 2398 2181 2080 2105 2100 2080 2038 2009 2017 2015 2022 2005 2005 2003 1995 1990 1981 1969 1938 1924 1954 1945 1929 1912 1890 1864 1857 1833 1811 1794 1777 1763 1753 1739 1726 1711 1701 1692 1683 1676 1665 1656 1645 1644 1639 1632 1629 1626 1621 1618 1616 1613 1610 1604 1601 1598 1597 1598 1597 1597
2729 2754 2776 2796 2812 2815 2824 2811 2793 2771 2745 2721 2704 2683 2650 2632 2607 2581 2562 2533 2507 2367 2078 2112 2105 2099 2071 2027 1984 1980 1996 2008 2010 2005 1998 1991 1990 1988 1976 1965 1965 1953 1945 1928 1909 1889 1869 1845 1828 1808 1791 1773 1759 1748 1735 1714 1703 1703 1688 1678 1672 1660 1655 1645 1641 1636 1630 1622 1619 1616 1611 1607 1605 1603 1598 1596 1594 1593 1590 1587 1581
2749 2771 2793 2809 2812 2813 2827 2820 2799 2785 2698 2699 2726 2705 2683 2657 2631 2595 2580 2553 2522 2337 2044 2108 2102 2080 2052 2007 1960 1958 1972 1990 2001 2008 2004 1990 1994 1990 1984 1979 1970 1960 1943 1926 1910 1895 1871 1845 1824 1804 1786 1769 1755 1742 1724 1712 1700 1694 1682 1669 1662 1654 1648 1640 1636 1630 1626 1623 1614 1613 1607 1603 1598 1595 1595 1592 1591 1591 1589 1577 1571
2764 2784 2798 2802 2812 2785 2794 2805 2760 2749 2647 2659 2746 2724 2706 2679 2658 2631 2594 2563 2492 2177 2029 2067 2053 2030 1998 1960 1933 1925 1937 1954 1943 1927 1982 1998 1996 1986 1981 1972 1967 1954 1940 1925 1907 1892 1871 1842 1819 1801 1782 1767 1749 1734 1721 1708 1696 1685 1667 1663 1654 1642 1637 1639 1634 1633 1627 1617 1609 1608 1603 1599 1594 1594 1597 1589 1585 1585 1582 1575 1567
