data_and_outputs/predictor_data/000/bioclim_16.asc
NCOLS 1199 
NROWS 625 
XLLCORNER -17.966918 
YLLCORNER -10.0196949358429 
CELLSIZE 0.0416666688395203 
NODATA_value -9999 
[rows 76 to 113 of 625, columns 595 to 679 of 1199]
489 490 491 492 493 494 495 495 496 497 495 497 499 502 506 506 506 507 507 506 506 505 504 505 505 505 505 505 505 504 503 499 495 490 481 473 464 455 446 439 433 427 421 416 412 408 402 398 389 380 368 359 353 347 341 337 333 328 324 322 326 332 341 350 359 366 374 380 383 387 389 392 393 395 395 395 395 394 393 392 389 388 385 383 378
497 499 499 500 501 503 504 504 505 504 504 506 508 511 513 514 514 515 515 513 514 512 512 511 512 512 511 511 510 509 507 503 499 493 486 478 470 462 454 447 440 433 428 422 417 412 406 398 392 382 373 364 358 352 347 343 339 336 332 333 336 341 348 357 364 372 378 383 388 393 395 398 400 401 402 403 402 402 402 399 399 396 394 390 388
506 507 509 509 510 512 514 513 513 513 513 514 515 518 519 520 521 521 522 521 521 520 520 518 517 518 517 516 515 514 511 507 503 497 492 483 476 469 461 454 447 440 434 428 422 416 410 403 395 387 378 370 364 359 354 350 347 345 343 343 347 352 357 364 371 378 384 389 394 399 402 405 407 410 411 411 411 411 410 408 408 405 402 399 396
516 517 517 519 519 520 522 522 522 521 521 521 523 523 526 526 526 527 527 528 527 527 526 525 524 523 523 521 520 518 515 511 507 501 496 490 481 474 467 460 452 445 439 434 427 420 414 407 400 392 385 379 372 368 363 360 356 355 355 356 357 361 367 372 378 385 390 396 400 405 410 412 416 417 419 419 419 419 419 418 416 414 411 409 406
525 525 527 527 528 529 530 530 529 529 529 530 531 532 533 534 534 533 534 534 534 533 532 531 531 529 527 526 524 522 519 516 510 505 500 494 487 479 473 465 459 452 445 439 432 427 420 413 406 400 392 386 381 377 372 369 366 365 365 366 368 372 376 381 387 393 398 403 409 413 416 420 423 426 428 428 430 430 428 428 425 424 421 418 415
534 535 535 534 536 536 536 538 537 537 536 538 539 541 540 541 540 540 540 540 540 539 538 537 536 535 532 530 528 527 524 520 515 509 505 499 491 485 478 471 464 458 451 446 439 433 426 420 413 407 401 395 390 386 382 379 377 375 375 376 378 382 386 390 395 400 405 411 416 420 425 428 431 434 437 439 439 439 439 437 435 433 430 428 425
542 543 543 542 543 543 543 544 545 545 544 546 546 548 548 548 548 547 546 545 546 545 543 543 541 539 537 536 533 530 528 524 519 515 509 503 497 490 483 477 470 464 458 451 445 439 433 426 421 414 409 404 400 396 392 389 388 386 386 387 390 392 396 399 404 410 414 419 424 428 433 436 440 443 445 448 449 449 449 448 444 443 439 436 435
552 551 550 550 550 550 550 551 552 551 552 553 554 555 555 554 554 553 553 552 551 550 549 548 546 545 543 540 537 534 531 528 524 519 513 508 502 495 489 482 476 470 463 458 452 445 440 434 429 422 418 413 409 405 402 399 398 397 396 397 400 402 406 409 414 418 423 428 432 437 441 445 449 453 456 458 460 460 460 458 455 452 449 446 442
561 560 559 558 559 558 558 559 558 559 559 559 561 560 562 562 560 560 559 558 556 556 555 553 552 550 547 546 543 539 535 531 527 522 517 512 507 499 493 488 483 476 470 464 458 453 446 441 436 431 426 421 417 414 411 409 408 407 408 409 410 412 415 418 422 427 432 436 440 445 450 454 458 462 465 469 471 471 470 468 465 462 458 456 452
570 568 567 566 565 565 566 565 566 566 565 567 567 568 566 565 565 565 564 563 562 560 560 559 557 555 553 550 546 544 540 537 532 527 521 517 511 506 500 495 488 482 476 471 465 459 454 449 444 439 434 431 427 424 421 419 418 418 418 419 420 423 425 429 432 436 441 444 449 454 458 462 467 471 474 479 481 482 480 478 474 472 468 465 460
578 577 576 575 574 572 572 573 572 572 571 572 573 573 572 571 569 571 569 569 568 567 564 563 562 560 557 555 552 548 545 540 538 532 527 522 516 511 506 500 495 489 483 476 472 466 462 456 452 447 444 439 436 433 430 429 428 428 427 428 430 433 435 438 441 445 448 453 458 462 466 471 475 479 484 488 492 495 490 487 484 480 476 474 470
586 585 583 581 580 579 578 579 578 577 577 578 578 577 576 576 575 574 574 573 572 572 571 569 566 565 563 559 556 553 550 546 542 537 532 526 521 517 512 506 501 494 488 484 479 473 469 464 460 455 452 449 445 442 441 439 438 438 439 439 441 442 444 448 450 454 457 462 466 470 474 479 483 487 492 496 499 500 498 495 492 488 485 482 478
592 591 591 590 588 587 586 585 584 583 584 583 583 582 582 581 580 579 578 577 577 576 575 573 571 570 567 563 562 558 556 552 547 543 537 532 527 522 517 511 507 500 496 491 486 481 476 471 468 464 460 457 454 453 450 448 448 448 449 449 451 452 453 457 460 464 467 471 475 478 482 486 490 494 499 502 504 505 505 501 499 495 493 489 486
598 596 597 596 595 595 593 592 591 591 590 589 589 588 589 588 586 586 585 583 581 580 579 578 576 574 573 569 566 564 560 555 552 548 543 538 534 529 523 517 511 506 503 498 494 489 484 479 476 472 469 466 463 462 460 459 457 457 458 459 460 461 463 466 468 472 474 478 482 486 490 493 497 501 504 507 509 509 509 507 506 502 500 496 494
607 604 602 602 601 601 601 600 598 597 596 595 596 595 594 594 592 591 591 589 588 586 584 583 579 578 577 574 572 568 564 560 557 553 547 542 538 533 528 523 517 514 510 505 501 495 491 488 485 480 477 474 473 470 468 468 467 467 467 468 469 471 473 475 477 480 483 486 489 493 497 500 504 507 510 512 513 515 515 513 511 509 507 504 501
615 611 609 608 607 607 606 606 606 605 602 601 601 601 600 599 598 597 596 594 593 591 589 587 586 583 581 579 575 572 569 566 562 558 553 549 544 539 534 529 524 521 516 512 507 502 499 496 492 489 486 483 482 479 478 477 476 477 477 477 478 480 481 483 486 488 491 495 497 500 503 507 510 513 516 518 519 519 519 518 517 516 513 511 508
621 618 617 615 612 613 612 611 612 611 610 608 607 607 606 604 603 603 601 600 598 597 596 594 590 589 586 583 579 576 573 569 565 562 559 555 550 544 539 535 531 526 523 518 513 510 506 504 501 497 494 492 490 488 487 486 485 486 485 486 487 488 490 492 494 497 499 502 505 508 510 514 516 520 521 523 523 526 525 525 523 521 520 518 515
627 625 623 622 621 618 617 617 618 617 616 614 613 612 613 611 610 608 607 606 603 602 600 599 596 593 591 588 584 581 578 574 570 567 563 559 556 551 546 542 537 533 528 524 520 517 515 512 509 506 503 501 498 497 496 495 495 493 494 495 496 497 498 500 503 504 507 510 512 515 517 520 523 524 527 528 530 530 529 530 529 528 526 525 521
633 631 629 629 627 625 623 623 622 622 621 620 619 619 618 618 615 613 612 612 610 609 607 603 601 600 597 594 590 587 584 580 576 572 568 565 561 557 554 548 543 538 534 531 528 525 522 519 516 514 511 508 508 506 505 504 503 503 503 504 504 505 506 509 511 512 514 517 519 521 524 526 530 531 533 533 535 536 536 535 534 533 532 530 528
639 638 635 634 633 631 629 628 628 628 627 626 624 624 624 622 621 620 618 616 615 613 612 610 606 604 602 598 596 592 589 586 582 578 574 570 567 563 560 555 549 544 542 539 536 533 529 526 524 521 518 517 515 514 513 512 511 512 512 513 513 514 516 517 518 519 522 524 526 528 530 533 534 537 538 540 540 540 542 541 541 539 538 536 535
646 643 642 640 639 637 635 633 632 633 635 633 631 630 628 627 626 624 623 621 620 618 617 615 613 609 607 604 601 597 594 591 588 584 580 576 573 570 566 564 558 553 549 546 545 542 538 535 531 529 526 525 524 523 522 521 520 520 520 520 521 522 523 524 525 527 529 531 533 535 537 539 540 542 544 545 546 546 546 546 546 545 544 543 541
652 649 648 647 648 642 641 640 638 638 639 639 637 635 634 632 630 629 627 626 624 624 622 619 617 615 611 609 605 602 598 596 593 590 587 582 578 576 572 570 567 562 559 555 552 548 545 542 539 536 535 533 533 531 530 529 528 527 528 528 529 530 531 532 533 534 536 539 540 541 544 546 547 548 549 551 551 552 552 552 551 551 550 549 548
657 656 655 655 652 648 648 645 644 642 643 645 642 640 639 637 635 634 632 631 630 630 626 623 622 620 615 613 609 607 602 601 597 594 591 588 584 580 578 577 573 569 566 563 558 555 552 549 546 545 543 541 540 539 538 536 536 537 537 536 536 537 538 539 540 541 544 545 547 548 549 552 553 554 555 556 558 558 558 557 558 557 556 555 553
660 660 660 659 656 654 653 652 651 650 648 647 647 647 645 642 641 639 637 635 635 633 631 628 626 623 621 618 614 611 609 605 603 599 596 593 589 587 583 581 578 575 572 569 566 562 559 556 553 552 552 549 548 547 545 545 545 545 544 544 544 545 546 547 548 549 551 552 553 554 555 557 559 560 561 562 562 563 563 564 563 561 561 560 559
665 665 665 664 662 661 661 658 658 656 653 652 651 650 649 649 647 644 642 642 640 638 635 633 629 628 626 622 619 616 613 610 607 605 601 598 595 593 590 586 583 580 579 575 572 568 565 564 561 561 558 557 556 553 553 553 553 552 552 551 552 553 553 554 555 556 557 558 559 560 562 564 564 566 567 568 568 568 568 568 569 568 567 566 565
671 669 669 669 668 668 666 665 664 662 659 657 656 654 654 652 652 651 647 647 645 643 639 636 634 632 630 628 623 621 618 614 611 609 605 603 601 597 595 592 588 586 583 581 578 576 573 571 568 567 567 565 563 561 561 560 560 560 558 559 560 560 561 562 563 564 564 565 566 567 569 570 571 571 573 574 574 575 575 574 574 573 573 572 571
677 673 673 673 673 673 673 672 670 667 664 663 661 660 658 657 656 655 654 652 650 648 645 641 638 637 634 631 628 625 621 619 617 615 612 609 606 604 601 598 595 592 589 586 584 581 580 577 576 574 573 572 571 569 568 568 568 566 567 568 569 569 569 568 569 570 571 571 573 574 575 576 576 576 577 579 579 580 580 580 580 579 578 578 577
680 679 677 677 677 677 675 674 674 672 669 668 668 665 663 663 661 661 659 657 654 651 649 646 642 640 638 636 632 629 628 625 623 620 618 613 611 610 607 604 602 599 595 592 591 588 587 586 583 582 581 579 577 576 576 577 575 574 573 574 576 576 575 575 575 576 577 578 579 580 581 582 582 582 583 584 585 586 586 586 586 584 584 584 581
686 685 683 683 681 680 680 679 679 678 676 673 673 673 669 668 667 665 663 662 657 655 653 649 647 645 643 640 638 636 634 630 628 626 623 619 617 616 613 610 609 606 602 600 598 596 594 593 591 589 588 588 585 583 582 583 582 581 582 581 582 583 581 581 581 582 583 584 584 585 587 588 588 588 589 590 589 590 591 592 591 591 589 587 587
692 691 688 687 687 684 684 684 683 683 682 680 679 678 675 674 672 670 666 664 662 658 656 654 651 648 646 644 642 640 639 636 634 631 629 626 622 622 619 616 614 612 609 607 605 603 601 601 598 597 595 594 592 590 591 590 589 589 589 588 588 588 587 587 588 589 589 589 590 591 592 593 594 594 594 595 595 595 596 596 597 595 594 593 592
697 696 693 692 692 691 688 687 686 686 686 686 685 683 681 679 675 673 671 668 665 663 661 658 656 653 651 649 648 646 644 642 639 636 634 632 628 626 625 623 622 618 616 613 612 611 608 608 605 603 602 601 599 599 597 597 596 597 595 595 594 594 592 593 594 595 595 595 596 597 598 599 598 599 599 600 600 601 601 601 601 601 599 598 597
701 698 699 698 696 694 692 692 691 690 690 690 688 687 685 681 679 676 674 672 671 667 665 664 662 659 657 655 653 652 649 646 644 642 640 638 634 632 630 629 628 626 623 620 618 618 616 614 612 611 609 608 605 606 605 603 603 602 601 601 599 600 600 601 601 602 601 600 601 602 603 604 603 603 604 604 604 605 606 605 605 605 604 602 601
705 703 701 702 702 699 698 698 696 695 695 694 694 691 689 687 685 683 679 677 675 673 672 669 667 665 664 661 659 657 654 652 650 648 646 643 641 638 636 635 634 633 631 628 625 623 625 621 620 618 617 614 612 611 611 611 609 608 608 606 607 607 607 607 606 607 606 607 608 609 607 608 608 608 608 609 608 609 609 609 608 609 608 607 606
707 704 703 705 704 705 703 702 702 701 699 699 699 696 695 692 692 687 684 683 681 678 677 675 673 671 669 665 663 661 659 659 657 654 651 649 647 643 642 641 640 639 638 635 633 631 630 629 628 625 622 621 619 619 618 616 615 613 614 612 612 613 613 613 612 612 612 611 613 613 612 613 613 613 613 614 615 617 615 614 614 613 612 612 610
708 707 707 707 708 708 708 707 707 705 704 702 702 701 700 698 697 693 691 689 687 684 681 680 678 675 673 671 669 667 665 665 663 660 657 655 652 649 648 648 646 645 645 643 640 638 637 636 634 631 630 628 625 625 624 622 621 620 619 620 619 620 618 618 617 617 618 616 617 618 617 618 618 617 617 617 618 619 619 619 618 618 615 615 614
711 709 709 710 712 711 711 710 710 708 707 705 705 703 703 703 701 698 696 695 692 689 688 685 683 681 679 678 675 673 671 668 666 664 662 660 657 654 653 651 651 651 649 649 647 647 644 643 640 638 636 633 632 631 629 627 627 626 627 625 625 625 623 624 622 623 623 623 623 623 623 622 622 621 621 622 622 622 622 622 621 621 620 619 619
713 713 713 715 714 714 714 714 713 711 711 709 707 707 706 707 705 703 700 698 694 693 691 689 686 685 683 682 680 678 675 673 671 668 666 664 662 660 659 657 655 654 655 654 652 651 650 649 647 645 641 640 638 637 635 634 634 633 632 631 630 630 630 629 628 629 629 628 628 629 628 626 626 627 626 626 626 626 626 626 626 625 624 622 621
716 715 717 718 717 717 719 719 718 715 714 712 710 710 711 711 711 708 704 701 698 696 694 690 689 688 686 686 684 681 679 676 674 672 670 669 668 666 665 665 664 660 658 659 658 656 655 654 653 651 649 647 645 642 641 640 640 639 637 637 637 637 636 634 634 634 634 633 633 638 634 632 631 631 631 631 629 629 631 630 630 628 626 625 625
