data_and_outputs/predictor_data/000/bioclim_17.asc
NCOLS 1199 
NROWS 625 
XLLCORNER -17.966918 
YLLCORNER -10.0196949358429 
CELLSIZE 0.0416666688395203 
NODATA_value -9999 
[rows 228 to 265 of 625, columns 1020 to 1104 of 1199]
28 27 26 26 26 26 25 25 25 25 25 25 25 24 24 24 24 24 23 23 23 23 23 22 23 22 22 22 22 21 21 20 20 21 21 20 20 19 19 19 19 19 19 19 18 18 18 17 16 15 15 15 15 15 15 15 15 15 15 15 15 15 15 15 14 14 14 14 15 15 13 13 13 13 13 13 13 13 13 12 11 11 11 11 11
28 28 28 27 27 26 26 26 26 26 26 26 26 26 25 25 25 24 24 24 23 23 23 23 23 23 23 23 22 22 22 22 22 22 21 21 21 19 19 19 19 19 19 19 18 18 18 18 18 18 17 15 16 15 17 15 15 15 15 15 15 15 15 15 15 15 15 15 15 15 15 15 14 13 13 13 13 13 13 13 11 11 11 11 11
30 29 29 28 28 28 28 28 27 27 26 26 27 27 27 26 25 25 25 25 24 23 23 23 23 23 23 23 23 22 23 23 23 22 22 22 22 21 21 19 20 20 19 19 19 18 18 18 18 18 18 18 18 18 18 17 15 15 15 15 16 15 15 15 15 15 15 15 15 15 15 15 15 14 13 13 13 13 13 13 13 11 12 11 11
30 30 30 29 29 30 30 30 29 28 28 27 27 27 27 27 27 27 25 25 25 25 25 25 25 23 23 23 23 23 23 23 23 23 22 22 22 22 22 22 22 20 20 19 19 19 19 19 18 18 18 18 18 18 18 18 17 15 18 18 18 15 15 15 15 16 15 15 15 15 15 15 15 15 15 15 15 15 13 13 13 12 13 13 13
32 32 31 30 30 32 30 30 30 29 29 29 28 28 28 27 27 27 27 27 26 26 26 26 25 25 25 25 24 24 24 24 24 23 23 22 22 22 22 22 22 22 22 22 20 21 20 19 19 18 19 18 18 18 18 18 18 18 18 18 18 18 17 16 17 17 17 16 15 16 16 15 15 15 15 15 15 15 15 14 13 13 13 13 13
34 34 32 32 31 32 32 31 31 31 31 30 29 29 29 29 28 27 27 27 27 27 27 26 26 26 26 26 26 26 26 26 24 24 24 23 22 22 22 22 22 22 22 22 22 22 22 21 20 19 19 19 19 18 18 18 18 18 18 18 18 18 18 18 18 18 18 18 17 17 17 16 15 15 15 15 15 15 15 14 14 13 13 14 14
36 36 34 32 32 32 32 32 32 32 32 31 31 31 31 29 29 29 29 27 27 27 27 27 27 26 26 26 26 26 26 26 26 24 24 24 23 24 24 22 22 22 22 22 22 22 22 22 22 21 21 20 19 18 19 19 18 18 19 19 18 18 18 18 18 18 18 18 18 18 17 17 17 16 16 16 15 15 15 15 15 15 15 15 15
36 35 35 34 34 34 33 33 32 33 33 33 32 32 32 31 30 30 30 29 29 28 28 28 28 28 27 27 27 26 26 26 26 26 25 24 25 24 24 24 22 22 22 22 22 22 24 24 22 22 21 21 21 20 20 20 19 19 20 19 19 18 18 18 18 19 19 19 19 18 17 17 17 17 17 17 17 16 15 15 15 15 15 15 15
36 36 36 35 35 35 35 35 35 34 34 33 33 33 33 31 31 31 30 30 30 30 30 28 28 28 29 28 28 28 27 26 26 26 26 25 25 25 25 24 24 24 23 23 23 24 25 25 22 22 22 22 21 21 21 20 20 20 20 20 20 20 20 20 19 20 20 20 20 19 19 19 19 17 19 19 18 17 15 16 16 16 16 15 16
37 37 36 36 36 36 36 35 35 35 35 35 35 35 34 33 33 32 31 31 30 30 30 30 30 30 30 29 29 28 28 27 27 27 26 26 25 25 25 25 25 25 25 25 25 25 25 25 25 22 22 22 22 22 21 21 21 21 22 20 20 20 20 20 20 20 20 20 20 20 20 20 19 19 19 19 18 17 17 17 17 16 16 16 16
39 38 37 36 36 36 36 36 36 36 35 36 35 35 34 34 34 33 32 32 32 32 32 32 30 30 30 30 30 29 29 29 29 27 27 27 27 27 26 25 25 25 25 25 25 25 25 25 25 24 22 22 22 22 22 22 22 22 22 21 20 21 21 21 20 20 21 21 21 21 21 21 20 20 20 20 18 17 17 17 17 17 17 17 17
40 39 39 39 39 38 37 37 37 36 35 37 35 35 35 35 34 34 34 33 33 33 33 33 33 32 31 31 31 30 29 29 29 28 28 28 28 27 27 27 27 26 26 26 25 27 25 25 25 25 25 25 24 23 23 23 23 23 23 23 23 23 23 23 21 21 21 21 21 22 21 21 21 21 20 20 20 18 17 17 17 18 18 18 18
40 40 40 40 40 40 39 39 38 37 37 38 38 36 36 36 34 34 34 34 34 34 34 33 33 33 33 32 31 31 30 29 29 29 29 28 28 28 28 28 28 27 27 27 27 27 27 27 27 25 25 25 25 25 25 24 23 23 23 23 23 24 23 24 23 22 22 22 22 22 21 21 21 21 21 20 21 19 18 18 18 18 18 18 18
42 42 41 40 40 40 39 39 39 39 38 38 39 38 38 37 36 36 37 36 36 35 34 34 34 33 33 33 32 32 32 31 30 30 30 30 30 29 29 28 28 28 28 28 28 28 28 28 28 28 25 25 26 25 26 25 25 24 24 23 24 24 24 24 24 24 24 24 24 23 22 22 22 21 21 20 20 20 19 19 19 20 21 18 18
44 43 43 43 42 41 40 40 39 39 39 39 39 39 38 38 38 38 37 37 37 36 36 36 36 35 33 33 33 32 32 32 32 32 32 31 30 30 30 29 28 28 28 28 28 28 28 28 28 28 28 28 26 26 27 27 26 26 26 25 25 25 25 25 25 25 25 25 25 25 24 23 23 22 22 21 21 21 20 20 21 21 21 20 20
44 44 44 43 43 43 43 42 42 42 42 41 39 41 40 38 38 38 38 37 37 37 36 36 36 36 35 34 34 34 34 34 33 33 32 32 31 31 30 30 29 29 29 28 28 28 28 28 28 28 28 28 28 27 27 27 27 27 27 27 27 26 26 26 25 25 25 26 26 25 25 25 23 23 22 22 22 22 21 21 21 21 21 21 21
46 46 46 44 44 43 43 43 43 43 43 42 42 42 41 41 41 40 39 38 40 38 37 37 36 36 36 36 35 35 35 35 35 33 33 33 33 31 31 31 30 29 29 29 29 28 28 28 28 28 28 28 28 28 28 29 28 28 28 28 28 28 28 27 27 27 27 27 26 26 26 25 25 24 23 23 23 23 22 21 21 21 21 21 21
47 47 48 46 45 45 45 45 44 43 43 43 42 42 42 41 41 41 41 40 40 40 40 39 39 39 39 38 36 37 37 35 35 34 34 33 33 33 32 31 31 31 29 29 29 29 29 29 28 28 28 28 28 29 29 30 30 28 28 29 29 29 29 29 28 27 28 27 27 27 27 26 26 24 24 24 25 23 23 22 23 22 23 22 22
49 49 48 47 47 47 47 47 46 46 46 45 45 45 44 44 44 44 43 41 41 41 41 43 40 40 40 39 39 38 38 38 36 35 35 34 34 34 33 32 32 32 31 31 31 30 30 30 29 29 30 29 29 29 29 30 30 30 30 31 30 30 30 30 30 30 29 28 28 27 27 27 27 27 25 25 25 24 24 23 23 23 23 23 23
50 50 50 49 49 49 49 49 48 48 48 46 46 46 45 45 45 45 44 43 43 43 43 44 43 42 42 40 39 38 38 38 38 37 36 36 34 34 34 34 32 32 32 32 32 31 30 30 30 30 30 30 29 29 30 30 31 31 31 32 32 31 31 32 31 30 30 29 29 29 29 28 28 27 27 27 25 25 24 24 23 23 23 24 23
53 52 50 50 50 49 50 50 50 50 49 48 47 48 47 47 48 47 44 44 44 43 44 45 43 43 42 42 41 40 38 38 38 38 37 37 37 35 34 35 34 34 32 32 32 32 31 30 30 30 31 31 31 31 31 31 31 31 32 33 33 33 33 32 32 32 32 30 30 29 30 29 29 29 28 28 27 25 25 25 25 25 24 24 24
54 54 53 53 53 52 52 52 52 50 50 49 49 49 48 48 48 48 46 45 46 46 46 44 44 45 43 42 42 41 41 41 40 39 37 37 37 37 36 35 35 35 35 33 32 32 32 32 31 31 31 32 32 32 32 32 31 33 33 33 33 33 35 35 35 32 32 32 32 32 32 30 30 29 29 29 28 28 28 25 25 25 25 25 25
56 56 56 55 54 53 53 53 52 52 52 51 51 50 49 48 50 49 47 47 47 46 46 46 45 45 44 44 43 42 42 41 41 40 40 40 40 40 37 36 36 35 35 35 34 33 32 32 32 33 33 32 32 32 32 34 34 34 34 35 35 35 35 35 35 35 34 34 34 32 32 32 32 31 30 29 29 29 28 27 27 27 26 25 25
58 58 58 57 57 56 55 54 54 53 53 51 52 52 52 51 51 50 49 48 48 48 48 47 47 46 46 45 46 44 43 42 42 42 42 42 42 40 39 38 38 36 35 35 34 34 34 33 33 33 33 33 32 34 34 34 35 36 36 36 37 37 37 37 37 37 37 35 34 34 34 34 33 31 31 30 30 30 29 28 27 28 28 26 26
60 60 59 59 57 57 56 55 55 55 55 53 54 54 53 53 53 51 50 50 50 51 49 49 47 47 47 46 46 46 45 43 43 43 43 43 41 40 40 39 39 37 37 36 35 34 34 34 33 33 33 35 35 35 36 35 36 36 37 38 38 39 40 39 39 38 38 37 37 37 35 34 34 34 33 31 31 31 30 30 28 28 29 28 27
61 63 61 59 60 60 59 59 56 57 55 56 56 55 55 55 55 53 52 52 51 51 51 50 50 49 49 49 49 47 45 45 45 45 44 44 43 42 42 39 39 39 37 37 37 34 34 34 34 35 36 35 35 36 37 38 37 37 37 39 39 40 41 41 41 40 39 38 38 39 36 36 36 34 34 32 32 32 31 30 30 30 30 29 29
64 63 63 61 62 61 60 60 59 58 58 57 57 57 57 57 56 55 53 53 54 53 52 50 50 50 51 51 49 48 48 48 48 47 45 44 44 44 42 42 41 39 39 38 37 36 34 34 35 36 36 37 37 37 38 38 39 40 39 39 41 41 41 43 43 43 42 40 40 39 38 36 36 35 34 34 34 33 32 32 30 30 31 30 29
66 65 63 63 63 64 63 60 59 58 58 58 58 58 59 59 59 57 55 55 54 54 53 53 52 51 52 53 50 50 50 50 49 47 47 47 45 44 44 43 42 41 41 38 38 37 36 36 37 36 37 37 39 39 40 40 40 40 42 41 41 42 43 43 44 44 43 41 42 40 39 38 36 36 36 36 35 35 33 32 32 32 32 31 30
67 67 66 65 66 65 63 62 62 62 61 61 61 60 60 59 59 59 58 56 56 55 55 54 54 54 54 53 53 52 52 52 51 49 48 48 48 46 46 43 43 43 41 41 41 38 38 38 38 39 40 39 39 41 41 40 42 42 42 44 44 43 44 44 44 44 44 42 41 40 40 39 37 38 37 36 37 36 35 33 32 32 32 32 31
69 68 67 67 66 65 64 64 64 62 64 64 64 63 61 60 60 62 60 58 57 58 57 57 57 55 55 55 54 54 54 54 53 51 50 50 49 48 47 46 46 44 43 43 41 41 41 41 40 40 41 41 41 41 42 43 43 43 44 45 45 45 45 45 46 46 44 44 41 41 41 40 40 40 38 38 38 37 36 35 34 34 34 33 32
71 69 68 68 67 68 68 68 66 65 65 65 65 66 64 63 62 62 61 60 59 61 59 59 59 58 58 57 57 55 56 55 55 53 52 52 51 50 49 47 47 47 46 45 44 43 43 43 43 42 43 43 43 44 44 44 44 46 45 45 45 45 47 47 46 46 46 44 44 43 42 41 40 40 40 39 39 38 36 36 36 35 34 34 33
73 72 72 71 69 69 68 68 68 67 68 68 67 67 67 66 64 63 62 63 62 62 62 62 62 61 61 60 59 58 57 57 56 56 54 54 52 52 51 49 49 48 47 47 47 47 44 44 45 46 46 45 45 45 47 46 46 46 46 46 46 47 47 47 47 47 48 46 46 45 43 42 42 42 41 41 39 38 38 37 37 37 36 35 34
74 74 75 74 72 72 71 70 70 68 68 68 67 67 67 66 65 66 65 65 65 64 65 65 64 64 65 62 61 61 60 59 57 57 57 57 56 53 53 53 51 51 51 48 48 48 48 48 47 47 47 47 46 47 47 48 47 47 47 47 47 48 48 48 48 49 49 48 48 46 45 45 44 43 42 42 41 39 38 39 39 38 37 36 36
77 77 75 75 74 74 72 71 70 70 69 69 70 69 69 69 68 68 66 66 66 66 67 66 66 66 67 66 64 63 62 62 61 61 61 61 58 57 56 55 54 53 52 51 50 50 50 50 50 49 49 49 49 48 48 50 50 48 49 49 49 50 50 50 50 49 49 49 48 47 46 46 46 44 44 43 42 40 40 40 42 39 38 37 38
79 78 77 76 76 76 74 74 73 72 71 70 70 70 71 72 70 70 69 68 69 68 67 68 69 70 69 68 67 66 66 66 66 63 63 65 62 60 59 57 57 56 54 54 54 52 53 52 51 51 50 50 50 50 50 51 51 51 51 51 51 51 51 50 50 50 50 50 50 48 48 47 46 46 44 44 42 42 41 42 42 41 39 38 38
81 80 80 79 77 77 76 75 74 73 72 72 71 72 73 73 73 72 70 70 70 70 71 70 70 71 70 70 70 69 69 69 68 67 66 66 66 63 61 61 59 58 58 57 55 55 55 53 53 53 53 53 52 52 52 51 51 52 53 52 52 52 52 52 51 51 52 51 51 51 49 48 48 46 45 44 44 43 43 43 42 41 39 39 39
83 82 82 81 79 80 77 76 75 76 75 73 72 72 73 73 73 73 73 72 73 71 74 73 71 72 72 72 71 72 72 71 71 71 68 69 68 67 66 64 62 62 60 59 59 59 57 57 57 57 55 56 56 55 54 54 53 53 54 54 54 53 53 53 54 53 52 52 52 52 50 49 48 48 47 46 45 44 44 43 43 41 41 40 40
87 85 84 83 82 81 80 78 77 75 75 74 73 73 74 76 75 76 76 75 75 74 75 76 74 75 74 74 75 74 73 73 72 72 72 72 72 71 69 67 65 64 64 61 61 61 61 58 58 58 58 57 57 58 57 56 56 57 56 56 56 56 55 54 54 54 54 54 53 53 52 52 49 49 48 48 46 46 45 45 45 43 41 41 41
