data_and_outputs/predictor_data/000/bioclim_17.asc
NCOLS 1199 
NROWS 625 
XLLCORNER -17.966918 
YLLCORNER -10.0196949358429 
CELLSIZE 0.0416666688395203 
NODATA_value -9999 
[rows 494 to 531 of 625, columns 850 to 934 of 1199]
72 74 74 75 75 76 79 80 83 81 81 81 81 81 81 83 81 79 80 80 78 77 76 76 75 75 73 73 73 73 72 72 72 72 73 73 73 72 72 72 72 73 73 73 73 72 72 74 74 74 74 75 75 75 75 74 75 75 75 75 75 75 75 75 75 74 73 73 73 73 72 72 71 70 70 71 71 71 72 73 74 75 76 76 79
72 74 74 74 75 76 78 80 82 80 81 83 82 81 83 83 81 79 80 80 79 77 77 77 76 75 74 73 73 73 72 72 72 72 73 73 73 74 72 72 72 73 73 73 72 72 74 74 74 74 74 75 75 75 74 74 75 75 75 75 75 75 75 74 73 73 73 73 73 72 72 71 71 71 71 71 71 71 72 72 74 75 76 77 78
72 72 74 74 75 77 77 79 81 80 80 83 82 81 81 83 82 80 80 80 78 77 77 79 76 75 74 74 74 73 72 72 72 73 73 74 74 73 72 72 73 73 73 72 72 72 73 74 74 73 75 74 74 73 73 73 73 74 74 74 73 73 73 73 73 73 73 71 71 71 71 71 71 71 71 71 71 71 72 72 73 74 75 76 77
71 71 72 74 77 76 77 80 80 80 80 82 81 81 81 83 83 80 80 81 79 78 79 79 76 76 74 75 74 74 72 72 73 73 73 72 73 73 73 73 73 73 73 72 72 73 73 74 74 73 74 73 73 73 73 73 73 74 73 73 73 73 73 73 73 73 72 71 71 71 71 71 70 70 70 71 70 71 71 72 73 74 73 74 77
70 70 72 74 75 75 77 80 80 80 80 81 80 82 83 83 81 80 80 81 81 80 80 79 76 76 76 76 76 75 73 73 74 74 73 73 73 73 73 73 73 73 73 72 73 74 74 75 75 73 73 73 73 73 73 73 73 72 73 73 73 73 73 73 72 71 71 70 70 70 70 70 70 69 69 69 69 70 71 72 72 73 73 74 76
71 70 72 74 75 75 77 79 80 80 80 80 80 81 82 83 83 81 80 81 82 82 80 79 78 76 77 76 76 74 73 74 74 74 74 73 74 73 73 73 73 73 75 73 73 73 74 75 74 73 73 73 73 73 73 73 72 72 73 73 73 73 73 72 71 70 70 70 70 70 70 69 69 69 69 69 70 70 70 71 72 73 73 74 75
69 70 71 74 75 75 76 79 80 80 78 79 80 81 83 84 83 81 81 81 82 82 80 79 78 77 78 76 76 75 74 74 74 74 75 76 76 74 73 73 73 74 73 73 73 75 75 75 74 73 73 73 73 73 73 72 72 72 73 73 72 71 70 70 70 70 70 70 69 69 69 69 69 69 69 69 70 70 70 71 71 73 73 74 75
69 69 71 74 74 74 75 77 79 80 80 78 79 79 80 83 83 82 81 81 82 82 80 80 78 78 78 76 76 75 75 75 74 73 73 73 76 75 75 75 74 75 75 73 74 75 75 75 74 73 73 73 73 73 72 72 72 72 73 71 70 70 70 70 70 70 69 69 69 69 69 69 69 69 69 70 70 70 69 71 71 72 73 74 74
68 69 73 73 74 74 75 77 80 80 80 79 79 79 79 83 84 84 82 81 82 83 81 80 79 78 78 77 76 75 75 75 75 74 76 75 76 76 75 75 74 75 75 73 73 75 75 75 74 73 74 74 74 72 72 72 72 71 71 71 70 70 70 70 70 69 69 69 69 69 69 69 69 68 68 69 69 69 69 70 70 71 71 73 74
68 69 73 74 74 74 75 77 80 80 80 80 79 79 80 80 84 85 83 82 82 84 81 81 79 79 78 77 77 76 76 75 74 74 75 76 76 75 75 75 75 76 76 74 74 74 74 76 75 74 74 74 73 73 73 72 71 71 71 71 70 71 70 70 69 69 69 69 69 69 69 69 67 67 67 69 69 69 69 70 70 71 71 72 73
68 69 70 73 74 74 74 75 79 80 80 80 79 79 83 81 82 85 85 83 82 84 82 81 79 79 79 78 77 76 76 76 74 74 75 75 75 75 75 76 76 76 76 76 74 76 76 76 74 74 74 74 73 73 72 72 72 71 71 71 71 71 69 69 69 69 69 68 68 68 67 67 67 67 67 68 68 68 69 70 70 71 71 72 72
68 68 70 73 73 74 74 75 78 80 80 79 78 79 80 83 82 83 84 84 83 84 84 82 80 80 79 78 78 78 77 76 76 75 75 75 76 76 77 76 78 76 77 77 75 76 76 75 74 74 74 74 73 72 72 72 71 71 71 71 71 70 69 69 68 68 68 68 67 67 67 67 67 67 68 68 68 68 69 69 70 71 71 71 72
68 68 69 73 73 73 74 75 77 78 80 79 78 79 81 84 82 84 86 85 85 85 85 82 82 80 80 80 78 78 79 79 78 77 76 77 77 77 77 78 79 78 77 77 76 76 76 76 75 75 75 74 72 72 72 71 71 71 71 71 70 70 68 68 68 68 67 67 67 67 67 67 67 67 67 68 68 68 68 68 68 69 71 71 72
68 68 69 72 73 73 74 75 77 78 78 78 78 79 83 84 84 84 86 86 85 85 84 82 82 82 81 80 79 79 80 80 80 78 78 77 78 78 78 79 79 79 77 78 78 77 77 76 75 75 75 74 73 72 71 71 71 71 71 70 69 69 69 68 68 67 67 67 67 67 67 67 67 67 66 67 67 67 67 68 68 68 69 71 71
67 68 69 72 73 72 74 75 77 78 78 78 79 80 83 84 84 84 86 86 85 85 85 85 85 83 81 81 81 80 81 82 80 80 79 79 79 78 80 79 80 80 78 78 78 77 78 76 76 76 76 74 73 73 71 71 71 72 69 69 69 69 69 68 67 67 67 67 67 67 67 67 66 66 66 66 67 67 67 67 68 68 69 70 70
67 68 69 73 73 72 74 75 78 80 77 78 79 83 83 84 84 85 86 87 86 86 86 86 86 83 83 82 82 82 83 83 82 81 81 80 79 80 81 80 80 80 79 79 79 78 77 76 76 76 75 75 73 73 72 72 72 70 69 69 69 69 68 68 67 67 67 67 67 66 65 65 65 65 65 66 66 67 67 67 67 68 68 69 69
66 68 69 73 73 72 74 77 78 78 76 78 80 83 84 84 86 85 87 87 85 85 85 85 87 87 84 84 83 83 83 84 85 83 82 82 79 82 81 82 81 81 79 80 79 79 78 77 77 77 76 74 74 73 72 72 71 70 69 69 70 68 68 68 67 67 66 66 65 65 65 65 65 65 65 65 65 66 67 67 67 68 68 69 69
65 68 73 73 73 74 75 77 78 77 78 78 82 83 84 85 85 85 87 87 87 85 85 84 84 85 85 85 84 84 84 86 86 85 83 82 83 82 82 83 82 81 80 80 79 79 78 77 77 77 75 74 75 74 73 72 71 70 70 69 69 68 68 67 66 66 66 65 65 65 65 65 65 65 65 65 65 65 65 67 67 67 68 68 69
65 68 71 73 71 74 76 77 78 78 76 78 82 83 84 84 85 85 86 86 85 86 85 84 85 85 85 85 86 86 87 87 88 87 85 83 83 84 82 84 82 82 81 81 80 79 79 78 78 77 76 75 74 74 72 72 71 70 70 70 68 68 67 66 66 65 65 65 65 65 65 65 65 65 65 65 65 65 65 66 66 67 68 68 69
65 68 71 73 71 74 76 77 78 78 78 78 81 83 84 84 85 85 86 87 85 84 86 84 84 86 86 87 87 87 88 91 90 88 86 84 85 85 83 84 83 83 82 82 80 80 80 79 79 76 76 76 74 74 73 72 71 70 70 69 68 68 67 66 65 65 65 65 65 65 65 65 64 64 64 64 64 64 64 64 65 66 67 68 68
65 69 71 72 72 74 76 77 78 78 78 78 81 82 84 85 85 86 86 85 84 84 84 84 88 87 87 90 90 90 92 92 92 90 88 86 85 85 84 84 85 85 83 82 81 81 80 80 79 77 77 75 75 75 73 72 72 71 69 68 68 68 67 65 65 65 65 65 65 65 64 64 63 64 64 64 64 64 64 64 64 65 66 67 68
64 68 71 72 72 72 76 77 77 78 79 78 80 82 83 83 85 86 87 86 86 87 85 85 89 89 89 94 94 92 94 94 94 91 92 91 87 87 86 85 84 84 85 83 82 82 81 80 78 78 77 76 76 74 73 72 72 70 68 68 68 68 66 66 65 65 65 64 63 63 62 62 63 62 62 62 62 63 64 64 64 64 65 66 67
64 68 70 71 72 72 74 76 77 78 78 79 80 82 83 84 84 85 86 86 87 88 85 87 90 92 93 94 96 96 97 95 96 96 93 90 89 90 88 89 86 84 85 84 83 83 81 80 79 78 78 76 75 75 73 73 72 69 69 68 68 66 66 66 64 64 64 63 63 62 62 62 62 62 62 62 62 62 62 63 63 64 64 64 66
63 66 68 71 72 72 73 76 77 78 78 79 80 82 83 84 84 85 86 87 87 86 85 88 93 92 95 95 96 97 98 97 97 94 91 94 92 92 90 90 88 86 85 84 84 83 81 81 79 79 77 76 75 74 74 73 71 69 69 69 67 67 66 65 64 63 63 62 62 62 62 62 62 62 62 61 62 62 62 62 62 63 64 64 65
64 64 68 71 72 72 73 75 76 78 78 79 80 82 83 84 84 85 86 87 87 86 87 90 93 93 94 96 97 96 99 101 99 94 97 96 94 93 91 90 89 87 87 85 85 82 82 81 80 80 77 77 75 74 74 73 71 70 69 68 67 66 65 65 63 63 63 62 62 62 61 61 61 60 60 60 60 60 60 62 62 62 63 64 64
64 64 67 69 71 72 73 75 76 76 78 79 80 81 83 83 84 85 86 87 86 87 88 91 92 93 94 95 96 97 99 100 96 100 97 97 95 93 93 91 90 89 87 85 84 83 83 81 81 79 78 77 76 75 74 72 71 70 68 68 66 65 65 63 63 63 62 62 62 61 59 59 59 59 59 59 60 60 60 60 60 61 62 63 64
63 63 66 68 71 71 72 74 75 76 77 79 81 81 82 83 84 85 86 87 85 89 90 91 92 93 95 96 96 98 98 100 97 99 98 97 96 94 93 92 90 90 88 86 85 84 83 82 80 79 78 77 76 75 73 72 71 70 68 67 66 65 64 64 63 62 61 61 60 59 59 59 59 59 58 58 58 58 58 60 60 60 61 62 62
64 63 66 67 70 70 72 73 75 76 76 78 80 80 82 83 84 85 83 83 85 89 90 91 92 94 95 96 97 98 99 97 99 99 98 98 96 95 94 93 91 90 88 86 85 84 83 83 80 79 78 77 76 76 73 72 72 69 67 67 66 64 64 64 63 61 61 59 59 59 59 59 58 58 58 58 58 58 58 58 58 59 60 60 62
62 62 65 67 68 70 71 73 75 76 76 77 78 80 81 82 84 84 82 87 88 89 90 91 93 93 95 95 96 97 98 98 99 98 98 96 96 95 93 92 91 89 89 87 86 85 84 81 81 80 78 77 77 74 73 72 70 68 68 67 65 65 64 62 62 61 60 60 59 59 58 58 58 58 57 57 57 57 57 57 57 58 59 59 60
62 62 63 67 68 70 70 72 73 75 76 77 79 80 81 82 83 83 84 86 87 88 89 90 92 93 94 95 96 97 97 97 98 98 97 96 95 94 93 92 91 90 89 88 86 85 83 82 81 79 79 78 75 74 74 71 69 68 68 66 65 64 63 62 60 60 59 59 59 59 58 58 56 55 56 56 56 55 56 57 57 57 57 59 59
62 62 63 65 67 69 70 71 73 74 75 77 78 80 80 81 82 82 84 86 87 88 89 90 91 93 94 95 95 96 96 97 97 97 96 95 95 94 93 92 91 90 89 88 87 85 83 83 81 80 79 76 76 75 74 70 70 69 68 66 64 63 62 61 60 60 59 59 59 58 56 55 55 54 54 54 54 54 54 55 55 56 57 57 58
62 62 62 63 66 68 70 71 72 74 74 75 77 79 80 81 82 82 84 85 86 88 89 90 90 91 93 93 95 96 95 95 96 96 95 95 94 94 93 92 91 90 89 88 86 84 84 83 81 81 78 77 76 75 72 71 69 68 67 65 64 63 61 60 60 60 58 57 57 56 56 55 54 54 54 53 53 53 53 54 54 55 55 56 57
61 61 63 63 65 67 69 69 71 73 74 75 76 78 79 81 82 80 84 85 85 86 88 89 90 91 92 93 93 94 94 95 94 95 95 94 94 93 93 92 91 91 89 88 86 85 84 83 82 81 78 77 76 74 72 70 69 67 67 65 64 62 61 60 60 59 58 56 56 56 55 54 54 53 53 53 52 53 53 53 53 53 53 55 56
60 61 62 62 62 66 68 69 70 72 74 74 75 77 78 79 80 81 82 84 85 86 87 88 89 90 91 92 93 93 92 93 94 93 94 94 93 93 92 92 92 90 90 87 87 85 84 83 82 79 78 77 75 74 72 70 68 66 65 64 63 61 61 59 58 58 57 56 56 55 54 54 53 52 51 51 51 52 52 52 53 52 53 53 54
59 61 62 62 62 65 67 69 70 70 72 73 75 77 78 79 80 81 82 83 84 86 86 87 88 89 90 90 90 91 92 93 93 93 94 93 93 92 92 92 91 90 88 88 87 85 84 83 81 80 78 77 76 73 72 69 67 66 65 64 62 61 60 59 58 57 56 56 56 55 54 52 52 50 50 49 49 49 50 52 52 52 52 52 53
59 59 60 62 62 64 65 68 69 70 72 73 74 76 77 78 79 80 82 82 83 84 85 87 88 88 88 89 90 91 91 91 92 92 92 93 92 92 91 91 91 88 88 87 86 86 83 81 81 80 79 77 75 73 70 67 67 66 65 63 62 60 60 59 57 57 56 56 55 53 53 51 50 50 49 49 49 49 49 50 50 49 51 52 52
57 59 60 61 61 63 65 67 68 69 71 72 73 75 76 77 78 79 80 81 83 84 84 85 86 86 87 88 88 89 90 91 91 91 92 91 92 91 90 90 87 87 85 85 84 84 82 82 81 80 78 77 73 72 69 68 66 65 64 63 62 60 59 57 57 56 56 56 54 53 51 50 50 49 48 48 48 48 48 48 48 48 49 51 51
56 58 60 60 61 61 64 65 68 68 70 71 73 74 75 76 77 79 80 81 81 82 83 84 85 85 86 87 88 89 89 90 90 90 91 91 91 90 88 87 86 84 84 83 82 81 81 81 81 79 78 75 73 70 68 67 66 65 64 62 61 60 60 57 57 56 54 54 53 51 51 50 49 48 47 46 46 46 46 47 47 47 48 48 51
