data_and_outputs/predictor_data/000/bioclim_16.asc
NCOLS 1199 
NROWS 625 
XLLCORNER -17.966918 
YLLCORNER -10.0196949358429 
CELLSIZE 0.0416666688395203 
NODATA_value -9999 
[rows 304 to 341 of 625, columns 935 to 1019 of 1199]
542 543 545 547 548 548 548 548 547 547 548 546 547 548 550 555 558 560 563 565 565 570 570 575 580 579 580 584 587 588 589 592 593 594 595 591 592 598 598 597 597 595 599 597 597 601 601 599 594 597 601 599 595 593 594 593 595 596 594 595 595 595 596 595 596 595 596 595 594 593 593 595 596 595 597 599 603 600 600 600 600 600 598 599 603
540 540 541 542 544 544 543 544 545 545 544 544 542 542 545 550 555 558 560 564 566 570 570 575 580 578 582 583 584 583 588 592 591 592 592 591 595 597 598 597 596 594 596 595 597 596 595 596 593 598 597 594 594 596 597 596 598 596 596 596 596 595 596 596 595 596 596 594 594 594 593 594 594 594 595 596 596 596 596 597 596 596 596 595 599
536 538 538 540 540 539 540 540 540 540 540 540 539 541 547 552 553 556 558 563 566 570 573 576 580 579 582 582 581 583 588 590 591 589 589 589 594 596 596 598 598 597 593 594 595 593 595 596 595 594 595 596 599 601 600 600 600 597 596 597 596 595 596 597 596 596 596 594 594 595 594 594 594 594 594 595 593 594 597 595 595 595 594 595 597
534 535 536 538 539 539 538 538 539 538 539 539 541 544 549 552 553 553 561 563 566 569 572 576 579 578 582 585 583 580 586 588 591 587 587 593 594 595 598 596 596 594 599 597 600 596 598 600 599 595 602 597 599 601 600 603 601 600 598 602 598 598 599 598 597 596 597 595 595 594 595 594 592 593 593 593 593 594 594 595 595 593 593 594 593
534 533 533 535 536 537 537 537 538 537 537 537 541 544 547 550 553 555 561 563 564 570 574 573 577 578 581 583 585 586 583 584 589 586 592 596 596 598 597 594 596 596 599 599 600 597 601 599 600 596 602 600 600 602 601 602 602 602 600 604 600 601 602 601 599 598 598 597 595 595 595 595 594 592 593 593 594 593 593 593 594 594 591 592 592
532 533 532 532 531 533 533 535 535 534 534 535 540 543 549 550 551 555 559 562 567 569 572 574 579 581 577 582 586 588 589 586 583 589 594 596 596 597 597 597 598 599 602 601 598 598 602 601 600 597 598 601 603 602 601 598 603 604 603 603 602 605 601 598 602 602 601 598 597 595 595 595 594 592 593 594 594 594 592 592 591 592 591 590 590
531 531 531 531 531 530 531 532 531 532 534 536 539 545 549 551 553 555 558 563 565 571 573 572 578 581 578 583 587 588 590 589 584 589 594 595 594 595 598 595 600 599 600 599 601 601 602 601 600 601 600 600 603 600 599 596 599 602 601 602 603 603 601 598 598 599 602 600 598 596 595 595 594 593 593 593 593 593 592 591 591 592 590 590 589
531 529 531 531 530 529 529 528 529 533 535 538 543 547 550 552 554 556 559 564 569 573 575 575 578 579 578 584 588 587 589 590 584 589 592 595 592 595 596 595 598 599 600 600 602 603 602 602 602 600 602 602 600 602 599 596 596 599 600 599 603 605 603 600 596 598 600 603 600 598 596 595 595 593 593 594 594 594 592 591 592 592 590 591 589
532 528 530 530 528 528 527 528 528 532 537 542 546 548 551 554 555 558 563 564 569 571 575 575 577 580 579 584 585 585 586 585 584 587 591 592 593 594 593 592 595 598 600 602 602 601 598 601 602 597 600 601 598 601 602 599 593 597 603 596 599 600 600 598 595 598 598 599 602 599 596 595 594 593 593 594 593 593 593 590 592 591 590 589 589
538 535 534 531 529 531 533 534 534 535 538 542 545 549 552 555 557 561 564 566 569 573 575 576 577 579 580 581 581 582 583 585 589 589 589 588 590 591 592 592 594 597 600 599 600 602 598 601 602 597 600 600 599 596 597 599 593 599 600 598 595 599 600 600 596 595 596 596 601 600 596 596 595 593 593 594 592 592 592 591 592 591 591 589 589
543 539 539 539 538 536 537 539 540 542 543 544 546 549 553 556 557 561 564 568 570 574 575 576 576 577 580 581 584 586 588 588 593 594 595 594 593 597 595 597 598 594 596 595 600 599 596 599 598 597 598 597 601 600 596 595 596 593 599 600 596 593 599 603 600 596 595 596 597 599 596 596 595 593 593 594 594 593 593 592 590 590 591 590 589
549 546 544 544 542 542 543 545 546 546 547 550 552 554 556 558 563 566 568 569 571 573 575 577 580 582 583 586 589 590 590 592 592 595 597 596 593 597 599 600 600 597 600 599 596 596 595 595 595 597 594 595 597 600 600 597 592 593 594 596 596 595 603 600 601 601 595 594 600 597 594 594 594 593 593 594 594 593 593 591 592 591 591 589 588
556 553 553 550 549 547 547 552 552 551 552 554 558 559 561 563 565 569 572 574 576 579 580 582 584 585 586 587 589 590 593 593 594 594 598 598 595 596 601 601 598 598 600 601 600 600 597 597 595 594 593 593 594 600 600 601 598 597 594 592 593 597 602 596 595 595 593 593 595 595 592 592 594 595 593 594 594 592 593 592 593 591 591 591 588
562 562 559 557 554 552 554 558 558 560 559 560 561 562 565 568 569 571 574 576 579 581 582 584 586 587 589 590 591 593 594 594 597 599 599 598 599 598 600 598 598 599 603 598 598 600 601 601 598 600 598 595 593 596 597 601 601 601 595 592 591 595 597 592 592 592 591 591 591 591 593 593 595 597 597 596 595 595 594 593 593 592 591 591 591
569 568 566 561 559 558 559 561 561 562 563 566 565 567 569 570 572 574 577 577 580 582 583 586 588 588 589 591 591 594 594 596 597 597 597 596 599 599 598 599 596 599 601 600 597 599 602 602 600 599 596 594 594 592 593 596 597 600 595 592 589 590 592 590 589 589 589 590 591 593 593 595 594 594 597 598 596 597 596 595 594 593 593 591 592
574 572 572 568 564 562 563 563 564 565 567 569 569 573 575 574 576 578 581 582 584 586 587 589 590 592 592 594 595 595 595 596 598 598 598 596 597 598 597 597 596 598 600 603 600 598 602 602 600 598 597 597 597 596 594 591 593 597 594 591 590 589 589 589 589 589 589 590 591 592 593 594 596 595 594 594 595 596 596 596 594 595 593 594 593
580 580 575 571 569 568 569 570 571 572 574 574 575 577 578 578 580 582 585 587 589 592 592 593 593 596 597 597 600 598 598 598 595 598 598 599 598 598 598 597 596 596 599 600 598 598 600 602 603 598 601 601 598 595 597 593 593 590 592 590 590 589 589 589 589 590 590 591 595 594 596 596 599 597 595 594 594 594 593 593 594 594 594 595 595
584 583 578 575 575 574 572 573 575 575 577 575 576 580 583 582 585 588 589 592 592 593 594 596 597 600 600 601 601 600 600 598 596 597 597 598 601 598 597 597 596 599 600 599 595 598 599 602 599 598 601 602 600 598 596 597 593 589 589 589 589 589 589 590 591 595 593 590 594 597 599 600 601 597 596 596 595 594 594 593 593 592 594 594 595
589 586 583 580 578 577 577 578 576 577 580 578 579 584 586 589 590 593 595 595 597 597 598 598 599 601 600 600 602 601 603 599 597 596 598 599 600 600 600 597 596 599 598 598 595 598 598 600 597 596 599 598 597 600 600 593 591 589 588 588 588 587 589 591 595 598 595 593 592 591 596 599 601 599 596 598 595 598 595 596 594 596 596 595 595
594 591 589 586 584 583 581 580 581 582 580 581 583 587 588 592 593 597 599 599 599 600 601 602 603 602 602 603 602 602 604 601 599 597 599 599 600 598 600 598 595 599 599 597 597 598 599 600 597 597 597 596 595 596 597 593 589 588 589 589 590 591 589 594 595 600 599 595 596 593 591 595 600 601 597 598 598 599 595 597 595 599 598 597 596
599 597 596 593 590 588 586 584 583 583 583 584 586 589 590 593 597 601 604 606 604 605 604 605 606 604 603 604 603 603 603 601 601 598 599 599 599 600 600 599 595 598 598 596 598 597 600 597 596 597 599 597 593 593 594 591 588 588 589 590 593 594 594 589 594 599 598 596 599 597 591 593 597 597 598 599 600 599 597 597 598 596 600 598 598
605 602 599 596 596 595 593 589 587 589 589 588 590 590 594 597 600 604 607 609 610 610 609 608 608 608 607 607 606 604 604 602 601 598 600 600 600 601 602 600 599 598 597 597 597 599 596 595 597 599 596 597 597 594 589 588 588 589 590 591 594 598 595 590 592 596 599 599 596 593 592 591 593 593 593 594 595 600 601 600 599 599 600 597 597
612 608 604 604 599 600 599 596 593 592 592 592 593 594 598 602 606 609 612 614 615 615 613 612 611 610 610 608 607 606 604 602 600 599 599 600 600 600 602 600 601 600 598 597 599 598 596 599 600 596 594 593 595 592 589 589 589 590 592 595 595 595 592 590 589 591 593 596 598 597 594 593 597 595 595 598 595 594 596 597 600 599 602 600 598
616 615 610 609 606 605 603 600 598 596 597 594 597 597 600 604 610 614 618 620 620 620 618 616 615 613 613 609 608 606 605 604 600 600 599 599 599 600 602 602 601 603 601 598 598 597 597 597 598 598 595 592 591 589 589 589 589 591 594 594 597 596 594 592 590 590 592 594 596 597 598 595 594 597 594 597 598 597 595 597 599 603 599 597 596
618 617 613 611 609 607 605 604 604 600 601 599 598 599 601 607 614 621 625 627 626 625 622 620 618 616 614 612 609 607 606 604 602 600 599 598 598 601 600 602 604 603 601 598 599 600 597 598 597 595 595 591 590 589 589 589 593 594 594 594 594 597 596 595 592 592 589 589 590 593 595 598 596 597 596 596 599 598 595 599 598 602 599 600 597
619 617 615 613 610 609 610 609 607 605 603 603 601 600 602 611 619 627 633 634 632 629 626 623 620 617 615 613 610 609 607 605 602 601 598 597 598 599 600 603 604 603 602 600 599 599 599 598 598 595 591 590 591 590 588 589 595 594 591 590 592 596 595 593 594 594 594 590 593 591 590 592 596 598 597 596 599 598 598 600 597 599 601 599 598
624 619 619 618 617 616 613 614 611 608 607 606 605 606 609 616 626 633 639 638 635 631 628 625 622 618 616 614 611 609 607 605 602 600 599 596 597 599 601 605 607 608 604 602 601 601 599 597 596 593 591 591 590 591 589 589 589 591 590 592 593 592 590 590 591 593 594 594 595 595 594 592 592 592 596 596 599 600 600 601 602 601 600 599 600
627 623 620 618 619 617 617 615 615 612 611 610 611 612 618 624 631 636 638 638 636 633 631 627 624 621 617 614 612 610 608 604 601 600 597 596 595 597 601 606 610 610 606 603 601 601 599 597 596 593 593 591 591 592 592 590 590 587 588 591 588 588 589 588 590 589 590 591 592 593 595 593 594 594 594 598 599 597 597 597 601 598 599 602 603
626 624 621 619 619 617 616 616 615 614 614 615 617 619 624 627 632 637 638 638 636 633 631 627 624 621 619 616 612 610 608 604 601 600 597 595 593 594 599 607 613 610 607 605 602 601 599 596 595 593 593 591 591 591 593 590 591 589 587 586 586 586 585 585 585 589 590 592 589 592 593 593 594 595 594 594 597 599 597 594 598 596 596 599 600
629 626 624 622 620 619 617 617 617 616 616 619 620 621 625 630 634 637 638 637 636 634 631 629 626 623 620 617 615 612 609 606 603 601 598 595 593 595 600 605 610 609 606 605 602 601 598 597 595 595 593 592 591 592 594 590 593 590 588 587 585 589 589 586 587 583 584 587 586 588 589 592 594 594 591 594 594 595 594 592 598 594 596 600 598
631 627 626 624 623 621 620 619 619 620 619 622 622 625 628 632 635 637 639 639 637 636 634 631 629 625 623 620 616 613 611 608 605 603 600 598 597 597 600 603 607 607 606 604 602 600 598 598 596 595 594 594 595 592 594 592 594 590 587 589 585 586 588 589 587 585 585 585 588 585 589 590 594 593 591 590 594 590 591 592 597 592 594 597 594
632 630 627 626 626 624 623 623 622 623 623 625 626 628 631 633 635 636 638 639 637 635 634 632 629 627 624 621 618 615 612 610 607 604 603 601 600 600 601 602 604 606 605 604 601 600 599 598 595 595 593 594 594 594 592 590 590 589 587 588 584 586 585 587 589 587 584 587 589 587 587 589 590 592 590 588 590 590 587 591 589 588 590 590 595
633 631 631 630 628 627 627 626 626 626 626 627 629 630 631 634 637 637 638 638 637 636 636 634 631 629 625 623 619 616 614 612 609 607 605 603 603 603 603 603 605 604 604 603 601 601 600 598 596 595 593 593 591 591 589 589 589 587 586 587 586 586 587 586 585 587 587 586 589 587 587 590 586 588 590 590 586 588 586 587 590 594 593 593 592
635 634 632 631 630 629 628 628 628 628 629 629 630 632 633 635 636 636 637 638 639 638 635 635 633 632 627 627 623 620 617 613 611 609 607 606 604 604 605 604 604 603 603 602 600 600 599 598 595 594 593 592 590 590 588 588 587 586 587 587 587 584 586 584 585 588 586 585 589 587 584 589 588 585 587 588 587 584 587 590 594 594 598 595 593
637 636 634 633 633 631 631 630 631 631 631 631 633 634 634 636 637 638 639 640 640 639 639 637 635 633 630 625 624 622 618 617 615 611 610 608 606 605 606 606 605 603 603 602 599 599 597 596 596 594 593 591 589 589 587 585 585 584 584 584 587 583 584 582 585 585 583 586 586 588 584 586 589 587 584 587 584 586 590 587 589 593 597 597 596
638 637 636 634 634 633 634 633 632 632 633 634 634 635 636 636 637 637 636 637 636 636 634 633 631 630 628 630 627 624 623 621 617 616 611 610 610 608 607 607 605 605 603 601 601 599 597 595 594 593 592 591 588 587 586 585 584 583 583 583 583 582 581 583 586 583 583 586 585 586 584 588 589 589 584 583 585 590 592 593 591 591 592 594 598
640 639 638 637 636 635 634 635 634 634 635 635 635 638 639 637 638 639 638 639 637 638 636 633 633 634 631 628 628 625 621 624 621 617 615 612 615 612 609 606 606 605 604 603 601 601 598 596 593 592 591 590 589 587 585 585 584 584 583 583 582 582 582 585 584 582 585 584 583 582 586 588 586 586 582 584 588 589 590 596 597 595 595 598 598
641 640 639 639 637 636 637 636 635 636 635 636 636 640 640 641 639 639 640 640 638 638 638 634 631 631 632 631 629 628 626 625 622 618 618 614 616 613 611 609 608 606 605 603 602 600 598 598 594 592 590 588 588 587 587 585 584 584 583 583 582 581 580 581 581 582 582 583 583 583 585 583 583 582 585 585 585 588 590 593 595 595 596 599 595
